5000 127632
1 6 50
1 6 43
1 6 2
1 6 97
1 6 69
1 6 55
1 6 26
1 6 55
1 6 12
1 6 6
1 6 28
1 6 63
1 6 48
1 6 80
1 6 23
1 6 75
1 6 93
1 6 31
1 6 69
1 6 98
1 6 94
1 6 74
1 6 44
1 6 63
1 6 51
1 6 5
1 6 96
1 6 13
1 6 71
1 6 40
1 6 5
1 6 56
1 6 84
1 6 66
1 6 36
1 6 66
1 6 91
1 6 29
2 7 47
2 7 71
2 7 99
2 7 73
2 7 38
2 7 36
2 7 20
2 7 33
2 7 84
2 7 20
2 7 45
2 7 65
2 7 26
2 7 6
2 7 79
2 7 52
2 7 5
2 7 77
2 7 30
2 7 21
2 7 28
2 7 93
2 7 94
2 7 97
2 7 90
2 7 9
2 7 26
2 7 92
2 7 48
2 7 60
2 7 92
2 7 28
2 7 56
2 7 100
2 7 26
2 7 2
2 7 40
2 7 35
2 7 94
2 7 98
2 7 70
2 7 92
2 7 52
2 7 87
2 7 49
2 7 79
2 7 37
2 7 95
2 7 90
2 7 81
2 7 74
2 7 93
2 7 43
2 7 94
2 7 82
2 7 71
2 7 88
2 7 11
2 7 40
2 7 94
2 7 49
2 7 67
3 8 5
3 8 67
3 8 91
3 8 44
3 8 67
3 8 44
3 8 94
3 8 43
3 8 65
3 8 7
3 8 13
3 8 99
3 8 42
3 8 32
3 8 1
3 8 33
3 8 57
3 8 26
3 8 11
3 8 53
3 8 87
3 8 36
3 8 33
3 8 13
3 8 92
3 8 7
3 8 14
3 8 94
3 8 29
3 8 25
3 8 96
3 8 53
3 8 60
3 8 81
3 8 48
3 8 77
3 8 9
3 8 49
3 8 18
3 8 11
3 8 75
3 8 74
3 8 46
3 8 23
3 8 40
3 8 6
3 8 41
4 9 39
4 9 51
4 9 81
4 9 71
4 9 89
4 9 63
4 9 3
4 9 8
4 9 60
4 9 75
4 9 81
4 9 65
4 9 87
4 9 7
4 9 69
4 9 95
4 9 74
4 9 46
4 9 95
4 9 78
4 9 65
4 9 32
4 9 51
4 9 30
4 9 8
4 9 38
4 9 91
4 9 37
4 9 66
4 9 55
4 9 92
4 9 91
4 9 94
4 9 91
4 9 85
4 9 71
4 9 64
4 9 66
4 9 7
4 9 46
4 9 16
4 9 79
4 9 5
4 9 92
4 9 24
4 9 46
4 9 77
5 10 70
5 10 50
5 10 32
5 10 14
5 10 56
5 10 11
5 10 73
5 10 81
5 10 43
5 10 86
5 10 19
5 10 55
5 10 55
5 10 44
5 10 24
5 10 72
5 10 23
5 10 82
5 10 96
5 10 22
5 10 13
5 10 24
5 10 91
5 10 17
5 10 90
5 10 56
5 10 35
5 10 58
5 10 61
5 10 58
5 10 47
5 10 96
5 10 28
5 10 68
5 10 87
5 10 54
5 10 91
5 10 72
5 10 51
5 10 32
5 10 63
5 10 91
5 10 32
5 10 28
6 11 12
6 11 85
6 11 91
6 11 98
6 11 39
6 11 40
6 11 22
6 11 71
6 11 93
6 11 80
6 11 92
6 11 25
6 11 73
6 11 46
6 11 5
6 11 39
6 11 88
6 11 99
6 11 40
6 11 7
6 11 30
6 11 5
6 11 24
6 11 64
6 11 95
6 11 30
6 11 3
6 11 81
6 11 45
6 11 12
6 11 64
6 11 16
6 11 47
6 11 7
6 11 15
6 11 98
6 11 70
6 11 58
6 11 59
6 11 56
6 11 28
6 11 95
6 11 47
6 11 97
6 11 23
6 11 71
6 11 20
6 11 23
6 11 69
6 11 88
7 12 29
7 12 46
7 12 82
7 12 43
7 12 36
7 12 22
7 12 71
7 12 99
7 12 33
7 12 83
7 12 32
7 12 45
7 12 96
7 12 86
7 12 33
7 12 67
7 12 78
7 12 46
7 12 66
7 12 81
7 12 65
7 12 89
7 12 95
7 12 19
7 12 93
7 12 79
7 12 5
7 12 62
7 12 41
7 12 55
7 12 97
7 12 35
7 12 60
7 12 89
7 12 71
7 12 59
7 12 41
7 12 76
7 12 77
7 12 84
7 12 18
7 12 21
7 12 32
7 12 30
7 12 2
7 12 94
7 12 20
7 12 2
7 12 62
7 12 45
8 13 79
8 13 13
8 13 61
8 13 23
8 13 60
8 13 43
8 13 16
8 13 9
8 13 49
8 13 75
8 13 94
8 13 38
8 13 51
8 13 67
8 13 80
8 13 65
8 13 36
8 13 90
8 13 18
8 13 73
8 13 87
8 13 24
8 13 38
8 13 30
8 13 55
8 13 97
8 13 34
8 13 45
8 13 86
8 13 22
8 13 68
8 13 21
8 13 32
8 13 35
8 13 32
8 13 2
8 13 99
8 13 59
8 13 7
8 13 30
8 13 92
8 13 92
8 13 93
8 13 71
8 13 73
8 13 53
8 13 39
9 14 84
9 14 27
9 14 1
9 14 54
9 14 84
9 14 39
9 14 51
9 14 79
9 14 57
9 14 11
9 14 79
9 14 60
9 14 46
9 14 49
9 14 69
9 14 27
9 14 36
9 14 28
9 14 37
9 14 36
9 14 26
9 14 7
9 14 55
9 14 33
9 14 36
9 14 18
9 14 26
9 14 68
9 14 96
9 14 55
9 14 13
9 14 83
9 14 13
9 14 44
9 14 44
9 14 51
9 14 27
9 14 29
9 14 78
9 14 92
9 14 51
9 14 56
9 14 38
9 14 97
9 14 30
9 14 64
9 14 26
10 15 41
10 15 35
10 15 83
10 15 11
10 15 19
10 15 53
10 15 10
10 15 22
10 15 80
10 15 53
10 15 95
10 15 7
10 15 96
10 15 98
10 15 61
10 15 63
10 15 74
10 15 81
10 15 82
10 15 96
10 15 2
10 15 72
10 15 4
10 15 39
10 15 61
10 15 37
10 15 21
10 15 66
10 15 88
10 15 86
10 15 53
10 15 70
10 15 81
10 15 30
10 15 41
10 15 56
10 15 26
10 15 5
10 15 37
10 15 27
10 15 42
10 15 69
10 15 72
10 15 97
10 15 65
10 15 86
10 15 59
10 15 62
10 15 52
10 15 59
11 16 59
11 16 6
11 16 41
11 16 86
11 16 19
11 16 54
11 16 79
11 16 62
11 16 83
11 16 33
11 16 81
11 16 65
11 16 66
11 16 13
11 16 54
11 16 88
11 16 27
11 16 15
11 16 88
11 16 43
11 16 23
11 16 82
11 16 75
11 16 90
11 16 1
11 16 46
11 16 49
11 16 71
11 16 94
11 16 95
11 16 95
11 16 35
11 16 42
11 16 55
11 16 19
11 16 93
11 16 23
11 16 85
11 16 1
11 16 87
11 16 74
11 16 89
11 16 25
11 16 50
11 16 35
11 16 30
11 16 79
11 16 50
11 16 30
11 16 63
11 16 70
11 16 21
11 16 26
11 16 53
11 16 9
11 16 28
11 16 50
11 16 45
11 16 59
11 16 67
11 16 26
11 16 42
11 16 22
11 16 86
12 17 95
12 17 85
12 17 69
12 17 42
12 17 89
12 17 41
12 17 49
12 17 11
12 17 18
12 17 89
12 17 7
12 17 91
12 17 30
12 17 10
12 17 15
12 17 3
12 17 43
12 17 93
12 17 35
12 17 77
12 17 89
12 17 7
12 17 16
12 17 12
12 17 34
12 17 75
12 17 90
12 17 23
12 17 68
12 17 71
12 17 84
12 17 94
12 17 86
12 17 42
13 18 98
13 18 47
13 18 73
13 18 7
13 18 4
13 18 14
13 18 68
13 18 26
13 18 40
13 18 76
13 18 73
13 18 97
13 18 30
13 18 3
13 18 57
13 18 31
13 18 88
13 18 64
13 18 39
13 18 17
13 18 78
13 18 90
13 18 65
13 18 93
13 18 72
13 18 70
13 18 9
13 18 92
13 18 39
13 18 39
13 18 77
13 18 86
13 18 16
13 18 17
13 18 41
13 18 78
13 18 73
13 18 45
13 18 76
13 18 78
13 18 68
13 18 6
13 18 69
13 18 71
13 18 42
13 18 16
13 18 93
13 18 34
13 18 87
13 18 60
13 18 71
14 19 60
14 19 62
14 19 36
14 19 2
14 19 18
14 19 51
14 19 76
14 19 35
14 19 33
14 19 42
14 19 44
14 19 21
14 19 40
14 19 17
14 19 60
14 19 53
14 19 63
14 19 24
14 19 13
14 19 80
14 19 78
14 19 22
14 19 55
14 19 31
14 19 79
14 19 2
14 19 57
14 19 93
14 19 57
14 19 23
14 19 4
14 19 33
14 19 77
14 19 72
14 19 2
14 19 32
14 19 38
14 19 32
14 19 68
14 19 79
14 19 67
14 19 68
15 20 10
15 20 77
15 20 10
15 20 86
15 20 55
15 20 21
15 20 54
15 20 36
15 20 32
15 20 33
15 20 45
15 20 52
15 20 70
15 20 29
15 20 65
15 20 68
15 20 73
15 20 76
15 20 9
15 20 26
15 20 85
15 20 58
15 20 68
15 20 7
15 20 73
15 20 88
15 20 63
15 20 14
15 20 39
15 20 95
15 20 54
15 20 51
15 20 59
15 20 7
15 20 49
15 20 23
15 20 32
15 20 75
15 20 48
15 20 58
15 20 50
15 20 55
15 20 73
16 21 78
16 21 95
16 21 77
16 21 57
16 21 54
16 21 9
16 21 50
16 21 100
16 21 41
16 21 44
16 21 47
16 21 22
16 21 8
16 21 52
16 21 71
16 21 62
16 21 60
16 21 36
16 21 85
16 21 41
16 21 1
16 21 37
16 21 59
16 21 29
16 21 58
16 21 21
16 21 75
16 21 42
16 21 28
16 21 34
16 21 52
16 21 58
16 21 39
16 21 76
16 21 41
16 21 38
16 21 32
16 21 80
16 21 35
16 21 79
16 21 29
16 21 78
16 21 3
16 21 54
16 21 23
17 22 24
17 22 24
17 22 76
17 22 89
17 22 83
17 22 97
17 22 29
17 22 25
17 22 96
17 22 48
17 22 74
17 22 69
17 22 22
17 22 40
17 22 17
17 22 90
17 22 27
17 22 16
17 22 53
17 22 4
17 22 18
17 22 17
17 22 1
17 22 63
17 22 4
17 22 100
17 22 3
17 22 10
17 22 93
17 22 51
17 22 66
17 22 43
17 22 57
17 22 80
17 22 12
17 22 38
17 22 54
17 22 14
17 22 82
17 22 50
17 22 51
17 22 33
17 22 18
17 22 3
17 22 16
18 23 77
18 23 95
18 23 43
18 23 70
18 23 77
18 23 39
18 23 7
18 23 42
18 23 24
18 23 86
18 23 33
18 23 95
18 23 3
18 23 75
18 23 9
18 23 6
18 23 11
18 23 49
18 23 30
18 23 45
18 23 86
18 23 97
18 23 63
18 23 35
18 23 17
18 23 67
18 23 16
18 23 20
18 23 31
18 23 80
18 23 70
18 23 93
18 23 37
18 23 36
18 23 30
18 23 36
18 23 35
18 23 30
18 23 22
18 23 42
18 23 7
18 23 82
18 23 54
18 23 73
18 23 60
18 23 51
18 23 99
18 23 87
18 23 75
18 23 61
18 23 50
18 23 94
18 23 81
18 23 97
18 23 87
18 23 67
18 23 27
18 23 20
19 24 38
19 24 11
19 24 63
19 24 53
19 24 50
19 24 87
19 24 45
19 24 12
19 24 69
19 24 75
19 24 27
19 24 88
19 24 60
19 24 62
19 24 42
19 24 2
19 24 55
19 24 1
19 24 67
19 24 5
19 24 90
19 24 50
19 24 55
19 24 46
19 24 54
19 24 88
19 24 70
19 24 43
19 24 69
19 24 71
19 24 55
19 24 58
19 24 87
19 24 9
19 24 100
19 24 45
19 24 9
19 24 76
19 24 26
19 24 66
19 24 51
19 24 71
19 24 49
19 24 55
19 24 96
19 24 86
20 25 29
20 25 1
20 25 11
20 25 10
20 25 9
20 25 84
20 25 92
20 25 80
20 25 19
20 25 96
20 25 5
20 25 94
20 25 70
20 25 74
20 25 56
20 25 17
20 25 83
20 25 54
20 25 2
20 25 84
20 25 29
20 25 55
20 25 89
20 25 51
20 25 3
20 25 37
20 25 79
20 25 3
20 25 64
20 25 98
20 25 11
20 25 46
20 25 88
20 25 88
20 25 88
20 25 61
20 25 11
20 25 36
20 25 45
20 25 30
20 25 51
20 25 25
20 25 68
20 25 64
20 25 29
21 26 36
21 26 87
21 26 93
21 26 78
21 26 83
21 26 46
21 26 35
21 26 22
21 26 21
21 26 61
21 26 6
21 26 68
21 26 56
21 26 17
21 26 81
21 26 79
21 26 45
21 26 70
21 26 50
21 26 28
21 26 18
21 26 4
21 26 58
21 26 92
21 26 67
21 26 61
21 26 22
21 26 27
21 26 73
21 26 87
21 26 85
21 26 50
21 26 83
21 26 39
21 26 46
21 26 4
21 26 56
21 26 22
21 26 22
21 26 74
21 26 52
21 26 2
21 26 81
21 26 30
21 26 60
21 26 5
21 26 52
21 26 14
21 26 70
22 27 80
22 27 43
22 27 27
22 27 43
22 27 19
22 27 88
22 27 68
22 27 90
22 27 85
22 27 30
22 27 29
22 27 53
22 27 45
22 27 57
22 27 59
22 27 49
22 27 34
22 27 67
22 27 96
22 27 72
22 27 10
22 27 68
22 27 84
22 27 80
22 27 52
22 27 91
22 27 69
22 27 82
22 27 7
22 27 85
22 27 19
22 27 34
22 27 49
22 27 100
22 27 90
22 27 92
22 27 54
22 27 71
22 27 47
22 27 30
22 27 85
22 27 1
22 27 27
22 27 95
22 27 34
22 27 53
22 27 27
22 27 44
23 28 23
23 28 94
23 28 77
23 28 15
23 28 56
23 28 27
23 28 28
23 28 73
23 28 34
23 28 61
23 28 12
23 28 42
23 28 65
23 28 79
23 28 63
23 28 67
23 28 1
23 28 55
23 28 76
23 28 80
23 28 96
23 28 80
23 28 56
23 28 83
23 28 20
23 28 79
23 28 57
23 28 3
23 28 42
23 28 72
23 28 79
23 28 49
23 28 54
23 28 24
23 28 100
23 28 56
23 28 47
23 28 58
23 28 66
23 28 18
23 28 64
23 28 32
23 28 67
23 28 42
23 28 9
23 28 91
23 28 34
23 28 19
23 28 21
23 28 22
23 28 96
24 29 20
24 29 44
24 29 77
24 29 51
24 29 29
24 29 63
24 29 5
24 29 64
24 29 37
24 29 92
24 29 61
24 29 82
24 29 64
24 29 59
24 29 44
24 29 42
24 29 80
24 29 97
24 29 59
24 29 5
24 29 27
24 29 92
24 29 89
24 29 64
24 29 65
24 29 76
24 29 47
24 29 49
24 29 52
24 29 83
24 29 39
24 29 18
24 29 46
24 29 51
24 29 13
24 29 48
24 29 15
24 29 45
24 29 64
24 29 81
24 29 70
24 29 13
24 29 89
24 29 72
24 29 7
24 29 16
24 29 23
24 29 53
24 29 77
24 29 89
24 29 87
24 29 27
24 29 29
24 29 15
24 29 68
24 29 65
25 30 80
25 30 44
25 30 75
25 30 25
25 30 52
25 30 83
25 30 97
25 30 73
25 30 31
25 30 8
25 30 63
25 30 68
25 30 59
25 30 58
25 30 58
25 30 1
25 30 49
25 30 2
25 30 54
25 30 53
25 30 91
25 30 39
25 30 49
25 30 10
25 30 38
25 30 29
25 30 89
25 30 83
25 30 9
25 30 6
25 30 59
25 30 12
25 30 33
25 30 30
25 30 63
25 30 22
25 30 67
25 30 40
25 30 21
25 30 33
25 30 57
25 30 23
25 30 67
25 30 49
25 30 60
25 30 55
25 30 34
25 30 42
25 30 65
25 30 36
25 30 5
25 30 35
25 30 93
26 31 25
26 31 46
26 31 19
26 31 1
26 31 90
26 31 67
26 31 44
26 31 24
26 31 96
26 31 92
26 31 93
26 31 62
26 31 68
26 31 98
26 31 86
26 31 85
26 31 20
26 31 91
26 31 86
26 31 84
26 31 18
26 31 96
26 31 83
26 31 32
26 31 28
26 31 48
26 31 98
26 31 22
26 31 7
26 31 59
26 31 20
26 31 65
26 31 17
26 31 8
26 31 83
26 31 29
26 31 91
26 31 21
26 31 92
26 31 85
26 31 6
26 31 45
26 31 50
26 31 54
27 32 98
27 32 31
27 32 2
27 32 81
27 32 70
27 32 43
27 32 64
27 32 89
27 32 2
27 32 27
27 32 40
27 32 35
27 32 42
27 32 81
27 32 55
27 32 1
27 32 30
27 32 33
27 32 60
27 32 44
27 32 83
27 32 48
27 32 59
27 32 80
27 32 35
27 32 12
27 32 91
27 32 47
27 32 67
27 32 96
27 32 28
27 32 58
27 32 61
27 32 80
27 32 13
27 32 17
27 32 51
27 32 16
27 32 18
27 32 83
27 32 68
27 32 63
27 32 11
27 32 89
27 32 12
27 32 61
27 32 97
27 32 44
27 32 81
27 32 74
28 33 25
28 33 95
28 33 19
28 33 93
28 33 32
28 33 61
28 33 56
28 33 74
28 33 48
28 33 96
28 33 72
28 33 40
28 33 36
28 33 21
28 33 70
28 33 31
28 33 62
28 33 45
28 33 40
28 33 53
28 33 27
28 33 84
28 33 29
28 33 2
28 33 5
28 33 30
28 33 13
28 33 40
28 33 11
28 33 79
28 33 44
28 33 30
28 33 67
28 33 23
28 33 69
28 33 74
28 33 60
28 33 93
28 33 97
28 33 26
28 33 67
28 33 64
29 34 48
29 34 48
29 34 24
29 34 23
29 34 88
29 34 77
29 34 73
29 34 87
29 34 2
29 34 18
29 34 11
29 34 97
29 34 63
29 34 26
29 34 82
29 34 62
29 34 58
29 34 66
29 34 27
29 34 20
29 34 30
29 34 28
29 34 16
29 34 37
29 34 80
29 34 48
29 34 4
29 34 73
29 34 60
29 34 59
29 34 70
29 34 39
29 34 63
29 34 52
29 34 59
29 34 94
29 34 52
29 34 13
29 34 25
29 34 80
29 34 81
29 34 22
29 34 70
29 34 82
29 34 92
29 34 69
29 34 23
30 35 65
30 35 97
30 35 63
30 35 29
30 35 66
30 35 12
30 35 98
30 35 51
30 35 28
30 35 31
30 35 12
30 35 25
30 35 73
30 35 22
30 35 92
30 35 92
30 35 53
30 35 83
30 35 57
30 35 20
30 35 91
30 35 25
30 35 5
30 35 2
30 35 77
30 35 84
30 35 24
30 35 71
30 35 92
30 35 59
30 35 41
30 35 51
30 35 93
30 35 51
30 35 13
30 35 47
30 35 2
30 35 11
30 35 46
30 35 45
30 35 5
30 35 47
30 35 51
30 35 66
30 35 50
30 35 7
30 35 95
30 35 44
30 35 85
30 35 27
30 35 61
30 35 97
30 35 89
30 35 5
30 35 83
30 35 58
30 35 70
30 35 4
30 35 45
31 36 88
31 36 60
31 36 92
31 36 49
31 36 71
31 36 39
31 36 29
31 36 11
31 36 92
31 36 43
31 36 17
31 36 6
31 36 30
31 36 18
31 36 5
31 36 96
31 36 56
31 36 69
31 36 66
31 36 25
31 36 16
31 36 96
31 36 96
31 36 60
31 36 93
31 36 97
31 36 99
31 36 7
31 36 33
31 36 37
31 36 87
31 36 34
31 36 86
31 36 59
31 36 11
31 36 30
31 36 59
31 36 12
31 36 16
31 36 83
31 36 82
31 36 82
31 36 44
31 36 72
31 36 100
31 36 97
31 36 17
31 36 21
32 37 81
32 37 20
32 37 53
32 37 76
32 37 54
32 37 4
32 37 81
32 37 39
32 37 85
32 37 75
32 37 84
32 37 87
32 37 99
32 37 90
32 37 32
32 37 39
32 37 46
32 37 45
32 37 26
32 37 16
32 37 62
32 37 79
32 37 69
32 37 27
32 37 42
32 37 56
32 37 62
32 37 73
32 37 88
32 37 64
32 37 20
32 37 44
32 37 17
32 37 80
32 37 2
32 37 3
32 37 25
32 37 11
32 37 99
32 37 83
32 37 64
32 37 50
32 37 75
32 37 54
32 37 57
32 37 83
33 38 69
33 38 58
33 38 29
33 38 85
33 38 33
33 38 78
33 38 90
33 38 12
33 38 31
33 38 84
33 38 2
33 38 60
33 38 71
33 38 20
33 38 63
33 38 57
33 38 13
33 38 29
33 38 14
33 38 20
33 38 4
33 38 84
33 38 4
33 38 17
33 38 96
33 38 12
33 38 55
33 38 22
33 38 1
33 38 91
33 38 31
33 38 11
33 38 65
33 38 15
33 38 15
33 38 92
33 38 79
33 38 33
33 38 20
33 38 96
33 38 76
33 38 97
33 38 33
33 38 45
33 38 83
34 39 3
34 39 48
34 39 34
34 39 79
34 39 33
34 39 14
34 39 79
34 39 31
34 39 63
34 39 90
34 39 9
34 39 43
34 39 51
34 39 27
34 39 4
34 39 76
34 39 24
34 39 93
34 39 79
34 39 80
34 39 71
34 39 82
34 39 10
34 39 35
34 39 66
34 39 31
34 39 71
34 39 33
34 39 40
34 39 56
34 39 17
34 39 32
34 39 72
34 39 85
34 39 8
34 39 22
34 39 38
34 39 44
34 39 25
34 39 92
34 39 96
34 39 7
34 39 41
34 39 6
34 39 36
34 39 9
34 39 17
34 39 3
34 39 92
34 39 81
34 39 33
34 39 90
34 39 81
34 39 64
34 39 68
34 39 82
34 39 96
34 39 3
34 39 35
34 39 74
34 39 100
34 39 72
34 39 82
34 39 92
34 39 77
35 40 77
35 40 23
35 40 20
35 40 90
35 40 62
35 40 85
35 40 14
35 40 15
35 40 46
35 40 36
35 40 77
35 40 80
35 40 41
35 40 7
35 40 74
35 40 53
35 40 81
35 40 77
35 40 48
35 40 91
35 40 33
35 40 94
35 40 89
35 40 88
35 40 37
35 40 73
35 40 80
35 40 46
35 40 39
35 40 21
35 40 35
35 40 50
35 40 26
35 40 60
35 40 77
35 40 43
35 40 41
35 40 98
35 40 43
35 40 97
35 40 72
35 40 12
35 40 96
35 40 94
35 40 10
35 40 69
35 40 75
35 40 54
35 40 46
35 40 70
36 41 95
36 41 39
36 41 22
36 41 90
36 41 32
36 41 29
36 41 81
36 41 99
36 41 72
36 41 91
36 41 46
36 41 15
36 41 80
36 41 49
36 41 77
36 41 73
36 41 57
36 41 15
36 41 8
36 41 10
36 41 25
36 41 67
36 41 81
36 41 57
36 41 19
36 41 21
36 41 71
36 41 35
36 41 91
36 41 3
36 41 20
36 41 54
36 41 9
36 41 51
36 41 97
36 41 79
36 41 64
36 41 67
36 41 77
36 41 84
36 41 96
36 41 98
36 41 39
36 41 53
36 41 62
36 41 48
36 41 2
36 41 17
36 41 55
36 41 59
36 41 11
36 41 24
36 41 13
36 41 26
36 41 43
36 41 74
36 41 32
36 41 45
37 42 12
37 42 44
37 42 52
37 42 32
37 42 8
37 42 38
37 42 34
37 42 27
37 42 76
37 42 61
37 42 95
37 42 18
37 42 23
37 42 48
37 42 6
37 42 26
37 42 90
37 42 60
37 42 5
37 42 65
37 42 47
37 42 64
37 42 71
37 42 85
37 42 54
37 42 63
37 42 12
37 42 37
37 42 79
37 42 70
37 42 25
37 42 18
37 42 3
37 42 90
37 42 62
37 42 24
37 42 73
37 42 30
37 42 16
37 42 69
37 42 23
37 42 88
37 42 70
37 42 49
37 42 48
37 42 60
37 42 44
37 42 58
37 42 36
37 42 59
37 42 27
37 42 95
37 42 26
37 42 11
37 42 68
37 42 82
37 42 41
38 43 29
38 43 81
38 43 92
38 43 96
38 43 18
38 43 45
38 43 40
38 43 83
38 43 49
38 43 40
38 43 79
38 43 53
38 43 76
38 43 94
38 43 95
38 43 96
38 43 43
38 43 44
38 43 91
38 43 7
38 43 4
38 43 44
38 43 19
38 43 42
38 43 42
38 43 13
38 43 80
38 43 10
38 43 44
38 43 73
38 43 87
38 43 62
38 43 21
38 43 10
38 43 20
38 43 32
38 43 91
38 43 84
38 43 53
38 43 61
38 43 14
38 43 62
38 43 44
38 43 44
38 43 38
38 43 19
38 43 9
39 44 33
39 44 22
39 44 21
39 44 11
39 44 83
39 44 8
39 44 58
39 44 81
39 44 48
39 44 15
39 44 15
39 44 6
39 44 15
39 44 72
39 44 42
39 44 44
39 44 100
39 44 34
39 44 78
39 44 100
39 44 80
39 44 47
39 44 2
39 44 40
39 44 18
39 44 55
39 44 14
39 44 98
39 44 29
39 44 74
39 44 3
39 44 14
39 44 53
39 44 6
39 44 59
39 44 75
39 44 53
39 44 32
39 44 43
39 44 62
39 44 32
39 44 64
39 44 80
39 44 99
39 44 71
39 44 100
39 44 34
39 44 25
39 44 2
39 44 12
40 45 14
40 45 28
40 45 83
40 45 60
40 45 65
40 45 11
40 45 69
40 45 73
40 45 30
40 45 37
40 45 91
40 45 22
40 45 12
40 45 38
40 45 68
40 45 1
40 45 35
40 45 15
40 45 25
40 45 43
40 45 21
40 45 19
40 45 13
40 45 45
40 45 92
40 45 81
40 45 37
40 45 18
40 45 40
40 45 7
40 45 86
40 45 7
40 45 68
40 45 84
40 45 65
40 45 85
40 45 3
40 45 25
40 45 92
40 45 49
40 45 36
40 45 6
40 45 55
40 45 27
40 45 61
40 45 89
40 45 43
40 45 17
40 45 75
40 45 11
40 45 79
41 46 8
41 46 97
41 46 96
41 46 85
41 46 52
41 46 23
41 46 13
41 46 8
41 46 27
41 46 16
41 46 6
41 46 62
41 46 21
41 46 62
41 46 36
41 46 29
41 46 40
41 46 81
41 46 23
41 46 16
41 46 85
41 46 100
41 46 17
41 46 45
41 46 11
41 46 65
41 46 25
41 46 36
41 46 81
41 46 60
41 46 44
41 46 98
41 46 39
41 46 75
41 46 32
41 46 88
41 46 74
41 46 85
41 46 44
41 46 7
41 46 86
41 46 73
41 46 18
41 46 73
41 46 14
41 46 57
41 46 88
41 46 26
41 46 36
41 46 51
41 46 54
41 46 85
42 47 29
42 47 15
42 47 54
42 47 39
42 47 1
42 47 94
42 47 34
42 47 43
42 47 3
42 47 6
42 47 98
42 47 64
42 47 98
42 47 71
42 47 91
42 47 35
42 47 31
42 47 31
42 47 80
42 47 73
42 47 12
42 47 20
42 47 85
42 47 77
42 47 59
42 47 74
42 47 67
42 47 30
42 47 80
42 47 57
42 47 28
42 47 59
42 47 32
42 47 39
42 47 20
42 47 66
42 47 71
42 47 73
42 47 7
42 47 1
42 47 15
42 47 39
43 48 58
43 48 71
43 48 37
43 48 2
43 48 90
43 48 96
43 48 44
43 48 19
43 48 54
43 48 1
43 48 38
43 48 34
43 48 45
43 48 17
43 48 79
43 48 11
43 48 87
43 48 4
43 48 46
43 48 73
43 48 89
43 48 1
43 48 74
43 48 82
43 48 83
43 48 13
43 48 45
43 48 47
43 48 25
43 48 16
43 48 53
43 48 51
43 48 88
43 48 72
43 48 64
43 48 63
43 48 7
43 48 24
43 48 56
43 48 66
43 48 42
43 48 65
43 48 80
43 48 57
43 48 83
43 48 69
43 48 99
43 48 26
43 48 11
43 48 54
43 48 58
43 48 76
43 48 54
43 48 17
43 48 56
43 48 31
43 48 82
44 49 39
44 49 3
44 49 23
44 49 71
44 49 78
44 49 85
44 49 92
44 49 53
44 49 7
44 49 86
44 49 31
44 49 51
44 49 44
44 49 80
44 49 47
44 49 12
44 49 81
44 49 23
44 49 59
44 49 42
44 49 100
44 49 23
44 49 43
44 49 54
44 49 99
44 49 83
44 49 89
44 49 4
44 49 77
44 49 27
44 49 61
44 49 44
44 49 38
44 49 81
44 49 45
44 49 55
44 49 36
44 49 91
44 49 80
44 49 69
44 49 91
44 49 76
44 49 95
44 49 84
44 49 98
44 49 17
44 49 74
44 49 3
44 49 1
44 49 79
44 49 100
44 49 28
44 49 52
45 50 29
45 50 48
45 50 34
45 50 3
45 50 78
45 50 29
45 50 77
45 50 80
45 50 3
45 50 13
45 50 79
45 50 43
45 50 87
45 50 76
45 50 35
45 50 76
45 50 90
45 50 20
45 50 21
45 50 84
45 50 13
45 50 26
45 50 13
45 50 23
45 50 76
45 50 9
45 50 8
45 50 27
45 50 80
45 50 93
45 50 86
45 50 84
45 50 24
45 50 82
45 50 37
45 50 99
45 50 96
45 50 72
45 50 56
45 50 71
45 50 13
45 50 58
45 50 23
45 50 90
45 50 30
45 50 26
45 50 9
45 50 20
45 50 74
45 50 24
45 50 9
45 50 11
45 50 8
45 50 97
45 50 23
45 50 20
46 51 94
46 51 86
46 51 99
46 51 85
46 51 65
46 51 76
46 51 6
46 51 8
46 51 90
46 51 96
46 51 12
46 51 92
46 51 100
46 51 84
46 51 48
46 51 96
46 51 38
46 51 75
46 51 28
46 51 10
46 51 43
46 51 13
46 51 20
46 51 47
46 51 54
46 51 95
46 51 27
46 51 66
46 51 28
46 51 79
46 51 45
46 51 54
46 51 2
46 51 62
46 51 67
46 51 65
46 51 29
46 51 30
46 51 96
46 51 21
46 51 69
46 51 28
46 51 35
46 51 90
46 51 95
46 51 16
47 52 11
47 52 38
47 52 17
47 52 15
47 52 8
47 52 67
47 52 21
47 52 20
47 52 85
47 52 60
47 52 42
47 52 21
47 52 56
47 52 1
47 52 49
47 52 30
47 52 64
47 52 79
47 52 34
47 52 87
47 52 4
47 52 20
47 52 1
47 52 37
47 52 30
47 52 13
47 52 43
47 52 52
47 52 70
47 52 93
47 52 73
47 52 5
47 52 84
47 52 20
47 52 40
47 52 71
47 52 38
47 52 74
47 52 91
47 52 18
47 52 40
47 52 50
47 52 31
47 52 74
47 52 77
47 52 19
47 52 47
47 52 24
47 52 19
47 52 89
47 52 15
47 52 24
47 52 41
47 52 45
47 52 9
47 52 3
47 52 7
47 52 22
48 53 30
48 53 46
48 53 58
48 53 81
48 53 50
48 53 47
48 53 74
48 53 65
48 53 47
48 53 66
48 53 7
48 53 18
48 53 67
48 53 48
48 53 47
48 53 78
48 53 34
48 53 49
48 53 17
48 53 27
48 53 31
48 53 77
48 53 49
48 53 45
48 53 21
48 53 55
48 53 31
48 53 87
48 53 21
48 53 15
48 53 16
48 53 50
48 53 60
48 53 82
48 53 50
48 53 92
48 53 32
48 53 61
48 53 86
48 53 43
48 53 93
49 54 50
49 54 66
49 54 3
49 54 7
49 54 43
49 54 83
49 54 87
49 54 73
49 54 17
49 54 29
49 54 21
49 54 79
49 54 29
49 54 5
49 54 69
49 54 58
49 54 77
49 54 82
49 54 16
49 54 77
49 54 91
49 54 88
49 54 36
49 54 22
49 54 11
49 54 42
49 54 88
49 54 68
49 54 87
49 54 53
49 54 47
49 54 8
49 54 1
49 54 80
49 54 39
49 54 93
49 54 88
49 54 22
49 54 100
49 54 100
49 54 30
49 54 58
49 54 30
49 54 97
49 54 16
49 54 50
50 55 11
50 55 63
50 55 22
50 55 55
50 55 90
50 55 84
50 55 51
50 55 63
50 55 18
50 55 53
50 55 80
50 55 35
50 55 11
50 55 54
50 55 57
50 55 98
50 55 45
50 55 38
50 55 7
50 55 58
50 55 42
50 55 7
50 55 82
50 55 51
50 55 62
50 55 53
50 55 43
50 55 58
50 55 5
50 55 8
50 55 86
50 55 71
50 55 61
50 55 96
50 55 32
50 55 75
50 55 13
50 55 25
50 55 17
50 55 22
50 55 77
50 55 53
50 55 11
50 55 21
50 55 74
50 55 32
50 55 27
50 55 98
50 55 48
50 55 46
50 55 86
50 55 99
50 55 47
50 55 83
50 55 50
50 55 80
51 56 61
51 56 100
51 56 11
51 56 24
51 56 39
51 56 32
51 56 22
51 56 71
51 56 5
51 56 41
51 56 80
51 56 61
51 56 25
51 56 85
51 56 71
51 56 82
51 56 8
51 56 5
51 56 66
51 56 95
51 56 36
51 56 23
51 56 69
51 56 42
51 56 87
51 56 84
51 56 37
51 56 60
51 56 13
51 56 45
51 56 10
51 56 42
51 56 46
51 56 15
51 56 62
51 56 14
51 56 56
51 56 12
51 56 81
51 56 84
51 56 23
51 56 54
51 56 22
51 56 19
51 56 89
51 56 78
51 56 65
51 56 98
51 56 34
52 57 39
52 57 38
52 57 54
52 57 86
52 57 57
52 57 65
52 57 83
52 57 32
52 57 51
52 57 79
52 57 79
52 57 4
52 57 60
52 57 98
52 57 48
52 57 97
52 57 23
52 57 55
52 57 97
52 57 55
52 57 91
52 57 1
52 57 99
52 57 82
52 57 48
52 57 63
52 57 4
52 57 69
52 57 21
52 57 52
52 57 27
52 57 64
52 57 60
52 57 57
52 57 89
52 57 81
52 57 65
52 57 86
52 57 30
52 57 51
52 57 15
52 57 32
52 57 86
52 57 67
52 57 14
52 57 67
52 57 70
52 57 35
52 57 80
52 57 80
52 57 86
52 57 69
52 57 41
52 57 34
52 57 45
52 57 71
52 57 64
52 57 78
52 57 68
53 58 70
53 58 44
53 58 75
53 58 56
53 58 37
53 58 56
53 58 58
53 58 16
53 58 99
53 58 4
53 58 43
53 58 58
53 58 70
53 58 20
53 58 100
53 58 38
53 58 2
53 58 3
53 58 4
53 58 13
53 58 85
53 58 96
53 58 39
53 58 76
53 58 36
53 58 86
53 58 32
53 58 62
53 58 18
53 58 82
53 58 14
53 58 37
53 58 59
53 58 96
53 58 62
53 58 15
53 58 46
53 58 54
54 59 34
54 59 57
54 59 70
54 59 15
54 59 35
54 59 35
54 59 51
54 59 21
54 59 13
54 59 65
54 59 55
54 59 41
54 59 9
54 59 48
54 59 13
54 59 65
54 59 26
54 59 32
54 59 29
54 59 3
54 59 51
54 59 54
54 59 86
54 59 17
54 59 50
54 59 45
54 59 66
54 59 52
54 59 46
54 59 12
54 59 64
54 59 38
54 59 55
54 59 95
54 59 93
54 59 67
54 59 39
54 59 57
54 59 100
54 59 28
54 59 73
54 59 42
54 59 86
54 59 11
54 59 98
54 59 95
54 59 44
54 59 45
54 59 68
54 59 93
54 59 27
55 60 37
55 60 44
55 60 63
55 60 66
55 60 54
55 60 1
55 60 97
55 60 60
55 60 50
55 60 94
55 60 74
55 60 33
55 60 34
55 60 76
55 60 85
55 60 97
55 60 28
55 60 10
55 60 51
55 60 86
55 60 46
55 60 75
55 60 68
55 60 69
55 60 6
55 60 91
55 60 26
55 60 52
55 60 41
55 60 70
55 60 17
55 60 34
55 60 62
55 60 92
55 60 14
55 60 55
55 60 47
55 60 93
55 60 100
55 60 75
55 60 56
55 60 25
56 61 97
56 61 34
56 61 45
56 61 84
56 61 43
56 61 43
56 61 31
56 61 88
56 61 26
56 61 96
56 61 13
56 61 36
56 61 86
56 61 13
56 61 60
56 61 69
56 61 72
56 61 50
56 61 73
56 61 1
56 61 60
56 61 22
56 61 3
56 61 79
56 61 5
56 61 2
56 61 15
56 61 80
56 61 36
56 61 27
56 61 59
56 61 91
56 61 10
56 61 1
56 61 87
56 61 11
56 61 84
56 61 90
56 61 100
56 61 45
56 61 26
56 61 83
56 61 95
56 61 3
56 61 39
56 61 82
56 61 45
56 61 45
56 61 97
56 61 3
56 61 27
56 61 96
56 61 17
56 61 64
56 61 63
56 61 66
56 61 61
57 62 79
57 62 66
57 62 9
57 62 26
57 62 39
57 62 67
57 62 1
57 62 12
57 62 32
57 62 18
57 62 61
57 62 23
57 62 37
57 62 26
57 62 85
57 62 88
57 62 9
57 62 90
57 62 65
57 62 3
57 62 20
57 62 47
57 62 71
57 62 49
57 62 70
57 62 85
57 62 32
57 62 10
57 62 50
57 62 19
57 62 28
57 62 86
57 62 27
57 62 46
57 62 35
57 62 100
57 62 79
57 62 90
57 62 43
57 62 29
57 62 70
57 62 2
57 62 35
57 62 17
57 62 24
57 62 73
57 62 28
57 62 94
57 62 34
57 62 17
58 63 8
58 63 79
58 63 9
58 63 16
58 63 26
58 63 34
58 63 100
58 63 93
58 63 59
58 63 71
58 63 42
58 63 79
58 63 4
58 63 80
58 63 54
58 63 19
58 63 13
58 63 75
58 63 10
58 63 80
58 63 95
58 63 26
58 63 27
58 63 34
58 63 46
58 63 40
58 63 25
58 63 85
58 63 52
58 63 2
58 63 83
58 63 53
58 63 100
58 63 37
58 63 57
58 63 12
58 63 99
58 63 34
58 63 74
58 63 91
58 63 15
58 63 45
58 63 86
58 63 48
58 63 99
58 63 2
58 63 64
58 63 43
58 63 66
58 63 7
58 63 58
58 63 24
59 64 68
59 64 15
59 64 66
59 64 44
59 64 81
59 64 56
59 64 41
59 64 8
59 64 26
59 64 93
59 64 80
59 64 74
59 64 3
59 64 4
59 64 3
59 64 14
59 64 68
59 64 73
59 64 94
59 64 55
59 64 13
59 64 79
59 64 88
59 64 81
59 64 2
59 64 86
59 64 96
59 64 18
59 64 95
59 64 89
59 64 31
59 64 85
59 64 62
59 64 19
59 64 28
59 64 93
59 64 96
59 64 8
59 64 88
59 64 27
59 64 80
59 64 47
59 64 19
59 64 97
59 64 41
59 64 68
59 64 65
59 64 18
60 65 73
60 65 52
60 65 87
60 65 55
60 65 6
60 65 22
60 65 88
60 65 12
60 65 94
60 65 71
60 65 29
60 65 82
60 65 65
60 65 91
60 65 38
60 65 54
60 65 24
60 65 76
60 65 3
60 65 87
60 65 32
60 65 25
60 65 19
60 65 54
60 65 31
60 65 3
60 65 67
60 65 25
60 65 89
60 65 59
60 65 43
60 65 73
60 65 30
60 65 1
60 65 26
60 65 40
60 65 94
60 65 59
60 65 74
60 65 5
60 65 62
60 65 10
60 65 100
60 65 55
60 65 77
61 66 50
61 66 86
61 66 92
61 66 1
61 66 49
61 66 49
61 66 23
61 66 59
61 66 49
61 66 3
61 66 64
61 66 19
61 66 55
61 66 79
61 66 89
61 66 5
61 66 34
61 66 73
61 66 36
61 66 98
61 66 41
61 66 26
61 66 9
61 66 40
61 66 74
61 66 93
61 66 59
61 66 84
61 66 89
61 66 63
61 66 12
61 66 63
61 66 77
61 66 70
61 66 92
61 66 27
61 66 56
61 66 27
61 66 24
61 66 83
61 66 48
61 66 59
61 66 27
61 66 99
61 66 4
61 66 1
61 66 67
61 66 76
61 66 30
61 66 31
61 66 78
61 66 35
62 67 52
62 67 42
62 67 24
62 67 61
62 67 22
62 67 88
62 67 19
62 67 36
62 67 30
62 67 49
62 67 58
62 67 33
62 67 10
62 67 72
62 67 59
62 67 50
62 67 100
62 67 47
62 67 58
62 67 86
62 67 39
62 67 87
62 67 55
62 67 45
62 67 82
62 67 32
62 67 70
62 67 39
62 67 32
62 67 48
62 67 9
62 67 95
62 67 98
62 67 72
62 67 47
62 67 33
62 67 21
62 67 11
62 67 8
62 67 38
62 67 93
62 67 62
62 67 38
62 67 87
62 67 39
62 67 76
62 67 69
62 67 46
62 67 96
62 67 89
62 67 70
62 67 91
63 68 70
63 68 73
63 68 86
63 68 45
63 68 81
63 68 92
63 68 12
63 68 47
63 68 48
63 68 4
63 68 17
63 68 44
63 68 23
63 68 41
63 68 61
63 68 77
63 68 100
63 68 12
63 68 32
63 68 100
63 68 10
63 68 2
63 68 99
63 68 27
63 68 35
63 68 19
63 68 84
63 68 19
63 68 35
63 68 81
63 68 72
63 68 94
63 68 83
63 68 64
63 68 46
63 68 39
63 68 58
63 68 85
63 68 34
63 68 70
63 68 37
63 68 75
63 68 58
63 68 26
63 68 2
63 68 69
63 68 25
63 68 98
64 69 44
64 69 69
64 69 83
64 69 6
64 69 51
64 69 39
64 69 57
64 69 79
64 69 71
64 69 78
64 69 23
64 69 48
64 69 80
64 69 77
64 69 97
64 69 13
64 69 62
64 69 8
64 69 16
64 69 46
64 69 49
64 69 36
64 69 18
64 69 85
64 69 38
64 69 13
64 69 20
64 69 69
64 69 95
64 69 1
64 69 34
64 69 38
64 69 33
64 69 22
64 69 33
64 69 60
64 69 91
64 69 48
64 69 33
64 69 47
64 69 82
64 69 79
64 69 86
64 69 57
64 69 52
64 69 82
64 69 31
64 69 39
64 69 89
64 69 91
64 69 21
64 69 24
64 69 51
64 69 33
64 69 58
64 69 7
64 69 21
64 69 14
64 69 58
64 69 78
64 69 9
65 70 2
65 70 21
65 70 59
65 70 10
65 70 12
65 70 3
65 70 17
65 70 1
65 70 90
65 70 88
65 70 49
65 70 71
65 70 81
65 70 58
65 70 31
65 70 60
65 70 19
65 70 62
65 70 90
65 70 73
65 70 15
65 70 18
65 70 3
65 70 6
65 70 45
65 70 19
65 70 83
65 70 43
65 70 67
65 70 36
65 70 22
65 70 33
65 70 39
65 70 95
65 70 22
65 70 40
65 70 18
65 70 76
65 70 92
65 70 81
65 70 63
65 70 87
65 70 96
65 70 4
65 70 2
65 70 64
65 70 75
65 70 87
65 70 54
65 70 35
66 71 26
66 71 63
66 71 9
66 71 82
66 71 8
66 71 17
66 71 11
66 71 83
66 71 17
66 71 90
66 71 2
66 71 39
66 71 62
66 71 96
66 71 25
66 71 39
66 71 42
66 71 80
66 71 24
66 71 48
66 71 93
66 71 71
66 71 59
66 71 94
66 71 20
66 71 57
66 71 43
66 71 34
66 71 58
66 71 56
66 71 40
66 71 30
66 71 55
66 71 57
66 71 65
66 71 56
66 71 70
66 71 82
66 71 15
66 71 14
66 71 20
66 71 4
66 71 84
66 71 37
66 71 61
66 71 62
66 71 9
66 71 17
66 71 94
66 71 44
66 71 68
66 71 78
67 72 6
67 72 54
67 72 59
67 72 96
67 72 34
67 72 28
67 72 61
67 72 29
67 72 8
67 72 99
67 72 30
67 72 35
67 72 23
67 72 27
67 72 70
67 72 22
67 72 80
67 72 66
67 72 51
67 72 1
67 72 49
67 72 52
67 72 56
67 72 67
67 72 53
67 72 43
67 72 8
67 72 50
67 72 37
67 72 43
67 72 80
67 72 82
67 72 28
67 72 29
67 72 98
67 72 91
67 72 89
67 72 83
67 72 28
67 72 53
67 72 28
67 72 91
67 72 46
67 72 67
67 72 85
67 72 57
67 72 48
67 72 35
67 72 82
67 72 64
67 72 47
68 73 67
68 73 3
68 73 12
68 73 100
68 73 48
68 73 15
68 73 22
68 73 77
68 73 32
68 73 35
68 73 51
68 73 86
68 73 44
68 73 15
68 73 83
68 73 17
68 73 74
68 73 76
68 73 28
68 73 27
68 73 92
68 73 44
68 73 32
68 73 10
68 73 10
68 73 4
68 73 79
68 73 41
68 73 92
68 73 82
68 73 49
68 73 82
68 73 1
68 73 37
68 73 80
68 73 28
68 73 41
68 73 21
68 73 59
68 73 73
68 73 18
68 73 73
68 73 83
68 73 10
68 73 51
68 73 59
68 73 48
68 73 62
68 73 5
68 73 68
68 73 73
68 73 23
68 73 73
68 73 56
68 73 21
68 73 6
68 73 60
68 73 98
69 74 44
69 74 8
69 74 6
69 74 5
69 74 36
69 74 83
69 74 30
69 74 53
69 74 9
69 74 41
69 74 38
69 74 100
69 74 3
69 74 11
69 74 11
69 74 78
69 74 45
69 74 23
69 74 16
69 74 47
69 74 7
69 74 18
69 74 33
69 74 22
69 74 58
69 74 76
69 74 36
69 74 56
69 74 16
69 74 51
69 74 42
69 74 61
70 75 57
70 75 74
70 75 82
70 75 1
70 75 5
70 75 100
70 75 23
70 75 37
70 75 10
70 75 23
70 75 69
70 75 32
70 75 41
70 75 42
70 75 86
70 75 40
70 75 64
70 75 12
70 75 25
70 75 34
70 75 31
70 75 35
70 75 33
70 75 24
70 75 68
70 75 96
70 75 61
70 75 84
70 75 8
70 75 66
70 75 8
70 75 100
70 75 11
70 75 17
70 75 50
70 75 31
70 75 44
70 75 61
70 75 69
70 75 59
70 75 70
70 75 3
70 75 29
70 75 41
70 75 65
70 75 44
70 75 45
70 75 17
71 76 86
71 76 7
71 76 85
71 76 10
71 76 57
71 76 25
71 76 35
71 76 65
71 76 91
71 76 23
71 76 82
71 76 37
71 76 69
71 76 7
71 76 32
71 76 19
71 76 1
71 76 67
71 76 71
71 76 47
71 76 77
71 76 11
71 76 64
71 76 71
71 76 67
71 76 45
71 76 86
71 76 41
71 76 47
71 76 53
71 76 64
71 76 18
71 76 75
71 76 49
71 76 80
71 76 48
71 76 64
71 76 53
71 76 76
71 76 9
71 76 79
71 76 57
71 76 100
71 76 5
71 76 46
71 76 6
71 76 50
71 76 46
72 77 72
72 77 69
72 77 54
72 77 5
72 77 21
72 77 43
72 77 45
72 77 20
72 77 29
72 77 77
72 77 67
72 77 39
72 77 14
72 77 12
72 77 80
72 77 24
72 77 34
72 77 55
72 77 44
72 77 97
72 77 47
72 77 35
72 77 56
72 77 12
72 77 56
72 77 1
72 77 33
72 77 35
72 77 55
72 77 61
72 77 23
72 77 65
72 77 12
72 77 99
72 77 22
72 77 6
72 77 39
72 77 80
72 77 78
72 77 75
72 77 76
72 77 99
72 77 61
73 78 54
73 78 89
73 78 67
73 78 32
73 78 28
73 78 26
73 78 23
73 78 89
73 78 20
73 78 3
73 78 2
73 78 61
73 78 39
73 78 43
73 78 97
73 78 87
73 78 88
73 78 67
73 78 37
73 78 4
73 78 13
73 78 4
73 78 80
73 78 48
73 78 41
73 78 70
73 78 24
73 78 72
73 78 65
73 78 83
73 78 96
73 78 58
73 78 50
73 78 14
73 78 6
73 78 13
73 78 85
73 78 58
73 78 88
73 78 74
73 78 48
73 78 44
73 78 32
73 78 80
73 78 15
73 78 26
73 78 96
73 78 2
73 78 91
73 78 75
73 78 91
74 79 24
74 79 76
74 79 45
74 79 98
74 79 87
74 79 8
74 79 31
74 79 1
74 79 25
74 79 47
74 79 81
74 79 89
74 79 36
74 79 73
74 79 90
74 79 28
74 79 48
74 79 60
74 79 14
74 79 68
74 79 14
74 79 41
74 79 55
74 79 31
74 79 45
74 79 37
74 79 72
74 79 45
74 79 100
74 79 21
74 79 85
74 79 90
74 79 99
74 79 68
74 79 21
74 79 90
74 79 9
74 79 66
74 79 70
74 79 44
74 79 95
74 79 4
74 79 4
74 79 61
74 79 77
74 79 100
75 80 52
75 80 33
75 80 74
75 80 35
75 80 53
75 80 100
75 80 51
75 80 71
75 80 53
75 80 88
75 80 62
75 80 72
75 80 27
75 80 25
75 80 79
75 80 28
75 80 87
75 80 64
75 80 60
75 80 12
75 80 81
75 80 58
75 80 54
75 80 48
75 80 97
75 80 96
75 80 66
75 80 41
75 80 16
75 80 55
75 80 1
75 80 78
75 80 78
75 80 39
75 80 14
75 80 96
75 80 30
75 80 94
75 80 64
75 80 3
75 80 51
75 80 96
75 80 70
75 80 16
75 80 50
75 80 36
75 80 33
75 80 44
75 80 40
75 80 13
75 80 81
75 80 83
75 80 37
75 80 65
75 80 59
76 81 58
76 81 45
76 81 88
76 81 14
76 81 80
76 81 46
76 81 61
76 81 99
76 81 88
76 81 41
76 81 98
76 81 77
76 81 29
76 81 90
76 81 74
76 81 2
76 81 21
76 81 100
76 81 63
76 81 43
76 81 55
76 81 72
76 81 81
76 81 56
76 81 60
76 81 74
76 81 26
76 81 68
76 81 76
76 81 10
76 81 22
76 81 54
76 81 38
76 81 41
76 81 40
76 81 78
76 81 79
76 81 40
76 81 4
76 81 5
76 81 57
76 81 98
76 81 23
76 81 87
76 81 4
76 81 62
76 81 24
76 81 58
76 81 36
76 81 26
76 81 34
76 81 52
76 81 26
76 81 98
76 81 19
76 81 84
76 81 57
76 81 95
76 81 64
76 81 77
77 82 69
77 82 49
77 82 63
77 82 7
77 82 61
77 82 37
77 82 95
77 82 90
77 82 51
77 82 49
77 82 27
77 82 58
77 82 49
77 82 81
77 82 26
77 82 91
77 82 59
77 82 32
77 82 88
77 82 25
77 82 91
77 82 30
77 82 93
77 82 17
77 82 76
77 82 69
77 82 57
77 82 39
77 82 19
77 82 99
77 82 15
77 82 95
77 82 67
77 82 74
77 82 34
77 82 91
77 82 21
77 82 27
77 82 51
77 82 90
77 82 3
77 82 48
77 82 47
77 82 34
77 82 44
77 82 27
77 82 40
77 82 37
77 82 55
77 82 16
77 82 29
77 82 68
77 82 11
77 82 93
77 82 75
77 82 69
78 83 60
78 83 17
78 83 22
78 83 60
78 83 62
78 83 46
78 83 37
78 83 99
78 83 18
78 83 38
78 83 51
78 83 23
78 83 92
78 83 47
78 83 16
78 83 21
78 83 84
78 83 37
78 83 55
78 83 91
78 83 74
78 83 11
78 83 8
78 83 94
78 83 8
78 83 40
78 83 95
78 83 93
78 83 9
78 83 30
78 83 80
78 83 20
78 83 27
78 83 20
78 83 19
78 83 87
78 83 79
78 83 3
78 83 24
78 83 44
78 83 55
78 83 37
78 83 38
78 83 41
78 83 37
78 83 72
78 83 72
78 83 56
78 83 20
78 83 85
78 83 83
78 83 52
78 83 2
78 83 5
78 83 27
78 83 59
78 83 79
78 83 24
78 83 17
79 84 53
79 84 80
79 84 93
79 84 87
79 84 22
79 84 25
79 84 28
79 84 76
79 84 19
79 84 83
79 84 26
79 84 65
79 84 95
79 84 51
79 84 17
79 84 27
79 84 5
79 84 79
79 84 38
79 84 93
79 84 9
79 84 76
79 84 41
79 84 68
79 84 2
79 84 81
79 84 37
79 84 56
79 84 46
79 84 70
79 84 53
79 84 45
79 84 76
79 84 26
79 84 51
79 84 78
79 84 30
79 84 18
79 84 19
79 84 7
80 85 99
80 85 97
80 85 54
80 85 77
80 85 40
80 85 33
80 85 67
80 85 54
80 85 62
80 85 26
80 85 91
80 85 31
80 85 3
80 85 90
80 85 85
80 85 100
80 85 11
80 85 70
80 85 47
80 85 54
80 85 4
80 85 18
80 85 34
80 85 8
80 85 74
80 85 81
80 85 29
80 85 29
80 85 46
80 85 60
80 85 69
80 85 20
80 85 71
80 85 71
80 85 24
80 85 37
80 85 92
80 85 37
80 85 52
80 85 48
81 86 83
81 86 40
81 86 51
81 86 7
81 86 35
81 86 79
81 86 5
81 86 49
81 86 77
81 86 99
81 86 42
81 86 23
81 86 49
81 86 67
81 86 60
81 86 94
81 86 13
81 86 36
81 86 30
81 86 33
81 86 18
81 86 35
81 86 50
81 86 2
81 86 87
81 86 99
81 86 73
81 86 14
81 86 92
81 86 38
81 86 87
81 86 55
81 86 44
81 86 45
81 86 21
81 86 36
81 86 92
82 87 95
82 87 61
82 87 97
82 87 48
82 87 12
82 87 24
82 87 72
82 87 47
82 87 9
82 87 35
82 87 96
82 87 86
82 87 38
82 87 86
82 87 80
82 87 18
82 87 30
82 87 95
82 87 53
82 87 36
82 87 30
82 87 6
82 87 41
82 87 71
82 87 19
82 87 31
82 87 25
82 87 52
82 87 45
82 87 69
82 87 34
82 87 31
82 87 64
82 87 40
82 87 8
82 87 98
82 87 34
82 87 100
82 87 38
82 87 38
82 87 92
82 87 81
82 87 94
82 87 43
82 87 5
82 87 28
82 87 54
82 87 12
82 87 58
82 87 72
83 88 3
83 88 60
83 88 86
83 88 36
83 88 2
83 88 43
83 88 64
83 88 100
83 88 54
83 88 95
83 88 26
83 88 82
83 88 33
83 88 92
83 88 11
83 88 77
83 88 2
83 88 66
83 88 71
83 88 37
83 88 84
83 88 15
83 88 25
83 88 69
83 88 29
83 88 2
83 88 33
83 88 58
83 88 99
83 88 86
83 88 77
83 88 2
83 88 62
83 88 59
83 88 2
83 88 13
83 88 3
83 88 51
83 88 21
83 88 17
83 88 4
83 88 53
83 88 58
83 88 26
84 89 72
84 89 32
84 89 37
84 89 8
84 89 61
84 89 85
84 89 20
84 89 21
84 89 94
84 89 23
84 89 47
84 89 26
84 89 55
84 89 42
84 89 86
84 89 67
84 89 63
84 89 55
84 89 59
84 89 15
84 89 9
84 89 23
84 89 44
84 89 85
84 89 1
84 89 32
84 89 50
84 89 49
84 89 63
84 89 61
84 89 49
84 89 28
84 89 69
84 89 83
84 89 20
84 89 73
84 89 90
84 89 4
84 89 43
84 89 73
84 89 6
84 89 39
85 90 29
85 90 55
85 90 95
85 90 19
85 90 75
85 90 1
85 90 56
85 90 86
85 90 35
85 90 26
85 90 95
85 90 36
85 90 42
85 90 80
85 90 9
85 90 89
85 90 47
85 90 77
85 90 83
85 90 89
85 90 90
85 90 25
85 90 42
85 90 58
85 90 98
85 90 97
85 90 48
85 90 96
85 90 36
85 90 78
85 90 74
85 90 81
85 90 24
85 90 81
85 90 34
85 90 26
85 90 89
85 90 49
85 90 40
85 90 97
85 90 52
85 90 31
85 90 73
85 90 11
85 90 68
85 90 42
85 90 2
85 90 3
85 90 55
85 90 9
85 90 63
85 90 17
85 90 44
85 90 9
85 90 89
85 90 43
85 90 58
85 90 17
86 91 88
86 91 40
86 91 73
86 91 27
86 91 18
86 91 62
86 91 80
86 91 11
86 91 87
86 91 11
86 91 74
86 91 50
86 91 59
86 91 18
86 91 14
86 91 39
86 91 86
86 91 79
86 91 63
86 91 52
86 91 54
86 91 10
86 91 39
86 91 72
86 91 100
86 91 38
86 91 96
86 91 27
86 91 79
86 91 89
86 91 34
86 91 41
86 91 63
86 91 82
86 91 3
86 91 49
86 91 75
86 91 61
86 91 55
86 91 8
86 91 97
86 91 93
86 91 69
86 91 79
86 91 12
86 91 21
86 91 43
86 91 43
86 91 22
86 91 56
86 91 36
86 91 36
86 91 68
86 91 64
87 92 50
87 92 27
87 92 2
87 92 71
87 92 36
87 92 91
87 92 45
87 92 17
87 92 29
87 92 71
87 92 95
87 92 17
87 92 6
87 92 80
87 92 96
87 92 54
87 92 17
87 92 42
87 92 63
87 92 26
87 92 40
87 92 56
87 92 94
87 92 27
87 92 78
87 92 56
87 92 48
87 92 75
87 92 20
87 92 27
87 92 99
87 92 7
87 92 15
87 92 12
87 92 8
87 92 5
87 92 72
87 92 90
87 92 58
87 92 61
87 92 100
87 92 3
87 92 60
87 92 88
87 92 32
87 92 89
87 92 53
87 92 2
87 92 28
87 92 35
87 92 16
88 93 41
88 93 25
88 93 73
88 93 68
88 93 87
88 93 28
88 93 16
88 93 71
88 93 7
88 93 40
88 93 34
88 93 87
88 93 4
88 93 90
88 93 10
88 93 56
88 93 39
88 93 11
88 93 88
88 93 39
88 93 59
88 93 81
88 93 70
88 93 70
88 93 98
88 93 78
88 93 100
88 93 14
88 93 63
88 93 12
88 93 20
88 93 12
88 93 98
88 93 91
88 93 52
88 93 29
88 93 89
88 93 69
88 93 78
88 93 96
88 93 92
88 93 86
88 93 18
88 93 52
88 93 35
88 93 51
88 93 71
88 93 53
88 93 15
88 93 59
89 94 83
89 94 12
89 94 36
89 94 25
89 94 16
89 94 25
89 94 39
89 94 67
89 94 39
89 94 60
89 94 97
89 94 59
89 94 27
89 94 89
89 94 93
89 94 26
89 94 7
89 94 45
89 94 4
89 94 91
89 94 99
89 94 38
89 94 14
89 94 28
89 94 96
89 94 53
89 94 83
89 94 24
89 94 60
89 94 47
89 94 49
89 94 49
89 94 29
89 94 54
89 94 65
89 94 4
89 94 10
89 94 79
89 94 48
89 94 41
89 94 61
89 94 52
89 94 75
89 94 71
89 94 90
89 94 37
89 94 7
89 94 62
89 94 12
89 94 13
89 94 11
89 94 66
89 94 64
89 94 12
89 94 5
89 94 89
89 94 44
89 94 3
89 94 18
89 94 10
89 94 49
89 94 71
89 94 22
89 94 6
89 94 88
89 94 87
90 95 14
90 95 39
90 95 2
90 95 74
90 95 57
90 95 69
90 95 95
90 95 23
90 95 30
90 95 27
90 95 100
90 95 35
90 95 59
90 95 1
90 95 74
90 95 70
90 95 28
90 95 20
90 95 59
90 95 49
90 95 100
90 95 63
90 95 96
90 95 82
90 95 65
90 95 45
90 95 68
90 95 17
90 95 38
90 95 77
90 95 88
90 95 23
90 95 61
90 95 41
90 95 57
90 95 63
90 95 43
90 95 68
90 95 30
90 95 51
90 95 46
90 95 85
90 95 96
90 95 26
90 95 60
90 95 16
90 95 72
90 95 78
90 95 28
90 95 51
91 96 4
91 96 62
91 96 46
91 96 30
91 96 75
91 96 12
91 96 32
91 96 60
91 96 36
91 96 56
91 96 73
91 96 61
91 96 60
91 96 90
91 96 29
91 96 60
91 96 38
91 96 59
91 96 53
91 96 42
91 96 33
91 96 60
91 96 56
91 96 41
91 96 45
91 96 62
91 96 28
91 96 24
91 96 86
91 96 63
91 96 81
91 96 59
91 96 81
91 96 72
91 96 67
91 96 64
91 96 41
91 96 41
91 96 24
91 96 7
91 96 58
91 96 97
91 96 75
91 96 17
91 96 79
91 96 89
91 96 86
91 96 88
91 96 50
91 96 30
92 97 21
92 97 29
92 97 7
92 97 96
92 97 66
92 97 38
92 97 60
92 97 42
92 97 40
92 97 83
92 97 85
92 97 51
92 97 65
92 97 41
92 97 97
92 97 66
92 97 25
92 97 55
92 97 25
92 97 27
92 97 84
92 97 79
92 97 40
92 97 5
92 97 21
92 97 90
92 97 34
92 97 23
92 97 28
92 97 82
92 97 5
92 97 14
92 97 26
92 97 7
92 97 39
92 97 29
92 97 90
92 97 39
92 97 70
92 97 3
92 97 11
92 97 67
92 97 100
92 97 13
92 97 1
92 97 6
92 97 44
92 97 88
92 97 9
93 98 44
93 98 72
93 98 83
93 98 29
93 98 22
93 98 78
93 98 14
93 98 77
93 98 45
93 98 66
93 98 17
93 98 35
93 98 26
93 98 57
93 98 54
93 98 61
93 98 73
93 98 84
93 98 28
93 98 2
93 98 28
93 98 47
93 98 33
93 98 93
93 98 46
93 98 39
93 98 37
93 98 35
93 98 29
93 98 17
93 98 68
93 98 100
93 98 2
93 98 57
93 98 49
93 98 51
93 98 37
93 98 8
93 98 40
93 98 69
93 98 54
93 98 77
93 98 46
93 98 87
93 98 52
93 98 33
93 98 2
93 98 11
93 98 66
93 98 50
94 99 94
94 99 28
94 99 42
94 99 31
94 99 70
94 99 84
94 99 13
94 99 21
94 99 100
94 99 17
94 99 31
94 99 95
94 99 4
94 99 6
94 99 46
94 99 75
94 99 63
94 99 55
94 99 29
94 99 6
94 99 72
94 99 32
94 99 26
94 99 87
94 99 29
94 99 85
94 99 70
94 99 85
94 99 72
94 99 97
94 99 83
94 99 68
94 99 32
94 99 59
94 99 60
94 99 16
94 99 62
94 99 43
94 99 97
94 99 97
94 99 65
94 99 12
94 99 53
94 99 9
94 99 3
94 99 54
94 99 1
94 99 21
94 99 21
94 99 83
94 99 4
94 99 21
94 99 67
94 99 87
94 99 23
94 99 68
94 99 100
94 99 34
94 99 15
94 99 13
94 99 86
95 100 62
95 100 29
95 100 33
95 100 87
95 100 5
95 100 12
95 100 18
95 100 49
95 100 53
95 100 8
95 100 100
95 100 54
95 100 49
95 100 13
95 100 54
95 100 90
95 100 74
95 100 90
95 100 20
95 100 100
95 100 16
95 100 43
95 100 7
95 100 34
95 100 81
95 100 2
95 100 59
95 100 66
95 100 2
95 100 10
95 100 87
95 100 3
95 100 10
95 100 41
95 100 78
95 100 21
95 100 55
95 100 81
95 100 91
95 100 29
95 100 29
95 100 76
95 100 85
95 100 32
95 100 90
95 100 84
95 100 87
95 100 50
95 100 9
95 100 51
95 100 91
95 100 2
95 100 94
95 100 75
95 100 46
95 100 75
95 100 6
95 100 39
95 100 31
95 100 18
95 100 84
95 100 32
96 101 2
96 101 89
96 101 62
96 101 55
96 101 74
96 101 66
96 101 42
96 101 59
96 101 26
96 101 77
96 101 14
96 101 94
96 101 97
96 101 36
96 101 49
96 101 6
96 101 24
96 101 38
96 101 87
96 101 20
96 101 11
96 101 43
96 101 29
96 101 16
96 101 38
96 101 56
96 101 77
96 101 56
96 101 51
96 101 27
96 101 57
96 101 8
96 101 90
96 101 2
96 101 51
96 101 59
96 101 35
96 101 20
96 101 30
96 101 87
96 101 49
96 101 59
96 101 73
96 101 53
96 101 29
96 101 70
96 101 85
96 101 74
96 101 98
96 101 81
96 101 53
96 101 25
96 101 16
96 101 48
96 101 60
96 101 9
96 101 24
96 101 11
96 101 58
96 101 55
96 101 16
96 101 73
96 101 69
97 102 47
97 102 17
97 102 54
97 102 2
97 102 27
97 102 10
97 102 54
97 102 10
97 102 8
97 102 10
97 102 46
97 102 82
97 102 65
97 102 58
97 102 1
97 102 80
97 102 42
97 102 41
97 102 61
97 102 92
97 102 80
97 102 91
97 102 41
97 102 22
97 102 68
97 102 92
97 102 70
97 102 26
97 102 79
97 102 34
97 102 33
97 102 53
97 102 38
97 102 19
97 102 20
97 102 26
97 102 93
97 102 27
97 102 87
97 102 58
98 103 52
98 103 23
98 103 19
98 103 46
98 103 97
98 103 93
98 103 77
98 103 63
98 103 95
98 103 40
98 103 51
98 103 50
98 103 64
98 103 95
98 103 95
98 103 15
98 103 2
98 103 60
98 103 5
98 103 77
98 103 49
98 103 33
98 103 42
98 103 81
98 103 11
98 103 52
98 103 71
98 103 1
98 103 81
98 103 4
98 103 59
98 103 41
98 103 42
98 103 58
98 103 55
98 103 8
98 103 98
98 103 1
98 103 26
98 103 7
98 103 99
98 103 67
98 103 62
98 103 54
98 103 98
98 103 48
98 103 3
98 103 56
98 103 46
98 103 51
98 103 38
98 103 19
98 103 8
98 103 78
98 103 13
98 103 6
98 103 87
99 104 11
99 104 8
99 104 79
99 104 3
99 104 22
99 104 13
99 104 2
99 104 56
99 104 83
99 104 53
99 104 88
99 104 46
99 104 96
99 104 34
99 104 66
99 104 54
99 104 100
99 104 97
99 104 70
99 104 31
99 104 90
99 104 52
99 104 21
99 104 72
99 104 86
99 104 71
99 104 29
99 104 16
99 104 37
99 104 37
99 104 86
99 104 7
99 104 38
99 104 70
99 104 42
99 104 79
99 104 32
99 104 54
99 104 53
99 104 77
99 104 21
99 104 9
99 104 43
99 104 94
99 104 7
100 105 17
100 105 35
100 105 62
100 105 6
100 105 90
100 105 61
100 105 31
100 105 11
100 105 45
100 105 56
100 105 72
100 105 47
100 105 87
100 105 7
100 105 96
100 105 34
100 105 6
100 105 90
100 105 94
100 105 61
100 105 97
100 105 97
100 105 41
100 105 10
100 105 40
100 105 19
100 105 15
100 105 43
100 105 5
100 105 56
100 105 77
100 105 46
100 105 100
100 105 8
100 105 50
100 105 68
100 105 98
100 105 29
100 105 65
100 105 31
100 105 75
100 105 65
100 105 27
100 105 9
100 105 22
100 105 80
100 105 16
100 105 48
100 105 1
100 105 69
