5000 127655
1 6 157
1 6 51
1 6 150
1 6 142
1 6 99
1 6 12
1 6 12
1 6 9
1 6 162
1 6 49
1 6 97
1 6 140
1 6 189
1 6 75
1 6 181
1 6 8
1 6 85
1 6 168
1 6 44
1 6 199
1 6 148
1 6 162
1 6 9
1 6 18
1 6 162
1 6 181
1 6 171
1 6 84
1 6 121
1 6 173
1 6 73
1 6 11
1 6 6
1 6 147
1 6 83
1 6 109
1 6 26
1 6 168
1 6 148
1 6 166
1 6 101
1 6 38
1 6 119
1 6 103
1 6 179
2 7 114
2 7 52
2 7 63
2 7 136
2 7 195
2 7 43
2 7 191
2 7 161
2 7 76
2 7 119
2 7 83
2 7 69
2 7 27
2 7 79
2 7 165
2 7 104
2 7 36
2 7 151
2 7 130
2 7 78
2 7 76
2 7 122
2 7 12
2 7 162
2 7 12
2 7 64
2 7 127
2 7 1
2 7 16
2 7 35
2 7 175
2 7 41
2 7 129
2 7 86
2 7 92
2 7 152
2 7 169
2 7 188
2 7 142
2 7 74
2 7 51
2 7 168
2 7 173
3 8 195
3 8 87
3 8 10
3 8 181
3 8 121
3 8 138
3 8 35
3 8 175
3 8 96
3 8 52
3 8 41
3 8 71
3 8 156
3 8 73
3 8 70
3 8 167
3 8 168
3 8 70
3 8 191
3 8 177
3 8 112
3 8 159
3 8 90
3 8 126
3 8 172
3 8 178
3 8 73
3 8 139
3 8 78
3 8 180
3 8 167
3 8 114
3 8 179
3 8 171
3 8 143
3 8 166
3 8 55
3 8 178
3 8 126
3 8 163
3 8 50
3 8 131
3 8 129
3 8 158
3 8 199
3 8 183
3 8 88
3 8 27
3 8 34
3 8 155
3 8 134
3 8 194
3 8 130
3 8 177
3 8 53
3 8 100
3 8 110
3 8 154
3 8 172
3 8 47
3 8 193
3 8 143
3 8 93
4 9 155
4 9 94
4 9 173
4 9 21
4 9 24
4 9 134
4 9 170
4 9 6
4 9 50
4 9 119
4 9 11
4 9 114
4 9 150
4 9 14
4 9 121
4 9 55
4 9 3
4 9 192
4 9 178
4 9 122
4 9 29
4 9 44
4 9 64
4 9 13
4 9 176
4 9 55
4 9 30
4 9 180
4 9 171
4 9 102
4 9 27
4 9 6
4 9 5
4 9 53
4 9 188
4 9 193
4 9 72
4 9 143
4 9 188
4 9 96
4 9 35
4 9 174
4 9 64
4 9 72
5 10 199
5 10 6
5 10 152
5 10 67
5 10 12
5 10 163
5 10 99
5 10 14
5 10 12
5 10 161
5 10 12
5 10 46
5 10 59
5 10 84
5 10 135
5 10 151
5 10 148
5 10 35
5 10 119
5 10 57
5 10 128
5 10 144
5 10 197
5 10 17
5 10 59
5 10 135
5 10 96
5 10 1
5 10 78
5 10 93
5 10 34
5 10 185
5 10 58
5 10 171
5 10 99
5 10 58
5 10 142
5 10 120
5 10 97
5 10 3
5 10 126
5 10 155
5 10 96
5 10 99
5 10 117
5 10 180
5 10 66
5 10 106
5 10 22
5 10 12
5 10 180
5 10 28
5 10 169
6 11 73
6 11 55
6 11 106
6 11 45
6 11 130
6 11 143
6 11 24
6 11 112
6 11 72
6 11 182
6 11 56
6 11 70
6 11 66
6 11 79
6 11 90
6 11 189
6 11 34
6 11 194
6 11 150
6 11 53
6 11 61
6 11 137
6 11 96
6 11 195
6 11 126
6 11 64
6 11 13
6 11 72
6 11 37
6 11 18
6 11 149
6 11 75
6 11 190
6 11 103
6 11 7
6 11 193
6 11 180
6 11 132
6 11 119
6 11 158
6 11 112
6 11 135
6 11 129
6 11 137
6 11 3
6 11 88
7 12 128
7 12 17
7 12 94
7 12 83
7 12 128
7 12 51
7 12 101
7 12 116
7 12 23
7 12 96
7 12 3
7 12 125
7 12 94
7 12 144
7 12 182
7 12 98
7 12 40
7 12 12
7 12 27
7 12 58
7 12 53
7 12 1
7 12 34
7 12 147
7 12 178
7 12 124
7 12 14
7 12 55
7 12 120
7 12 145
7 12 114
7 12 68
7 12 9
7 12 43
7 12 178
7 12 102
7 12 38
7 12 173
7 12 99
7 12 200
7 12 63
7 12 195
7 12 42
7 12 137
7 12 66
7 12 174
7 12 60
7 12 153
7 12 98
7 12 28
8 13 189
8 13 33
8 13 155
8 13 115
8 13 181
8 13 138
8 13 138
8 13 55
8 13 44
8 13 52
8 13 62
8 13 26
8 13 71
8 13 102
8 13 70
8 13 166
8 13 135
8 13 16
8 13 19
8 13 39
8 13 188
8 13 24
8 13 36
8 13 35
8 13 141
8 13 168
8 13 74
8 13 200
8 13 178
8 13 147
8 13 19
8 13 64
8 13 33
8 13 21
8 13 102
8 13 93
8 13 131
8 13 123
8 13 176
8 13 4
8 13 166
8 13 195
8 13 158
8 13 47
8 13 118
8 13 32
8 13 68
8 13 1
9 14 75
9 14 18
9 14 145
9 14 19
9 14 181
9 14 53
9 14 97
9 14 137
9 14 138
9 14 59
9 14 59
9 14 85
9 14 150
9 14 73
9 14 119
9 14 195
9 14 160
9 14 124
9 14 17
9 14 47
9 14 190
9 14 19
9 14 119
9 14 196
9 14 3
9 14 159
9 14 14
9 14 144
9 14 111
9 14 153
9 14 21
9 14 95
9 14 170
9 14 74
9 14 40
9 14 72
9 14 51
9 14 15
9 14 71
9 14 90
9 14 139
10 15 134
10 15 32
10 15 191
10 15 76
10 15 131
10 15 144
10 15 66
10 15 66
10 15 12
10 15 78
10 15 111
10 15 5
10 15 93
10 15 101
10 15 111
10 15 140
10 15 80
10 15 181
10 15 133
10 15 24
10 15 185
10 15 89
10 15 170
10 15 29
10 15 94
10 15 57
10 15 50
10 15 46
10 15 25
10 15 72
10 15 122
10 15 89
10 15 91
10 15 143
10 15 74
10 15 163
10 15 120
10 15 129
10 15 58
10 15 13
11 16 41
11 16 108
11 16 176
11 16 180
11 16 28
11 16 117
11 16 111
11 16 9
11 16 157
11 16 17
11 16 134
11 16 131
11 16 193
11 16 192
11 16 109
11 16 137
11 16 40
11 16 9
11 16 95
11 16 94
11 16 76
11 16 92
11 16 54
11 16 102
11 16 139
11 16 134
11 16 160
11 16 87
11 16 53
11 16 61
11 16 3
11 16 165
11 16 119
11 16 19
11 16 199
11 16 27
11 16 128
11 16 160
11 16 142
11 16 81
11 16 196
11 16 187
11 16 147
11 16 4
11 16 59
11 16 161
11 16 178
11 16 26
11 16 105
11 16 29
11 16 55
11 16 97
11 16 3
11 16 77
11 16 38
11 16 27
11 16 117
11 16 60
11 16 174
12 17 175
12 17 162
12 17 140
12 17 79
12 17 145
12 17 71
12 17 182
12 17 149
12 17 192
12 17 169
12 17 145
12 17 183
12 17 167
12 17 169
12 17 145
12 17 164
12 17 177
12 17 25
12 17 4
12 17 13
12 17 12
12 17 126
12 17 191
12 17 171
12 17 183
12 17 17
12 17 76
12 17 36
12 17 16
12 17 46
12 17 99
12 17 199
12 17 102
12 17 2
12 17 41
12 17 157
12 17 45
12 17 10
12 17 190
12 17 113
12 17 197
12 17 161
12 17 28
12 17 138
12 17 69
13 18 130
13 18 123
13 18 10
13 18 16
13 18 38
13 18 47
13 18 30
13 18 148
13 18 3
13 18 48
13 18 159
13 18 2
13 18 136
13 18 182
13 18 167
13 18 18
13 18 22
13 18 73
13 18 171
13 18 143
13 18 22
13 18 64
13 18 8
13 18 184
13 18 98
13 18 78
13 18 143
13 18 124
13 18 163
13 18 146
13 18 195
13 18 116
13 18 41
13 18 188
13 18 3
13 18 93
13 18 20
13 18 51
13 18 19
13 18 168
13 18 102
14 19 29
14 19 168
14 19 177
14 19 135
14 19 66
14 19 79
14 19 91
14 19 196
14 19 44
14 19 175
14 19 12
14 19 91
14 19 15
14 19 195
14 19 102
14 19 100
14 19 25
14 19 168
14 19 33
14 19 114
14 19 193
14 19 22
14 19 128
14 19 84
14 19 134
14 19 31
14 19 93
14 19 144
14 19 159
14 19 126
14 19 138
14 19 1
14 19 10
14 19 126
14 19 2
14 19 62
14 19 53
14 19 74
14 19 95
14 19 18
14 19 68
14 19 187
14 19 40
14 19 75
14 19 10
14 19 195
14 19 165
14 19 63
14 19 185
14 19 100
14 19 163
15 20 149
15 20 89
15 20 86
15 20 197
15 20 30
15 20 60
15 20 82
15 20 127
15 20 90
15 20 125
15 20 76
15 20 180
15 20 105
15 20 147
15 20 125
15 20 36
15 20 38
15 20 7
15 20 133
15 20 28
15 20 48
15 20 3
15 20 142
15 20 118
15 20 4
15 20 93
15 20 155
15 20 153
15 20 90
15 20 56
15 20 36
15 20 89
15 20 73
15 20 46
15 20 146
15 20 174
15 20 37
15 20 111
15 20 156
15 20 16
15 20 62
15 20 64
15 20 184
15 20 83
15 20 156
15 20 105
15 20 185
15 20 151
15 20 119
15 20 91
15 20 43
15 20 117
15 20 154
15 20 148
16 21 14
16 21 98
16 21 33
16 21 189
16 21 39
16 21 182
16 21 102
16 21 101
16 21 198
16 21 59
16 21 3
16 21 35
16 21 18
16 21 139
16 21 49
16 21 31
16 21 198
16 21 32
16 21 24
16 21 85
16 21 179
16 21 91
16 21 81
16 21 85
16 21 82
16 21 173
16 21 195
16 21 87
16 21 154
16 21 20
16 21 191
16 21 39
16 21 147
16 21 47
16 21 129
16 21 113
16 21 134
16 21 71
16 21 67
16 21 182
16 21 119
16 21 143
16 21 132
16 21 177
16 21 80
16 21 30
16 21 163
16 21 96
16 21 103
16 21 199
16 21 36
16 21 96
16 21 60
17 22 178
17 22 81
17 22 51
17 22 81
17 22 200
17 22 2
17 22 73
17 22 50
17 22 117
17 22 99
17 22 168
17 22 141
17 22 53
17 22 199
17 22 93
17 22 104
17 22 18
17 22 78
17 22 145
17 22 106
17 22 24
17 22 120
17 22 18
17 22 1
17 22 120
17 22 13
17 22 125
17 22 92
17 22 5
17 22 126
17 22 19
17 22 141
17 22 34
17 22 159
17 22 96
17 22 17
17 22 100
17 22 111
17 22 128
17 22 106
17 22 56
17 22 127
17 22 64
17 22 199
17 22 186
17 22 7
17 22 101
17 22 40
18 23 41
18 23 42
18 23 182
18 23 80
18 23 132
18 23 124
18 23 118
18 23 123
18 23 62
18 23 70
18 23 61
18 23 173
18 23 191
18 23 19
18 23 150
18 23 132
18 23 180
18 23 79
18 23 70
18 23 117
18 23 138
18 23 36
18 23 153
18 23 140
18 23 39
18 23 15
18 23 138
18 23 199
18 23 155
18 23 88
18 23 60
18 23 77
18 23 124
18 23 147
18 23 157
18 23 80
18 23 172
18 23 122
18 23 85
18 23 142
18 23 78
18 23 156
18 23 198
18 23 102
18 23 141
18 23 5
18 23 1
18 23 156
18 23 32
18 23 171
19 24 74
19 24 27
19 24 124
19 24 58
19 24 180
19 24 163
19 24 115
19 24 79
19 24 198
19 24 40
19 24 15
19 24 156
19 24 92
19 24 131
19 24 24
19 24 129
19 24 111
19 24 199
19 24 121
19 24 7
19 24 151
19 24 185
19 24 162
19 24 97
19 24 128
19 24 135
19 24 200
19 24 103
19 24 29
19 24 42
19 24 124
19 24 158
19 24 109
19 24 177
19 24 36
19 24 142
19 24 129
19 24 70
19 24 89
19 24 32
19 24 114
19 24 161
19 24 85
19 24 137
19 24 23
19 24 58
19 24 8
19 24 165
19 24 188
19 24 134
19 24 61
20 25 147
20 25 102
20 25 19
20 25 139
20 25 151
20 25 25
20 25 186
20 25 145
20 25 184
20 25 149
20 25 180
20 25 102
20 25 55
20 25 83
20 25 121
20 25 65
20 25 97
20 25 2
20 25 127
20 25 140
20 25 133
20 25 116
20 25 143
20 25 88
20 25 161
20 25 132
20 25 158
20 25 192
20 25 126
20 25 120
20 25 160
20 25 35
20 25 38
20 25 18
20 25 74
20 25 3
20 25 69
20 25 34
20 25 142
20 25 135
20 25 146
20 25 164
20 25 29
20 25 82
20 25 190
20 25 143
20 25 87
20 25 163
20 25 1
20 25 183
20 25 80
20 25 93
20 25 82
20 25 54
20 25 15
20 25 184
20 25 195
20 25 71
20 25 46
20 25 153
21 26 86
21 26 71
21 26 27
21 26 151
21 26 147
21 26 192
21 26 191
21 26 186
21 26 96
21 26 10
21 26 15
21 26 112
21 26 152
21 26 65
21 26 15
21 26 162
21 26 63
21 26 54
21 26 110
21 26 82
21 26 54
21 26 179
21 26 93
21 26 2
21 26 177
21 26 58
21 26 11
21 26 41
21 26 97
21 26 170
21 26 173
21 26 93
21 26 145
21 26 152
21 26 164
21 26 125
21 26 14
21 26 81
21 26 94
21 26 76
21 26 54
21 26 200
22 27 58
22 27 74
22 27 109
22 27 174
22 27 184
22 27 35
22 27 54
22 27 118
22 27 141
22 27 63
22 27 185
22 27 7
22 27 88
22 27 7
22 27 165
22 27 159
22 27 46
22 27 27
22 27 1
22 27 41
22 27 72
22 27 120
22 27 160
22 27 23
22 27 82
22 27 27
22 27 186
22 27 20
22 27 90
22 27 38
22 27 133
22 27 58
22 27 131
22 27 169
22 27 172
22 27 184
23 28 145
23 28 127
23 28 90
23 28 35
23 28 48
23 28 63
23 28 168
23 28 28
23 28 27
23 28 184
23 28 163
23 28 112
23 28 128
23 28 195
23 28 143
23 28 108
23 28 55
23 28 146
23 28 49
23 28 69
23 28 64
23 28 46
23 28 99
23 28 44
23 28 78
23 28 92
23 28 193
23 28 122
23 28 130
23 28 77
23 28 49
23 28 19
23 28 200
23 28 11
23 28 25
23 28 80
23 28 22
23 28 91
23 28 162
23 28 99
23 28 67
23 28 14
23 28 196
23 28 98
23 28 191
23 28 174
23 28 29
23 28 153
23 28 134
23 28 64
23 28 30
23 28 106
23 28 56
23 28 109
23 28 3
23 28 156
23 28 198
23 28 64
24 29 25
24 29 90
24 29 10
24 29 139
24 29 184
24 29 20
24 29 90
24 29 86
24 29 198
24 29 158
24 29 47
24 29 125
24 29 38
24 29 148
24 29 167
24 29 175
24 29 12
24 29 37
24 29 75
24 29 106
24 29 26
24 29 65
24 29 97
24 29 156
24 29 147
24 29 158
24 29 5
24 29 185
24 29 56
24 29 96
24 29 50
24 29 4
24 29 101
24 29 155
24 29 50
24 29 176
24 29 80
24 29 30
24 29 122
24 29 113
24 29 112
24 29 38
24 29 116
24 29 136
24 29 195
24 29 161
24 29 156
24 29 38
24 29 87
24 29 73
24 29 159
25 30 104
25 30 127
25 30 2
25 30 103
25 30 192
25 30 74
25 30 150
25 30 192
25 30 195
25 30 19
25 30 23
25 30 27
25 30 16
25 30 157
25 30 22
25 30 125
25 30 143
25 30 37
25 30 81
25 30 135
25 30 117
25 30 199
25 30 72
25 30 60
25 30 176
25 30 71
25 30 94
25 30 174
25 30 2
25 30 178
25 30 158
25 30 138
25 30 159
25 30 78
25 30 22
25 30 28
25 30 2
25 30 118
25 30 172
25 30 114
25 30 156
25 30 56
25 30 177
25 30 16
25 30 7
25 30 22
25 30 66
25 30 165
25 30 174
25 30 200
25 30 103
25 30 151
25 30 88
25 30 36
26 31 17
26 31 145
26 31 149
26 31 9
26 31 52
26 31 35
26 31 17
26 31 184
26 31 122
26 31 146
26 31 134
26 31 167
26 31 4
26 31 101
26 31 53
26 31 39
26 31 178
26 31 166
26 31 32
26 31 190
26 31 138
26 31 127
26 31 67
26 31 163
26 31 143
26 31 67
26 31 133
26 31 157
26 31 125
26 31 80
26 31 26
26 31 136
26 31 94
26 31 183
26 31 174
26 31 81
26 31 6
26 31 194
26 31 36
26 31 189
26 31 28
27 32 160
27 32 159
27 32 16
27 32 116
27 32 31
27 32 84
27 32 159
27 32 131
27 32 98
27 32 7
27 32 23
27 32 192
27 32 175
27 32 102
27 32 62
27 32 108
27 32 45
27 32 150
27 32 27
27 32 19
27 32 45
27 32 76
27 32 108
27 32 29
27 32 81
27 32 194
27 32 11
27 32 92
27 32 176
27 32 45
27 32 4
27 32 180
27 32 63
27 32 138
27 32 145
27 32 117
27 32 30
27 32 19
27 32 150
27 32 100
28 33 75
28 33 38
28 33 101
28 33 148
28 33 56
28 33 195
28 33 71
28 33 197
28 33 196
28 33 64
28 33 180
28 33 2
28 33 198
28 33 92
28 33 149
28 33 169
28 33 176
28 33 64
28 33 69
28 33 78
28 33 16
28 33 46
28 33 117
28 33 44
28 33 154
28 33 164
28 33 34
28 33 41
28 33 30
28 33 25
28 33 114
28 33 186
28 33 91
29 34 68
29 34 4
29 34 38
29 34 41
29 34 149
29 34 73
29 34 197
29 34 115
29 34 191
29 34 196
29 34 153
29 34 21
29 34 189
29 34 61
29 34 64
29 34 71
29 34 147
29 34 4
29 34 187
29 34 111
29 34 158
29 34 159
29 34 87
29 34 8
29 34 34
29 34 155
29 34 115
29 34 187
29 34 179
29 34 134
29 34 140
29 34 96
29 34 15
29 34 74
29 34 50
29 34 71
29 34 79
29 34 131
29 34 142
29 34 124
29 34 1
29 34 173
29 34 163
29 34 144
29 34 149
29 34 145
29 34 92
29 34 164
29 34 52
29 34 141
29 34 69
29 34 166
29 34 17
30 35 135
30 35 182
30 35 135
30 35 22
30 35 69
30 35 195
30 35 25
30 35 114
30 35 188
30 35 40
30 35 122
30 35 52
30 35 93
30 35 134
30 35 145
30 35 142
30 35 180
30 35 21
30 35 90
30 35 174
30 35 125
30 35 189
30 35 166
30 35 21
30 35 63
30 35 155
30 35 96
30 35 4
30 35 100
30 35 81
30 35 98
30 35 27
30 35 113
30 35 45
30 35 164
30 35 77
30 35 186
30 35 190
30 35 90
30 35 79
30 35 184
30 35 147
30 35 198
30 35 189
30 35 145
30 35 72
30 35 97
30 35 127
30 35 180
30 35 55
30 35 74
30 35 64
30 35 20
30 35 50
30 35 30
30 35 107
30 35 55
30 35 91
30 35 26
31 36 75
31 36 143
31 36 187
31 36 150
31 36 131
31 36 50
31 36 135
31 36 110
31 36 113
31 36 136
31 36 23
31 36 131
31 36 190
31 36 54
31 36 132
31 36 183
31 36 182
31 36 162
31 36 196
31 36 156
31 36 10
31 36 89
31 36 7
31 36 63
31 36 145
31 36 188
31 36 65
31 36 12
31 36 40
31 36 66
31 36 109
31 36 144
31 36 88
31 36 56
31 36 26
31 36 113
31 36 2
31 36 183
31 36 72
31 36 13
31 36 189
31 36 37
31 36 85
31 36 54
31 36 178
31 36 108
31 36 101
31 36 129
31 36 131
31 36 58
31 36 141
31 36 75
31 36 140
31 36 40
31 36 20
31 36 113
31 36 160
31 36 75
31 36 182
32 37 44
32 37 79
32 37 171
32 37 78
32 37 101
32 37 191
32 37 178
32 37 92
32 37 72
32 37 52
32 37 116
32 37 27
32 37 99
32 37 32
32 37 198
32 37 13
32 37 93
32 37 167
32 37 188
32 37 156
32 37 134
32 37 166
32 37 122
32 37 103
32 37 34
32 37 84
32 37 60
32 37 180
32 37 100
32 37 89
32 37 98
32 37 123
32 37 8
32 37 25
32 37 193
32 37 71
32 37 153
32 37 3
32 37 145
32 37 47
32 37 188
32 37 72
32 37 62
32 37 6
32 37 86
32 37 137
32 37 164
32 37 78
32 37 9
32 37 172
32 37 192
32 37 66
32 37 76
32 37 176
33 38 4
33 38 155
33 38 192
33 38 30
33 38 81
33 38 184
33 38 145
33 38 120
33 38 104
33 38 179
33 38 167
33 38 153
33 38 155
33 38 84
33 38 12
33 38 185
33 38 34
33 38 83
33 38 190
33 38 135
33 38 39
33 38 141
33 38 135
33 38 154
33 38 144
33 38 68
33 38 65
33 38 40
33 38 35
33 38 1
33 38 67
33 38 167
33 38 195
33 38 108
33 38 11
33 38 190
33 38 31
33 38 151
33 38 70
33 38 159
33 38 150
33 38 118
33 38 170
34 39 36
34 39 159
34 39 67
34 39 144
34 39 19
34 39 82
34 39 22
34 39 41
34 39 10
34 39 156
34 39 123
34 39 198
34 39 76
34 39 67
34 39 145
34 39 44
34 39 44
34 39 71
34 39 49
34 39 185
34 39 2
34 39 151
34 39 101
34 39 91
34 39 57
34 39 27
34 39 7
34 39 1
34 39 159
34 39 108
34 39 57
34 39 14
34 39 62
34 39 24
34 39 135
34 39 181
34 39 177
34 39 6
34 39 24
34 39 38
34 39 71
34 39 154
34 39 111
34 39 30
34 39 70
34 39 49
34 39 75
34 39 196
34 39 2
35 40 60
35 40 145
35 40 95
35 40 13
35 40 185
35 40 29
35 40 101
35 40 122
35 40 42
35 40 89
35 40 68
35 40 94
35 40 175
35 40 173
35 40 183
35 40 139
35 40 173
35 40 121
35 40 108
35 40 186
35 40 93
35 40 193
35 40 193
35 40 172
35 40 63
35 40 168
35 40 32
35 40 127
35 40 8
35 40 96
35 40 55
35 40 34
35 40 162
35 40 80
35 40 93
35 40 19
35 40 124
35 40 169
35 40 108
35 40 173
35 40 98
35 40 195
35 40 120
35 40 119
35 40 132
35 40 17
35 40 98
35 40 67
35 40 172
35 40 45
35 40 57
36 41 106
36 41 126
36 41 85
36 41 49
36 41 107
36 41 86
36 41 73
36 41 51
36 41 157
36 41 161
36 41 83
36 41 173
36 41 181
36 41 102
36 41 161
36 41 30
36 41 75
36 41 122
36 41 46
36 41 150
36 41 46
36 41 33
36 41 136
36 41 79
36 41 106
36 41 104
36 41 18
36 41 4
36 41 156
36 41 46
36 41 4
36 41 7
36 41 140
36 41 72
36 41 178
36 41 194
36 41 21
36 41 128
36 41 140
36 41 179
36 41 83
36 41 144
36 41 103
36 41 194
36 41 11
36 41 123
36 41 45
36 41 128
36 41 32
36 41 124
36 41 97
36 41 52
36 41 139
36 41 195
36 41 182
36 41 116
37 42 57
37 42 25
37 42 57
37 42 89
37 42 197
37 42 55
37 42 37
37 42 183
37 42 165
37 42 186
37 42 110
37 42 65
37 42 113
37 42 75
37 42 70
37 42 95
37 42 200
37 42 43
37 42 3
37 42 85
37 42 70
37 42 60
37 42 45
37 42 75
37 42 91
37 42 116
37 42 183
37 42 158
37 42 144
37 42 50
37 42 22
37 42 86
37 42 157
37 42 162
37 42 159
37 42 61
37 42 22
37 42 76
37 42 62
37 42 76
37 42 178
37 42 76
37 42 63
37 42 174
37 42 57
37 42 140
37 42 80
37 42 70
37 42 72
37 42 46
37 42 78
37 42 173
37 42 173
37 42 113
37 42 32
38 43 60
38 43 190
38 43 122
38 43 114
38 43 78
38 43 16
38 43 120
38 43 78
38 43 113
38 43 167
38 43 89
38 43 3
38 43 147
38 43 88
38 43 7
38 43 133
38 43 191
38 43 75
38 43 127
38 43 8
38 43 9
38 43 125
38 43 16
38 43 14
38 43 67
38 43 151
38 43 95
38 43 13
38 43 143
38 43 45
38 43 72
38 43 19
38 43 48
38 43 102
38 43 187
38 43 30
38 43 60
38 43 50
38 43 139
38 43 164
38 43 69
38 43 166
38 43 183
38 43 37
38 43 164
38 43 127
38 43 57
38 43 188
38 43 128
38 43 84
38 43 1
38 43 39
39 44 183
39 44 16
39 44 90
39 44 130
39 44 21
39 44 149
39 44 153
39 44 146
39 44 18
39 44 185
39 44 118
39 44 51
39 44 63
39 44 57
39 44 136
39 44 41
39 44 118
39 44 139
39 44 61
39 44 177
39 44 70
39 44 22
39 44 43
39 44 191
39 44 73
39 44 173
39 44 11
39 44 117
39 44 85
39 44 72
39 44 96
39 44 23
39 44 91
39 44 11
39 44 21
39 44 20
39 44 105
39 44 55
39 44 108
39 44 198
39 44 166
39 44 23
39 44 41
39 44 80
39 44 63
39 44 184
40 45 53
40 45 161
40 45 15
40 45 17
40 45 195
40 45 100
40 45 38
40 45 167
40 45 188
40 45 51
40 45 113
40 45 119
40 45 28
40 45 119
40 45 110
40 45 124
40 45 25
40 45 67
40 45 70
40 45 22
40 45 189
40 45 179
40 45 25
40 45 181
40 45 165
40 45 118
40 45 63
40 45 131
40 45 70
40 45 74
40 45 188
40 45 7
40 45 172
40 45 69
40 45 127
40 45 33
40 45 160
40 45 32
40 45 121
40 45 166
40 45 45
40 45 133
40 45 106
40 45 188
40 45 130
40 45 8
40 45 175
40 45 9
40 45 47
40 45 151
40 45 82
40 45 86
41 46 28
41 46 173
41 46 48
41 46 102
41 46 182
41 46 147
41 46 126
41 46 75
41 46 44
41 46 81
41 46 73
41 46 180
41 46 176
41 46 185
41 46 174
41 46 20
41 46 187
41 46 145
41 46 71
41 46 130
41 46 84
41 46 173
41 46 110
41 46 1
41 46 135
41 46 49
41 46 90
41 46 9
41 46 104
41 46 111
41 46 181
41 46 168
41 46 47
41 46 130
41 46 139
41 46 134
41 46 179
41 46 142
41 46 47
41 46 45
41 46 92
41 46 44
42 47 79
42 47 106
42 47 109
42 47 140
42 47 7
42 47 80
42 47 30
42 47 198
42 47 120
42 47 114
42 47 158
42 47 61
42 47 86
42 47 107
42 47 97
42 47 112
42 47 47
42 47 84
42 47 169
42 47 78
42 47 165
42 47 124
42 47 104
42 47 155
42 47 21
42 47 101
42 47 61
42 47 87
42 47 196
42 47 13
42 47 65
42 47 93
42 47 173
42 47 99
42 47 163
42 47 105
42 47 38
42 47 166
42 47 193
42 47 6
42 47 23
42 47 100
42 47 122
42 47 45
42 47 89
42 47 163
42 47 39
42 47 112
42 47 92
43 48 184
43 48 168
43 48 124
43 48 199
43 48 73
43 48 51
43 48 48
43 48 169
43 48 98
43 48 9
43 48 151
43 48 106
43 48 22
43 48 8
43 48 133
43 48 19
43 48 137
43 48 114
43 48 19
43 48 116
43 48 188
43 48 20
43 48 166
43 48 112
43 48 181
43 48 158
43 48 34
43 48 59
43 48 77
43 48 25
43 48 37
43 48 143
43 48 107
43 48 100
43 48 38
43 48 83
43 48 170
43 48 113
43 48 37
43 48 124
43 48 103
43 48 21
43 48 144
43 48 150
43 48 52
43 48 23
43 48 133
43 48 158
43 48 106
43 48 143
43 48 47
43 48 97
43 48 194
43 48 138
43 48 110
43 48 81
43 48 48
43 48 107
43 48 126
43 48 127
43 48 60
43 48 151
43 48 27
43 48 101
43 48 38
43 48 193
43 48 32
44 49 122
44 49 45
44 49 48
44 49 193
44 49 106
44 49 60
44 49 17
44 49 172
44 49 200
44 49 78
44 49 105
44 49 168
44 49 130
44 49 17
44 49 75
44 49 3
44 49 130
44 49 33
44 49 183
44 49 102
44 49 48
44 49 70
44 49 51
44 49 170
44 49 13
44 49 135
44 49 83
44 49 195
44 49 116
44 49 80
44 49 71
44 49 65
44 49 167
44 49 60
44 49 56
44 49 86
44 49 84
44 49 158
44 49 130
44 49 73
44 49 159
44 49 55
44 49 42
44 49 45
44 49 101
44 49 30
44 49 39
44 49 151
44 49 5
44 49 28
44 49 170
44 49 100
44 49 129
44 49 74
44 49 50
45 50 179
45 50 177
45 50 37
45 50 140
45 50 97
45 50 153
45 50 93
45 50 91
45 50 93
45 50 170
45 50 171
45 50 109
45 50 115
45 50 85
45 50 183
45 50 56
45 50 37
45 50 90
45 50 119
45 50 117
45 50 98
45 50 154
45 50 57
45 50 181
45 50 19
45 50 195
45 50 158
45 50 129
45 50 64
45 50 95
45 50 102
45 50 36
45 50 99
45 50 111
45 50 30
45 50 88
45 50 75
45 50 119
45 50 85
45 50 57
45 50 185
45 50 190
45 50 107
45 50 30
45 50 179
45 50 191
45 50 31
45 50 175
45 50 132
45 50 49
45 50 198
45 50 29
45 50 142
45 50 119
45 50 2
46 51 114
46 51 115
46 51 18
46 51 113
46 51 134
46 51 84
46 51 55
46 51 195
46 51 192
46 51 22
46 51 83
46 51 67
46 51 178
46 51 32
46 51 164
46 51 12
46 51 53
46 51 35
46 51 120
46 51 18
46 51 146
46 51 167
46 51 140
46 51 179
46 51 21
46 51 52
46 51 156
46 51 26
46 51 110
46 51 134
46 51 23
46 51 32
46 51 102
46 51 133
46 51 67
46 51 152
46 51 63
46 51 159
46 51 134
46 51 151
47 52 92
47 52 5
47 52 8
47 52 137
47 52 15
47 52 137
47 52 49
47 52 60
47 52 26
47 52 2
47 52 88
47 52 132
47 52 76
47 52 162
47 52 125
47 52 131
47 52 4
47 52 163
47 52 127
47 52 195
47 52 104
47 52 191
47 52 180
47 52 51
47 52 68
47 52 139
47 52 90
47 52 56
47 52 158
47 52 151
47 52 153
47 52 16
47 52 43
47 52 138
47 52 79
47 52 135
47 52 195
47 52 46
47 52 200
47 52 188
47 52 77
47 52 164
47 52 115
47 52 108
47 52 38
47 52 33
47 52 196
47 52 149
47 52 165
47 52 155
47 52 112
47 52 50
47 52 39
47 52 26
47 52 26
47 52 86
47 52 168
48 53 68
48 53 164
48 53 9
48 53 38
48 53 76
48 53 150
48 53 93
48 53 119
48 53 38
48 53 40
48 53 168
48 53 91
48 53 128
48 53 173
48 53 136
48 53 155
48 53 180
48 53 165
48 53 176
48 53 178
48 53 87
48 53 130
48 53 99
48 53 26
48 53 185
48 53 45
48 53 69
48 53 16
48 53 49
48 53 61
48 53 26
48 53 142
48 53 27
48 53 119
48 53 27
48 53 18
48 53 20
48 53 119
48 53 112
48 53 41
48 53 28
48 53 184
48 53 87
48 53 171
48 53 178
48 53 20
48 53 79
48 53 149
48 53 55
49 54 104
49 54 148
49 54 53
49 54 86
49 54 195
49 54 62
49 54 174
49 54 195
49 54 124
49 54 11
49 54 79
49 54 23
49 54 128
49 54 125
49 54 140
49 54 126
49 54 162
49 54 183
49 54 99
49 54 37
49 54 181
49 54 150
49 54 179
49 54 55
49 54 123
49 54 49
49 54 26
49 54 41
49 54 80
49 54 190
49 54 71
49 54 144
49 54 74
49 54 157
49 54 141
49 54 84
49 54 102
49 54 140
49 54 78
49 54 195
49 54 168
49 54 69
49 54 85
49 54 28
49 54 30
49 54 65
49 54 164
49 54 101
49 54 54
49 54 19
49 54 4
49 54 76
49 54 140
49 54 79
49 54 199
49 54 11
49 54 103
50 55 98
50 55 109
50 55 102
50 55 58
50 55 92
50 55 140
50 55 1
50 55 42
50 55 14
50 55 103
50 55 171
50 55 9
50 55 183
50 55 106
50 55 27
50 55 184
50 55 66
50 55 48
50 55 77
50 55 139
50 55 131
50 55 66
50 55 97
50 55 173
50 55 22
50 55 89
50 55 195
50 55 194
50 55 26
50 55 100
50 55 111
50 55 134
50 55 162
50 55 26
50 55 192
50 55 151
50 55 100
50 55 132
50 55 132
50 55 8
50 55 173
50 55 38
50 55 19
50 55 42
50 55 148
50 55 155
50 55 151
50 55 35
50 55 151
51 56 93
51 56 148
51 56 21
51 56 26
51 56 38
51 56 51
51 56 135
51 56 200
51 56 104
51 56 42
51 56 71
51 56 33
51 56 136
51 56 28
51 56 174
51 56 28
51 56 75
51 56 171
51 56 37
51 56 50
51 56 60
51 56 179
51 56 182
51 56 36
51 56 124
51 56 141
51 56 187
51 56 63
51 56 1
51 56 153
51 56 125
51 56 108
51 56 56
51 56 8
51 56 160
51 56 99
51 56 131
51 56 36
51 56 148
51 56 28
51 56 65
51 56 11
51 56 96
51 56 2
51 56 76
52 57 124
52 57 196
52 57 112
52 57 141
52 57 138
52 57 50
52 57 191
52 57 141
52 57 125
52 57 142
52 57 102
52 57 186
52 57 3
52 57 122
52 57 94
52 57 39
52 57 23
52 57 7
52 57 168
52 57 38
52 57 42
52 57 200
52 57 189
52 57 188
52 57 88
52 57 79
52 57 93
52 57 87
52 57 112
52 57 104
52 57 20
52 57 178
52 57 196
52 57 132
52 57 121
52 57 151
52 57 66
52 57 125
52 57 144
52 57 151
52 57 168
52 57 27
52 57 113
52 57 156
52 57 98
52 57 118
52 57 97
52 57 146
52 57 74
52 57 33
52 57 163
52 57 72
52 57 41
52 57 189
52 57 63
52 57 63
52 57 150
52 57 14
52 57 66
52 57 170
52 57 2
53 58 22
53 58 60
53 58 115
53 58 124
53 58 122
53 58 192
53 58 80
53 58 153
53 58 152
53 58 149
53 58 129
53 58 38
53 58 184
53 58 90
53 58 54
53 58 183
53 58 49
53 58 64
53 58 73
53 58 172
53 58 2
53 58 177
53 58 97
53 58 59
53 58 97
53 58 147
53 58 182
53 58 177
53 58 193
53 58 17
53 58 35
53 58 54
53 58 26
53 58 5
53 58 98
53 58 194
53 58 9
53 58 102
53 58 25
53 58 146
53 58 119
53 58 95
53 58 92
53 58 181
53 58 81
53 58 163
53 58 47
53 58 21
54 59 68
54 59 50
54 59 175
54 59 88
54 59 26
54 59 43
54 59 52
54 59 13
54 59 65
54 59 112
54 59 197
54 59 14
54 59 93
54 59 174
54 59 65
54 59 94
54 59 159
54 59 55
54 59 84
54 59 123
54 59 125
54 59 133
54 59 76
54 59 56
54 59 89
54 59 67
54 59 71
54 59 108
54 59 62
54 59 94
54 59 13
54 59 38
54 59 15
54 59 189
54 59 70
54 59 170
54 59 185
54 59 176
54 59 41
54 59 78
54 59 8
54 59 57
54 59 194
54 59 136
54 59 94
54 59 72
54 59 97
54 59 101
54 59 11
54 59 152
54 59 60
54 59 2
54 59 124
54 59 50
54 59 83
55 60 92
55 60 168
55 60 129
55 60 148
55 60 132
55 60 99
55 60 87
55 60 23
55 60 90
55 60 178
55 60 92
55 60 62
55 60 82
55 60 112
55 60 49
55 60 92
55 60 52
55 60 73
55 60 77
55 60 167
55 60 115
55 60 47
55 60 156
55 60 89
55 60 191
55 60 134
55 60 13
55 60 106
55 60 49
55 60 52
55 60 52
55 60 109
55 60 126
55 60 111
55 60 179
55 60 148
55 60 159
55 60 145
55 60 108
55 60 85
55 60 111
55 60 150
55 60 83
56 61 86
56 61 3
56 61 195
56 61 126
56 61 123
56 61 200
56 61 6
56 61 1
56 61 102
56 61 5
56 61 26
56 61 76
56 61 91
56 61 70
56 61 100
56 61 161
56 61 167
56 61 99
56 61 107
56 61 142
56 61 48
56 61 124
56 61 60
56 61 68
56 61 146
56 61 81
56 61 91
56 61 102
56 61 35
56 61 116
56 61 92
56 61 183
56 61 84
56 61 143
56 61 199
56 61 94
56 61 184
56 61 69
56 61 98
56 61 172
56 61 184
56 61 85
56 61 170
56 61 57
56 61 49
56 61 197
56 61 113
56 61 14
56 61 150
56 61 148
56 61 78
56 61 113
56 61 31
56 61 112
56 61 15
56 61 43
56 61 141
56 61 135
56 61 64
57 62 22
57 62 105
57 62 141
57 62 82
57 62 192
57 62 20
57 62 122
57 62 36
57 62 168
57 62 39
57 62 149
57 62 61
57 62 171
57 62 59
57 62 1
57 62 184
57 62 168
57 62 118
57 62 6
57 62 114
57 62 140
57 62 65
57 62 152
57 62 57
57 62 117
57 62 162
57 62 91
57 62 162
57 62 45
57 62 8
57 62 111
57 62 26
57 62 197
57 62 188
57 62 78
57 62 39
57 62 133
57 62 146
57 62 102
57 62 55
57 62 189
57 62 190
57 62 121
57 62 76
57 62 60
57 62 178
57 62 40
57 62 63
57 62 50
57 62 197
57 62 12
57 62 88
57 62 81
58 63 9
58 63 111
58 63 192
58 63 90
58 63 187
58 63 142
58 63 38
58 63 193
58 63 58
58 63 119
58 63 118
58 63 103
58 63 110
58 63 73
58 63 157
58 63 199
58 63 198
58 63 51
58 63 56
58 63 104
58 63 134
58 63 9
58 63 130
58 63 79
58 63 67
58 63 178
58 63 168
58 63 192
58 63 139
58 63 72
58 63 48
58 63 7
58 63 128
58 63 131
58 63 121
58 63 33
58 63 64
58 63 108
58 63 26
58 63 68
58 63 107
58 63 200
58 63 119
58 63 15
58 63 100
58 63 155
58 63 123
58 63 100
58 63 98
58 63 158
58 63 116
58 63 112
58 63 187
58 63 70
58 63 92
58 63 172
58 63 178
58 63 182
58 63 54
58 63 175
58 63 58
59 64 157
59 64 130
59 64 93
59 64 33
59 64 182
59 64 121
59 64 31
59 64 191
59 64 95
59 64 139
59 64 68
59 64 99
59 64 177
59 64 63
59 64 193
59 64 184
59 64 70
59 64 91
59 64 54
59 64 179
59 64 92
59 64 140
59 64 52
59 64 153
59 64 58
59 64 57
59 64 167
59 64 106
59 64 164
59 64 195
59 64 82
59 64 85
59 64 2
59 64 184
59 64 88
59 64 119
59 64 46
59 64 123
59 64 183
59 64 77
59 64 79
59 64 181
59 64 50
59 64 173
59 64 185
59 64 42
59 64 34
60 65 158
60 65 155
60 65 77
60 65 100
60 65 106
60 65 38
60 65 57
60 65 113
60 65 105
60 65 167
60 65 21
60 65 66
60 65 48
60 65 153
60 65 55
60 65 17
60 65 147
60 65 196
60 65 92
60 65 15
60 65 113
60 65 173
60 65 12
60 65 175
60 65 193
60 65 148
60 65 57
60 65 109
60 65 107
60 65 19
60 65 147
60 65 143
60 65 110
60 65 182
60 65 91
60 65 3
60 65 199
60 65 195
60 65 7
60 65 28
61 66 116
61 66 19
61 66 141
61 66 103
61 66 45
61 66 63
61 66 72
61 66 121
61 66 188
61 66 59
61 66 148
61 66 21
61 66 190
61 66 14
61 66 119
61 66 187
61 66 20
61 66 89
61 66 150
61 66 98
61 66 25
61 66 199
61 66 92
61 66 153
61 66 119
61 66 149
61 66 96
61 66 189
61 66 124
61 66 34
61 66 133
61 66 84
61 66 57
61 66 199
61 66 93
61 66 88
61 66 122
61 66 161
61 66 111
61 66 34
61 66 53
61 66 18
61 66 198
61 66 36
61 66 113
61 66 161
61 66 75
61 66 159
62 67 29
62 67 75
62 67 67
62 67 185
62 67 63
62 67 188
62 67 135
62 67 171
62 67 81
62 67 117
62 67 75
62 67 62
62 67 69
62 67 37
62 67 119
62 67 63
62 67 141
62 67 84
62 67 119
62 67 11
62 67 83
62 67 56
62 67 95
62 67 8
62 67 162
62 67 125
62 67 196
62 67 97
62 67 17
62 67 8
62 67 198
62 67 192
62 67 87
62 67 62
62 67 83
62 67 134
62 67 182
62 67 15
62 67 88
62 67 131
62 67 187
62 67 65
63 68 126
63 68 100
63 68 163
63 68 177
63 68 95
63 68 189
63 68 189
63 68 124
63 68 149
63 68 177
63 68 194
63 68 95
63 68 154
63 68 98
63 68 122
63 68 142
63 68 197
63 68 159
63 68 162
63 68 148
63 68 150
63 68 152
63 68 180
63 68 24
63 68 117
63 68 117
63 68 195
63 68 195
63 68 153
63 68 59
63 68 145
63 68 132
63 68 42
63 68 181
63 68 173
63 68 22
63 68 38
63 68 15
63 68 124
63 68 52
63 68 158
63 68 16
63 68 157
63 68 144
63 68 51
63 68 105
63 68 95
63 68 120
64 69 89
64 69 112
64 69 36
64 69 171
64 69 52
64 69 112
64 69 167
64 69 69
64 69 129
64 69 157
64 69 133
64 69 67
64 69 180
64 69 169
64 69 175
64 69 133
64 69 115
64 69 116
64 69 78
64 69 72
64 69 48
64 69 59
64 69 141
64 69 190
64 69 20
64 69 23
64 69 124
64 69 163
64 69 3
64 69 110
64 69 102
64 69 6
64 69 66
64 69 69
64 69 97
64 69 122
64 69 103
64 69 7
64 69 100
64 69 187
64 69 142
64 69 20
64 69 55
64 69 14
64 69 113
64 69 18
64 69 25
64 69 193
64 69 118
64 69 41
64 69 109
64 69 74
64 69 162
65 70 105
65 70 40
65 70 19
65 70 158
65 70 125
65 70 93
65 70 84
65 70 30
65 70 152
65 70 161
65 70 49
65 70 136
65 70 154
65 70 176
65 70 91
65 70 158
65 70 54
65 70 38
65 70 156
65 70 77
65 70 103
65 70 63
65 70 114
65 70 56
65 70 20
65 70 24
65 70 145
65 70 44
65 70 152
65 70 29
65 70 135
65 70 153
65 70 167
65 70 113
65 70 191
65 70 21
65 70 111
65 70 104
65 70 111
65 70 169
66 71 5
66 71 108
66 71 167
66 71 149
66 71 176
66 71 72
66 71 66
66 71 157
66 71 94
66 71 176
66 71 175
66 71 43
66 71 118
66 71 148
66 71 156
66 71 70
66 71 190
66 71 139
66 71 109
66 71 106
66 71 37
66 71 2
66 71 132
66 71 11
66 71 33
66 71 198
66 71 196
66 71 136
66 71 156
66 71 72
66 71 196
66 71 19
66 71 42
66 71 159
66 71 197
66 71 75
66 71 50
66 71 120
66 71 112
66 71 55
66 71 108
66 71 185
66 71 2
66 71 137
66 71 135
66 71 90
66 71 195
66 71 100
67 72 93
67 72 174
67 72 129
67 72 152
67 72 146
67 72 47
67 72 162
67 72 166
67 72 21
67 72 10
67 72 182
67 72 157
67 72 164
67 72 88
67 72 185
67 72 158
67 72 144
67 72 166
67 72 48
67 72 105
67 72 148
67 72 185
67 72 166
67 72 1
67 72 32
67 72 175
67 72 94
67 72 177
67 72 4
67 72 176
67 72 27
67 72 19
67 72 6
67 72 151
67 72 132
67 72 97
67 72 41
67 72 65
67 72 132
67 72 186
67 72 158
67 72 84
67 72 68
67 72 79
67 72 151
67 72 79
67 72 89
67 72 22
67 72 15
68 73 121
68 73 31
68 73 101
68 73 128
68 73 15
68 73 167
68 73 185
68 73 96
68 73 144
68 73 79
68 73 138
68 73 107
68 73 106
68 73 154
68 73 113
68 73 123
68 73 39
68 73 160
68 73 194
68 73 80
68 73 95
68 73 129
68 73 70
68 73 97
68 73 24
68 73 174
68 73 42
68 73 129
68 73 178
68 73 154
68 73 173
68 73 148
68 73 168
68 73 30
68 73 71
68 73 142
68 73 65
68 73 172
68 73 159
68 73 32
68 73 39
68 73 115
68 73 70
68 73 7
68 73 25
68 73 46
68 73 126
68 73 198
68 73 59
69 74 115
69 74 60
69 74 27
69 74 43
69 74 87
69 74 96
69 74 16
69 74 105
69 74 13
69 74 85
69 74 159
69 74 82
69 74 40
69 74 141
69 74 83
69 74 107
69 74 83
69 74 19
69 74 162
69 74 193
69 74 194
69 74 162
69 74 144
69 74 133
69 74 118
69 74 9
69 74 45
69 74 14
69 74 21
69 74 188
69 74 32
69 74 135
69 74 126
69 74 182
69 74 10
69 74 19
69 74 76
69 74 70
69 74 110
69 74 18
70 75 104
70 75 160
70 75 19
70 75 124
70 75 199
70 75 90
70 75 76
70 75 167
70 75 196
70 75 74
70 75 98
70 75 171
70 75 111
70 75 144
70 75 199
70 75 139
70 75 193
70 75 22
70 75 69
70 75 8
70 75 15
70 75 59
70 75 132
70 75 88
70 75 32
70 75 90
70 75 188
70 75 33
70 75 93
70 75 127
70 75 85
70 75 20
70 75 11
70 75 47
70 75 3
70 75 25
70 75 179
70 75 169
70 75 147
70 75 16
70 75 161
70 75 137
70 75 184
70 75 96
70 75 39
70 75 31
70 75 191
71 76 30
71 76 73
71 76 3
71 76 104
71 76 136
71 76 21
71 76 195
71 76 93
71 76 43
71 76 148
71 76 76
71 76 106
71 76 147
71 76 199
71 76 84
71 76 126
71 76 76
71 76 97
71 76 127
71 76 41
71 76 103
71 76 101
71 76 3
71 76 195
71 76 26
71 76 79
71 76 45
71 76 38
71 76 27
71 76 7
71 76 60
71 76 157
71 76 1
71 76 192
71 76 61
71 76 78
71 76 41
71 76 146
71 76 149
71 76 182
71 76 98
71 76 4
71 76 185
71 76 58
71 76 60
71 76 140
71 76 163
71 76 161
71 76 188
71 76 140
71 76 31
71 76 194
71 76 200
72 77 160
72 77 3
72 77 179
72 77 103
72 77 30
72 77 19
72 77 106
72 77 90
72 77 133
72 77 67
72 77 174
72 77 97
72 77 167
72 77 100
72 77 36
72 77 105
72 77 148
72 77 200
72 77 179
72 77 19
72 77 64
72 77 122
72 77 141
72 77 21
72 77 36
72 77 61
72 77 168
72 77 2
72 77 74
72 77 109
72 77 177
72 77 186
72 77 22
72 77 184
72 77 113
72 77 5
72 77 145
72 77 71
72 77 184
72 77 135
72 77 127
72 77 119
72 77 72
72 77 91
72 77 187
72 77 28
72 77 57
73 78 167
73 78 83
73 78 88
73 78 110
73 78 194
73 78 117
73 78 24
73 78 161
73 78 116
73 78 50
73 78 1
73 78 63
73 78 76
73 78 39
73 78 82
73 78 1
73 78 146
73 78 24
73 78 73
73 78 148
73 78 154
73 78 199
73 78 112
73 78 85
73 78 39
73 78 151
73 78 119
73 78 179
73 78 169
73 78 169
73 78 122
73 78 106
73 78 104
73 78 21
73 78 180
73 78 171
73 78 64
73 78 65
73 78 71
73 78 63
73 78 173
73 78 38
73 78 130
73 78 147
73 78 154
74 79 66
74 79 27
74 79 5
74 79 33
74 79 42
74 79 175
74 79 77
74 79 114
74 79 95
74 79 104
74 79 102
74 79 168
74 79 30
74 79 85
74 79 32
74 79 27
74 79 53
74 79 29
74 79 99
74 79 154
74 79 37
74 79 57
74 79 22
74 79 125
74 79 190
74 79 50
74 79 39
74 79 57
74 79 88
74 79 171
74 79 107
74 79 89
74 79 142
74 79 44
74 79 124
74 79 29
74 79 11
74 79 62
74 79 77
74 79 86
74 79 136
74 79 104
74 79 193
74 79 47
74 79 4
74 79 11
74 79 198
74 79 56
74 79 141
75 80 106
75 80 45
75 80 79
75 80 149
75 80 99
75 80 41
75 80 173
75 80 5
75 80 43
75 80 88
75 80 6
75 80 80
75 80 145
75 80 114
75 80 54
75 80 18
75 80 131
75 80 53
75 80 179
75 80 68
75 80 77
75 80 125
75 80 22
75 80 46
75 80 158
75 80 69
75 80 155
75 80 99
75 80 82
75 80 190
75 80 5
75 80 34
75 80 186
75 80 100
75 80 82
75 80 175
75 80 22
75 80 107
75 80 134
75 80 153
75 80 120
76 81 55
76 81 69
76 81 142
76 81 104
76 81 144
76 81 165
76 81 157
76 81 171
76 81 175
76 81 156
76 81 200
76 81 105
76 81 22
76 81 4
76 81 181
76 81 35
76 81 55
76 81 23
76 81 4
76 81 174
76 81 194
76 81 23
76 81 80
76 81 56
76 81 199
76 81 74
76 81 122
76 81 189
76 81 57
76 81 122
76 81 90
76 81 123
76 81 122
76 81 169
76 81 86
76 81 37
76 81 199
76 81 115
76 81 28
76 81 175
76 81 56
76 81 18
76 81 79
76 81 37
76 81 125
77 82 40
77 82 120
77 82 138
77 82 153
77 82 118
77 82 86
77 82 30
77 82 200
77 82 132
77 82 22
77 82 95
77 82 145
77 82 63
77 82 5
77 82 146
77 82 77
77 82 74
77 82 163
77 82 185
77 82 6
77 82 53
77 82 4
77 82 136
77 82 38
77 82 66
77 82 101
77 82 126
77 82 7
77 82 190
77 82 174
77 82 61
77 82 188
77 82 153
77 82 49
77 82 125
77 82 171
77 82 80
77 82 41
77 82 124
77 82 150
78 83 181
78 83 14
78 83 99
78 83 75
78 83 156
78 83 22
78 83 100
78 83 128
78 83 165
78 83 30
78 83 151
78 83 197
78 83 162
78 83 165
78 83 158
78 83 126
78 83 123
78 83 123
78 83 71
78 83 75
78 83 181
78 83 189
78 83 151
78 83 20
78 83 39
78 83 22
78 83 174
78 83 167
78 83 3
78 83 58
78 83 84
78 83 97
78 83 105
78 83 20
78 83 53
78 83 78
78 83 115
78 83 122
78 83 180
78 83 45
78 83 173
78 83 67
78 83 75
78 83 51
78 83 50
78 83 40
78 83 5
78 83 30
78 83 21
78 83 187
78 83 42
78 83 71
79 84 70
79 84 166
79 84 101
79 84 187
79 84 119
79 84 42
79 84 106
79 84 24
79 84 138
79 84 86
79 84 91
79 84 52
79 84 48
79 84 8
79 84 113
79 84 134
79 84 59
79 84 26
79 84 57
79 84 125
79 84 139
79 84 97
79 84 164
79 84 184
79 84 190
79 84 61
79 84 80
79 84 36
79 84 8
79 84 15
79 84 105
79 84 77
79 84 23
79 84 120
79 84 126
79 84 83
79 84 200
79 84 35
79 84 128
79 84 95
79 84 133
79 84 56
79 84 73
79 84 125
79 84 12
79 84 174
79 84 9
79 84 132
79 84 163
79 84 190
79 84 93
79 84 50
79 84 144
79 84 178
79 84 69
79 84 186
80 85 33
80 85 50
80 85 193
80 85 162
80 85 118
80 85 146
80 85 121
80 85 133
80 85 8
80 85 55
80 85 49
80 85 37
80 85 95
80 85 126
80 85 68
80 85 39
80 85 78
80 85 152
80 85 97
80 85 83
80 85 138
80 85 131
80 85 53
80 85 48
80 85 109
80 85 171
80 85 50
80 85 151
80 85 49
80 85 117
80 85 111
80 85 155
80 85 55
80 85 44
80 85 23
80 85 3
80 85 146
80 85 98
80 85 171
80 85 158
80 85 35
80 85 28
80 85 33
80 85 173
81 86 45
81 86 171
81 86 198
81 86 18
81 86 13
81 86 109
81 86 103
81 86 151
81 86 193
81 86 79
81 86 48
81 86 84
81 86 153
81 86 54
81 86 167
81 86 28
81 86 169
81 86 138
81 86 6
81 86 48
81 86 57
81 86 121
81 86 44
81 86 54
81 86 67
81 86 102
81 86 33
81 86 2
81 86 2
81 86 128
81 86 20
81 86 65
81 86 55
81 86 31
81 86 199
81 86 189
81 86 129
81 86 47
81 86 51
81 86 99
81 86 142
82 87 173
82 87 1
82 87 57
82 87 200
82 87 6
82 87 60
82 87 197
82 87 32
82 87 58
82 87 153
82 87 197
82 87 150
82 87 7
82 87 102
82 87 132
82 87 105
82 87 183
82 87 111
82 87 57
82 87 172
82 87 141
82 87 26
82 87 8
82 87 47
82 87 182
82 87 136
82 87 68
82 87 121
82 87 79
82 87 161
82 87 81
82 87 64
82 87 52
82 87 84
82 87 160
82 87 108
82 87 55
82 87 23
82 87 34
82 87 98
82 87 142
82 87 2
82 87 30
82 87 136
82 87 163
82 87 189
82 87 115
82 87 107
82 87 124
82 87 71
82 87 190
82 87 97
82 87 65
82 87 85
82 87 4
82 87 175
82 87 115
82 87 185
82 87 16
82 87 35
82 87 145
82 87 36
82 87 46
82 87 38
83 88 171
83 88 168
83 88 67
83 88 145
83 88 21
83 88 121
83 88 24
83 88 104
83 88 195
83 88 92
83 88 21
83 88 143
83 88 198
83 88 91
83 88 57
83 88 153
83 88 173
83 88 191
83 88 35
83 88 94
83 88 140
83 88 192
83 88 159
83 88 117
83 88 141
83 88 109
83 88 174
83 88 149
83 88 109
83 88 6
83 88 144
83 88 82
83 88 177
83 88 160
83 88 86
83 88 158
83 88 185
83 88 57
83 88 131
83 88 82
83 88 47
83 88 190
83 88 154
83 88 39
83 88 44
83 88 33
83 88 127
84 89 187
84 89 4
84 89 162
84 89 48
84 89 161
84 89 175
84 89 103
84 89 113
84 89 151
84 89 196
84 89 30
84 89 177
84 89 12
84 89 83
84 89 176
84 89 194
84 89 88
84 89 53
84 89 197
84 89 57
84 89 75
84 89 85
84 89 156
84 89 7
84 89 98
84 89 186
84 89 109
84 89 88
84 89 167
84 89 17
84 89 1
84 89 173
84 89 31
84 89 107
84 89 20
84 89 101
85 90 179
85 90 180
85 90 182
85 90 69
85 90 127
85 90 111
85 90 76
85 90 159
85 90 145
85 90 99
85 90 144
85 90 187
85 90 138
85 90 57
85 90 158
85 90 21
85 90 35
85 90 113
85 90 114
85 90 200
85 90 77
85 90 65
85 90 191
85 90 105
85 90 114
85 90 165
85 90 103
85 90 159
85 90 190
85 90 132
85 90 15
85 90 191
85 90 73
85 90 136
85 90 82
85 90 190
85 90 146
85 90 180
85 90 102
85 90 5
85 90 93
85 90 38
85 90 52
85 90 87
85 90 109
85 90 113
85 90 100
85 90 169
85 90 152
85 90 190
85 90 10
86 91 21
86 91 47
86 91 194
86 91 142
86 91 87
86 91 127
86 91 87
86 91 114
86 91 18
86 91 66
86 91 64
86 91 41
86 91 168
86 91 92
86 91 185
86 91 89
86 91 177
86 91 38
86 91 125
86 91 163
86 91 8
86 91 75
86 91 88
86 91 13
86 91 58
86 91 93
86 91 72
86 91 88
86 91 142
86 91 172
86 91 74
86 91 53
86 91 58
86 91 20
86 91 3
86 91 174
86 91 141
86 91 124
86 91 21
86 91 112
86 91 148
86 91 179
86 91 30
86 91 186
86 91 176
86 91 149
86 91 117
86 91 34
86 91 144
87 92 54
87 92 158
87 92 158
87 92 135
87 92 138
87 92 148
87 92 130
87 92 38
87 92 91
87 92 155
87 92 140
87 92 110
87 92 4
87 92 31
87 92 41
87 92 145
87 92 42
87 92 26
87 92 19
87 92 90
87 92 3
87 92 81
87 92 93
87 92 10
87 92 164
87 92 28
87 92 132
87 92 192
87 92 131
87 92 95
87 92 195
87 92 55
87 92 61
87 92 199
87 92 54
87 92 174
87 92 6
87 92 169
87 92 62
87 92 138
87 92 138
87 92 107
87 92 163
87 92 144
87 92 36
88 93 45
88 93 12
88 93 184
88 93 98
88 93 121
88 93 127
88 93 53
88 93 64
88 93 64
88 93 21
88 93 25
88 93 129
88 93 14
88 93 179
88 93 43
88 93 115
88 93 154
88 93 59
88 93 116
88 93 196
88 93 145
88 93 79
88 93 44
88 93 146
88 93 198
88 93 103
88 93 186
88 93 54
88 93 66
88 93 146
88 93 27
88 93 146
88 93 126
88 93 67
88 93 191
88 93 155
88 93 122
88 93 73
88 93 119
88 93 57
88 93 59
88 93 17
88 93 133
88 93 143
88 93 46
88 93 66
88 93 184
88 93 2
88 93 145
88 93 27
88 93 70
88 93 92
88 93 31
88 93 95
88 93 18
88 93 85
88 93 1
88 93 173
88 93 124
88 93 133
88 93 188
88 93 63
88 93 98
88 93 36
88 93 10
88 93 78
88 93 175
88 93 38
89 94 10
89 94 171
89 94 8
89 94 27
89 94 4
89 94 98
89 94 57
89 94 17
89 94 168
89 94 109
89 94 92
89 94 36
89 94 137
89 94 194
89 94 116
89 94 175
89 94 34
89 94 59
89 94 79
89 94 86
89 94 118
89 94 19
89 94 13
89 94 54
89 94 78
89 94 96
89 94 8
89 94 139
89 94 49
89 94 98
89 94 200
89 94 178
89 94 98
89 94 20
89 94 37
89 94 88
89 94 196
89 94 46
89 94 52
89 94 124
89 94 17
89 94 174
89 94 32
89 94 150
89 94 142
89 94 57
89 94 126
89 94 99
89 94 77
89 94 7
89 94 10
89 94 21
89 94 73
89 94 141
89 94 194
89 94 176
89 94 190
89 94 44
90 95 199
90 95 1
90 95 111
90 95 42
90 95 57
90 95 102
90 95 88
90 95 154
90 95 29
90 95 167
90 95 157
90 95 186
90 95 36
90 95 110
90 95 37
90 95 7
90 95 86
90 95 40
90 95 142
90 95 2
90 95 141
90 95 95
90 95 40
90 95 35
90 95 116
90 95 163
90 95 95
90 95 18
90 95 124
90 95 169
90 95 143
90 95 189
90 95 9
90 95 55
90 95 195
90 95 143
90 95 27
90 95 39
90 95 79
90 95 131
90 95 61
90 95 173
90 95 182
90 95 120
90 95 199
90 95 125
90 95 197
90 95 2
90 95 145
90 95 139
90 95 171
90 95 115
90 95 153
90 95 97
90 95 96
91 96 186
91 96 72
91 96 130
91 96 194
91 96 24
91 96 61
91 96 65
91 96 72
91 96 191
91 96 80
91 96 134
91 96 111
91 96 144
91 96 8
91 96 150
91 96 19
91 96 49
91 96 66
91 96 64
91 96 146
91 96 117
91 96 1
91 96 31
91 96 91
91 96 86
91 96 128
91 96 52
91 96 191
91 96 113
91 96 174
91 96 45
91 96 110
91 96 136
91 96 128
91 96 155
91 96 71
91 96 152
91 96 17
91 96 95
91 96 170
91 96 33
91 96 23
91 96 173
91 96 109
91 96 143
91 96 45
91 96 85
91 96 41
91 96 173
91 96 98
92 97 192
92 97 18
92 97 66
92 97 163
92 97 5
92 97 175
92 97 10
92 97 121
92 97 86
92 97 150
92 97 34
92 97 20
92 97 44
92 97 109
92 97 148
92 97 94
92 97 35
92 97 176
92 97 49
92 97 193
92 97 46
92 97 10
92 97 47
92 97 92
92 97 14
92 97 30
92 97 160
92 97 50
92 97 53
92 97 185
92 97 194
92 97 175
92 97 60
92 97 9
92 97 170
92 97 9
92 97 91
92 97 67
92 97 65
92 97 141
92 97 49
92 97 160
92 97 3
92 97 2
92 97 100
92 97 112
92 97 188
92 97 100
92 97 101
92 97 97
93 98 92
93 98 53
93 98 47
93 98 71
93 98 107
93 98 96
93 98 88
93 98 75
93 98 183
93 98 67
93 98 25
93 98 92
93 98 67
93 98 127
93 98 27
93 98 176
93 98 138
93 98 39
93 98 159
93 98 48
93 98 10
93 98 44
93 98 7
93 98 162
93 98 59
93 98 169
93 98 22
93 98 30
93 98 38
93 98 167
93 98 31
93 98 107
93 98 111
93 98 29
93 98 55
93 98 119
93 98 197
93 98 122
93 98 50
93 98 121
93 98 45
93 98 34
93 98 174
93 98 130
93 98 74
93 98 106
93 98 65
93 98 124
93 98 5
93 98 76
93 98 149
93 98 52
93 98 138
93 98 55
93 98 116
93 98 48
93 98 66
93 98 171
93 98 13
93 98 187
93 98 1
93 98 58
93 98 152
93 98 63
93 98 197
93 98 43
93 98 163
93 98 79
93 98 6
93 98 147
93 98 53
93 98 39
93 98 117
94 99 35
94 99 1
94 99 79
94 99 13
94 99 104
94 99 82
94 99 124
94 99 198
94 99 199
94 99 150
94 99 45
94 99 36
94 99 123
94 99 75
94 99 3
94 99 137
94 99 152
94 99 166
94 99 35
94 99 59
94 99 127
94 99 171
94 99 181
94 99 30
94 99 122
94 99 41
94 99 180
94 99 43
94 99 45
94 99 23
94 99 10
94 99 139
94 99 90
94 99 4
94 99 189
94 99 26
94 99 53
94 99 43
94 99 59
94 99 154
94 99 192
94 99 181
94 99 60
94 99 114
94 99 86
94 99 180
94 99 3
94 99 193
94 99 112
94 99 190
94 99 157
94 99 161
94 99 52
94 99 166
94 99 27
94 99 14
94 99 178
94 99 7
95 100 23
95 100 134
95 100 183
95 100 30
95 100 15
95 100 54
95 100 115
95 100 1
95 100 149
95 100 151
95 100 144
95 100 189
95 100 200
95 100 200
95 100 51
95 100 92
95 100 99
95 100 82
95 100 161
95 100 126
95 100 169
95 100 82
95 100 94
95 100 58
95 100 172
95 100 75
95 100 74
95 100 119
95 100 134
95 100 9
95 100 86
95 100 185
95 100 176
95 100 143
95 100 66
95 100 128
95 100 182
95 100 169
95 100 161
95 100 193
95 100 198
95 100 38
95 100 13
95 100 114
95 100 138
95 100 169
95 100 124
95 100 169
95 100 162
95 100 124
95 100 95
95 100 64
96 101 81
96 101 79
96 101 117
96 101 40
96 101 111
96 101 148
96 101 171
96 101 162
96 101 51
96 101 179
96 101 165
96 101 69
96 101 68
96 101 108
96 101 100
96 101 23
96 101 10
96 101 82
96 101 35
96 101 38
96 101 50
96 101 176
96 101 51
96 101 144
96 101 190
96 101 44
96 101 55
96 101 70
96 101 165
96 101 175
96 101 16
96 101 69
96 101 87
96 101 27
96 101 37
96 101 63
96 101 110
96 101 30
96 101 170
96 101 5
96 101 75
96 101 72
96 101 130
96 101 30
96 101 45
96 101 62
96 101 60
96 101 166
96 101 73
96 101 6
96 101 33
96 101 61
96 101 3
96 101 55
97 102 5
97 102 71
97 102 26
97 102 13
97 102 173
97 102 79
97 102 100
97 102 18
97 102 130
97 102 98
97 102 131
97 102 73
97 102 139
97 102 28
97 102 39
97 102 16
97 102 77
97 102 200
97 102 192
97 102 127
97 102 79
97 102 141
97 102 37
97 102 183
97 102 129
97 102 17
97 102 7
97 102 150
97 102 189
97 102 159
97 102 156
97 102 190
97 102 169
97 102 173
97 102 51
97 102 62
97 102 74
97 102 9
97 102 137
97 102 28
97 102 167
97 102 27
97 102 17
97 102 42
97 102 192
97 102 148
97 102 163
97 102 1
97 102 145
97 102 141
97 102 97
97 102 75
97 102 41
97 102 31
97 102 96
97 102 192
97 102 23
98 103 166
98 103 150
98 103 147
98 103 170
98 103 175
98 103 7
98 103 124
98 103 146
98 103 140
98 103 132
98 103 66
98 103 31
98 103 163
98 103 23
98 103 31
98 103 141
98 103 90
98 103 52
98 103 117
98 103 146
98 103 124
98 103 41
98 103 158
98 103 36
98 103 130
98 103 187
98 103 37
98 103 63
98 103 76
98 103 183
98 103 16
98 103 135
98 103 152
98 103 110
98 103 58
98 103 147
98 103 14
98 103 194
98 103 74
98 103 105
98 103 54
98 103 30
98 103 196
98 103 117
98 103 174
98 103 62
98 103 58
98 103 82
98 103 51
98 103 65
98 103 64
98 103 61
98 103 102
98 103 18
98 103 117
99 104 163
99 104 187
99 104 117
99 104 19
99 104 50
99 104 32
99 104 97
99 104 85
99 104 90
99 104 103
99 104 2
99 104 60
99 104 190
99 104 130
99 104 126
99 104 90
99 104 100
99 104 46
99 104 82
99 104 6
99 104 139
99 104 92
99 104 131
99 104 12
99 104 151
99 104 51
99 104 85
99 104 29
99 104 107
99 104 30
99 104 58
99 104 183
99 104 85
99 104 165
99 104 143
99 104 141
99 104 141
99 104 91
99 104 24
99 104 45
99 104 15
99 104 196
99 104 31
99 104 3
99 104 200
99 104 89
99 104 159
99 104 75
99 104 117
99 104 90
100 105 54
100 105 105
100 105 199
100 105 178
100 105 132
100 105 105
100 105 86
100 105 184
100 105 139
100 105 196
100 105 93
100 105 160
100 105 123
100 105 182
100 105 38
100 105 187
100 105 166
100 105 98
100 105 158
100 105 106
100 105 197
100 105 60
100 105 118
100 105 94
100 105 147
100 105 89
100 105 4
100 105 151
100 105 106
100 105 46
100 105 138
100 105 56
100 105 114
100 105 107
100 105 129
100 105 194
100 105 152
100 105 66
100 105 163
100 105 75
100 105 82
100 105 58
100 105 86
100 105 168
100 105 189
100 105 98
100 105 113
100 105 137
100 105 78
100 105 53
