5000 127655
1 6 10
1 6 10
1 6 10
1 6 10
1 6 10
1 6 10
1 6 10
1 6 10
1 6 10
1 6 10
1 6 10
1 6 10
1 6 10
1 6 10
1 6 10
1 6 10
1 6 10
1 6 10
1 6 10
1 6 10
1 6 10
1 6 10
1 6 10
1 6 10
1 6 10
1 6 10
1 6 10
1 6 10
1 6 10
1 6 10
1 6 10
1 6 10
1 6 10
1 6 10
1 6 10
1 6 10
1 6 10
1 6 10
1 6 10
1 6 10
1 6 10
1 6 10
1 6 10
1 6 10
1 6 10
2 7 10
2 7 10
2 7 10
2 7 10
2 7 10
2 7 10
2 7 10
2 7 10
2 7 10
2 7 10
2 7 10
2 7 10
2 7 10
2 7 10
2 7 10
2 7 10
2 7 10
2 7 10
2 7 10
2 7 10
2 7 10
2 7 10
2 7 10
2 7 10
2 7 10
2 7 10
2 7 10
2 7 10
2 7 10
2 7 10
2 7 10
2 7 10
2 7 10
2 7 10
2 7 10
2 7 10
2 7 10
2 7 10
2 7 10
2 7 10
2 7 10
2 7 10
2 7 10
3 8 10
3 8 10
3 8 10
3 8 10
3 8 10
3 8 10
3 8 10
3 8 10
3 8 10
3 8 10
3 8 10
3 8 10
3 8 10
3 8 10
3 8 10
3 8 10
3 8 10
3 8 10
3 8 10
3 8 10
3 8 10
3 8 10
3 8 10
3 8 10
3 8 10
3 8 10
3 8 10
3 8 10
3 8 10
3 8 10
3 8 10
3 8 10
3 8 10
3 8 10
3 8 10
3 8 10
3 8 10
3 8 10
3 8 10
3 8 10
3 8 10
3 8 10
3 8 10
3 8 10
3 8 10
3 8 10
3 8 10
3 8 10
3 8 10
3 8 10
3 8 10
3 8 10
3 8 10
3 8 10
3 8 10
3 8 10
3 8 10
3 8 10
3 8 10
3 8 10
3 8 10
3 8 10
3 8 10
4 9 10
4 9 10
4 9 10
4 9 10
4 9 10
4 9 10
4 9 10
4 9 10
4 9 10
4 9 10
4 9 10
4 9 10
4 9 10
4 9 10
4 9 10
4 9 10
4 9 10
4 9 10
4 9 10
4 9 10
4 9 10
4 9 10
4 9 10
4 9 10
4 9 10
4 9 10
4 9 10
4 9 10
4 9 10
4 9 10
4 9 10
4 9 10
4 9 10
4 9 10
4 9 10
4 9 10
4 9 10
4 9 10
4 9 10
4 9 10
4 9 10
4 9 10
4 9 10
4 9 10
5 10 10
5 10 10
5 10 10
5 10 10
5 10 10
5 10 10
5 10 10
5 10 10
5 10 10
5 10 10
5 10 10
5 10 10
5 10 10
5 10 10
5 10 10
5 10 10
5 10 10
5 10 10
5 10 10
5 10 10
5 10 10
5 10 10
5 10 10
5 10 10
5 10 10
5 10 10
5 10 10
5 10 10
5 10 10
5 10 10
5 10 10
5 10 10
5 10 10
5 10 10
5 10 10
5 10 10
5 10 10
5 10 10
5 10 10
5 10 10
5 10 10
5 10 10
5 10 10
5 10 10
5 10 10
5 10 10
5 10 10
5 10 10
5 10 10
5 10 10
5 10 10
5 10 10
5 10 10
6 11 10
6 11 10
6 11 10
6 11 10
6 11 10
6 11 10
6 11 10
6 11 10
6 11 10
6 11 10
6 11 10
6 11 10
6 11 10
6 11 10
6 11 10
6 11 10
6 11 10
6 11 10
6 11 10
6 11 10
6 11 10
6 11 10
6 11 10
6 11 10
6 11 10
6 11 10
6 11 10
6 11 10
6 11 10
6 11 10
6 11 10
6 11 10
6 11 10
6 11 10
6 11 10
6 11 10
6 11 10
6 11 10
6 11 10
6 11 10
6 11 10
6 11 10
6 11 10
6 11 10
6 11 10
6 11 10
7 12 10
7 12 10
7 12 10
7 12 10
7 12 10
7 12 10
7 12 10
7 12 10
7 12 10
7 12 10
7 12 10
7 12 10
7 12 10
7 12 10
7 12 10
7 12 10
7 12 10
7 12 10
7 12 10
7 12 10
7 12 10
7 12 10
7 12 10
7 12 10
7 12 10
7 12 10
7 12 10
7 12 10
7 12 10
7 12 10
7 12 10
7 12 10
7 12 10
7 12 10
7 12 10
7 12 10
7 12 10
7 12 10
7 12 10
7 12 10
7 12 10
7 12 10
7 12 10
7 12 10
7 12 10
7 12 10
7 12 10
7 12 10
7 12 10
7 12 10
8 13 10
8 13 10
8 13 10
8 13 10
8 13 10
8 13 10
8 13 10
8 13 10
8 13 10
8 13 10
8 13 10
8 13 10
8 13 10
8 13 10
8 13 10
8 13 10
8 13 10
8 13 10
8 13 10
8 13 10
8 13 10
8 13 10
8 13 10
8 13 10
8 13 10
8 13 10
8 13 10
8 13 10
8 13 10
8 13 10
8 13 10
8 13 10
8 13 10
8 13 10
8 13 10
8 13 10
8 13 10
8 13 10
8 13 10
8 13 10
8 13 10
8 13 10
8 13 10
8 13 10
8 13 10
8 13 10
8 13 10
8 13 10
9 14 10
9 14 10
9 14 10
9 14 10
9 14 10
9 14 10
9 14 10
9 14 10
9 14 10
9 14 10
9 14 10
9 14 10
9 14 10
9 14 10
9 14 10
9 14 10
9 14 10
9 14 10
9 14 10
9 14 10
9 14 10
9 14 10
9 14 10
9 14 10
9 14 10
9 14 10
9 14 10
9 14 10
9 14 10
9 14 10
9 14 10
9 14 10
9 14 10
9 14 10
9 14 10
9 14 10
9 14 10
9 14 10
9 14 10
9 14 10
9 14 10
10 15 10
10 15 10
10 15 10
10 15 10
10 15 10
10 15 10
10 15 10
10 15 10
10 15 10
10 15 10
10 15 10
10 15 10
10 15 10
10 15 10
10 15 10
10 15 10
10 15 10
10 15 10
10 15 10
10 15 10
10 15 10
10 15 10
10 15 10
10 15 10
10 15 10
10 15 10
10 15 10
10 15 10
10 15 10
10 15 10
10 15 10
10 15 10
10 15 10
10 15 10
10 15 10
10 15 10
10 15 10
10 15 10
10 15 10
10 15 10
11 16 10
11 16 10
11 16 10
11 16 10
11 16 10
11 16 10
11 16 10
11 16 10
11 16 10
11 16 10
11 16 10
11 16 10
11 16 10
11 16 10
11 16 10
11 16 10
11 16 10
11 16 10
11 16 10
11 16 10
11 16 10
11 16 10
11 16 10
11 16 10
11 16 10
11 16 10
11 16 10
11 16 10
11 16 10
11 16 10
11 16 10
11 16 10
11 16 10
11 16 10
11 16 10
11 16 10
11 16 10
11 16 10
11 16 10
11 16 10
11 16 10
11 16 10
11 16 10
11 16 10
11 16 10
11 16 10
11 16 10
11 16 10
11 16 10
11 16 10
11 16 10
11 16 10
11 16 10
11 16 10
11 16 10
11 16 10
11 16 10
11 16 10
11 16 10
12 17 10
12 17 10
12 17 10
12 17 10
12 17 10
12 17 10
12 17 10
12 17 10
12 17 10
12 17 10
12 17 10
12 17 10
12 17 10
12 17 10
12 17 10
12 17 10
12 17 10
12 17 10
12 17 10
12 17 10
12 17 10
12 17 10
12 17 10
12 17 10
12 17 10
12 17 10
12 17 10
12 17 10
12 17 10
12 17 10
12 17 10
12 17 10
12 17 10
12 17 10
12 17 10
12 17 10
12 17 10
12 17 10
12 17 10
12 17 10
12 17 10
12 17 10
12 17 10
12 17 10
12 17 10
13 18 10
13 18 10
13 18 10
13 18 10
13 18 10
13 18 10
13 18 10
13 18 10
13 18 10
13 18 10
13 18 10
13 18 10
13 18 10
13 18 10
13 18 10
13 18 10
13 18 10
13 18 10
13 18 10
13 18 10
13 18 10
13 18 10
13 18 10
13 18 10
13 18 10
13 18 10
13 18 10
13 18 10
13 18 10
13 18 10
13 18 10
13 18 10
13 18 10
13 18 10
13 18 10
13 18 10
13 18 10
13 18 10
13 18 10
13 18 10
13 18 10
14 19 10
14 19 10
14 19 10
14 19 10
14 19 10
14 19 10
14 19 10
14 19 10
14 19 10
14 19 10
14 19 10
14 19 10
14 19 10
14 19 10
14 19 10
14 19 10
14 19 10
14 19 10
14 19 10
14 19 10
14 19 10
14 19 10
14 19 10
14 19 10
14 19 10
14 19 10
14 19 10
14 19 10
14 19 10
14 19 10
14 19 10
14 19 10
14 19 10
14 19 10
14 19 10
14 19 10
14 19 10
14 19 10
14 19 10
14 19 10
14 19 10
14 19 10
14 19 10
14 19 10
14 19 10
14 19 10
14 19 10
14 19 10
14 19 10
14 19 10
14 19 10
15 20 10
15 20 10
15 20 10
15 20 10
15 20 10
15 20 10
15 20 10
15 20 10
15 20 10
15 20 10
15 20 10
15 20 10
15 20 10
15 20 10
15 20 10
15 20 10
15 20 10
15 20 10
15 20 10
15 20 10
15 20 10
15 20 10
15 20 10
15 20 10
15 20 10
15 20 10
15 20 10
15 20 10
15 20 10
15 20 10
15 20 10
15 20 10
15 20 10
15 20 10
15 20 10
15 20 10
15 20 10
15 20 10
15 20 10
15 20 10
15 20 10
15 20 10
15 20 10
15 20 10
15 20 10
15 20 10
15 20 10
15 20 10
15 20 10
15 20 10
15 20 10
15 20 10
15 20 10
15 20 10
16 21 10
16 21 10
16 21 10
16 21 10
16 21 10
16 21 10
16 21 10
16 21 10
16 21 10
16 21 10
16 21 10
16 21 10
16 21 10
16 21 10
16 21 10
16 21 10
16 21 10
16 21 10
16 21 10
16 21 10
16 21 10
16 21 10
16 21 10
16 21 10
16 21 10
16 21 10
16 21 10
16 21 10
16 21 10
16 21 10
16 21 10
16 21 10
16 21 10
16 21 10
16 21 10
16 21 10
16 21 10
16 21 10
16 21 10
16 21 10
16 21 10
16 21 10
16 21 10
16 21 10
16 21 10
16 21 10
16 21 10
16 21 10
16 21 10
16 21 10
16 21 10
16 21 10
16 21 10
17 22 10
17 22 10
17 22 10
17 22 10
17 22 10
17 22 10
17 22 10
17 22 10
17 22 10
17 22 10
17 22 10
17 22 10
17 22 10
17 22 10
17 22 10
17 22 10
17 22 10
17 22 10
17 22 10
17 22 10
17 22 10
17 22 10
17 22 10
17 22 10
17 22 10
17 22 10
17 22 10
17 22 10
17 22 10
17 22 10
17 22 10
17 22 10
17 22 10
17 22 10
17 22 10
17 22 10
17 22 10
17 22 10
17 22 10
17 22 10
17 22 10
17 22 10
17 22 10
17 22 10
17 22 10
17 22 10
17 22 10
17 22 10
18 23 10
18 23 10
18 23 10
18 23 10
18 23 10
18 23 10
18 23 10
18 23 10
18 23 10
18 23 10
18 23 10
18 23 10
18 23 10
18 23 10
18 23 10
18 23 10
18 23 10
18 23 10
18 23 10
18 23 10
18 23 10
18 23 10
18 23 10
18 23 10
18 23 10
18 23 10
18 23 10
18 23 10
18 23 10
18 23 10
18 23 10
18 23 10
18 23 10
18 23 10
18 23 10
18 23 10
18 23 10
18 23 10
18 23 10
18 23 10
18 23 10
18 23 10
18 23 10
18 23 10
18 23 10
18 23 10
18 23 10
18 23 10
18 23 10
18 23 10
19 24 10
19 24 10
19 24 10
19 24 10
19 24 10
19 24 10
19 24 10
19 24 10
19 24 10
19 24 10
19 24 10
19 24 10
19 24 10
19 24 10
19 24 10
19 24 10
19 24 10
19 24 10
19 24 10
19 24 10
19 24 10
19 24 10
19 24 10
19 24 10
19 24 10
19 24 10
19 24 10
19 24 10
19 24 10
19 24 10
19 24 10
19 24 10
19 24 10
19 24 10
19 24 10
19 24 10
19 24 10
19 24 10
19 24 10
19 24 10
19 24 10
19 24 10
19 24 10
19 24 10
19 24 10
19 24 10
19 24 10
19 24 10
19 24 10
19 24 10
19 24 10
20 25 10
20 25 10
20 25 10
20 25 10
20 25 10
20 25 10
20 25 10
20 25 10
20 25 10
20 25 10
20 25 10
20 25 10
20 25 10
20 25 10
20 25 10
20 25 10
20 25 10
20 25 10
20 25 10
20 25 10
20 25 10
20 25 10
20 25 10
20 25 10
20 25 10
20 25 10
20 25 10
20 25 10
20 25 10
20 25 10
20 25 10
20 25 10
20 25 10
20 25 10
20 25 10
20 25 10
20 25 10
20 25 10
20 25 10
20 25 10
20 25 10
20 25 10
20 25 10
20 25 10
20 25 10
20 25 10
20 25 10
20 25 10
20 25 10
20 25 10
20 25 10
20 25 10
20 25 10
20 25 10
20 25 10
20 25 10
20 25 10
20 25 10
20 25 10
20 25 10
21 26 10
21 26 10
21 26 10
21 26 10
21 26 10
21 26 10
21 26 10
21 26 10
21 26 10
21 26 10
21 26 10
21 26 10
21 26 10
21 26 10
21 26 10
21 26 10
21 26 10
21 26 10
21 26 10
21 26 10
21 26 10
21 26 10
21 26 10
21 26 10
21 26 10
21 26 10
21 26 10
21 26 10
21 26 10
21 26 10
21 26 10
21 26 10
21 26 10
21 26 10
21 26 10
21 26 10
21 26 10
21 26 10
21 26 10
21 26 10
21 26 10
21 26 10
22 27 10
22 27 10
22 27 10
22 27 10
22 27 10
22 27 10
22 27 10
22 27 10
22 27 10
22 27 10
22 27 10
22 27 10
22 27 10
22 27 10
22 27 10
22 27 10
22 27 10
22 27 10
22 27 10
22 27 10
22 27 10
22 27 10
22 27 10
22 27 10
22 27 10
22 27 10
22 27 10
22 27 10
22 27 10
22 27 10
22 27 10
22 27 10
22 27 10
22 27 10
22 27 10
22 27 10
23 28 10
23 28 10
23 28 10
23 28 10
23 28 10
23 28 10
23 28 10
23 28 10
23 28 10
23 28 10
23 28 10
23 28 10
23 28 10
23 28 10
23 28 10
23 28 10
23 28 10
23 28 10
23 28 10
23 28 10
23 28 10
23 28 10
23 28 10
23 28 10
23 28 10
23 28 10
23 28 10
23 28 10
23 28 10
23 28 10
23 28 10
23 28 10
23 28 10
23 28 10
23 28 10
23 28 10
23 28 10
23 28 10
23 28 10
23 28 10
23 28 10
23 28 10
23 28 10
23 28 10
23 28 10
23 28 10
23 28 10
23 28 10
23 28 10
23 28 10
23 28 10
23 28 10
23 28 10
23 28 10
23 28 10
23 28 10
23 28 10
23 28 10
24 29 10
24 29 10
24 29 10
24 29 10
24 29 10
24 29 10
24 29 10
24 29 10
24 29 10
24 29 10
24 29 10
24 29 10
24 29 10
24 29 10
24 29 10
24 29 10
24 29 10
24 29 10
24 29 10
24 29 10
24 29 10
24 29 10
24 29 10
24 29 10
24 29 10
24 29 10
24 29 10
24 29 10
24 29 10
24 29 10
24 29 10
24 29 10
24 29 10
24 29 10
24 29 10
24 29 10
24 29 10
24 29 10
24 29 10
24 29 10
24 29 10
24 29 10
24 29 10
24 29 10
24 29 10
24 29 10
24 29 10
24 29 10
24 29 10
24 29 10
24 29 10
25 30 10
25 30 10
25 30 10
25 30 10
25 30 10
25 30 10
25 30 10
25 30 10
25 30 10
25 30 10
25 30 10
25 30 10
25 30 10
25 30 10
25 30 10
25 30 10
25 30 10
25 30 10
25 30 10
25 30 10
25 30 10
25 30 10
25 30 10
25 30 10
25 30 10
25 30 10
25 30 10
25 30 10
25 30 10
25 30 10
25 30 10
25 30 10
25 30 10
25 30 10
25 30 10
25 30 10
25 30 10
25 30 10
25 30 10
25 30 10
25 30 10
25 30 10
25 30 10
25 30 10
25 30 10
25 30 10
25 30 10
25 30 10
25 30 10
25 30 10
25 30 10
25 30 10
25 30 10
25 30 10
26 31 10
26 31 10
26 31 10
26 31 10
26 31 10
26 31 10
26 31 10
26 31 10
26 31 10
26 31 10
26 31 10
26 31 10
26 31 10
26 31 10
26 31 10
26 31 10
26 31 10
26 31 10
26 31 10
26 31 10
26 31 10
26 31 10
26 31 10
26 31 10
26 31 10
26 31 10
26 31 10
26 31 10
26 31 10
26 31 10
26 31 10
26 31 10
26 31 10
26 31 10
26 31 10
26 31 10
26 31 10
26 31 10
26 31 10
26 31 10
26 31 10
27 32 10
27 32 10
27 32 10
27 32 10
27 32 10
27 32 10
27 32 10
27 32 10
27 32 10
27 32 10
27 32 10
27 32 10
27 32 10
27 32 10
27 32 10
27 32 10
27 32 10
27 32 10
27 32 10
27 32 10
27 32 10
27 32 10
27 32 10
27 32 10
27 32 10
27 32 10
27 32 10
27 32 10
27 32 10
27 32 10
27 32 10
27 32 10
27 32 10
27 32 10
27 32 10
27 32 10
27 32 10
27 32 10
27 32 10
27 32 10
28 33 10
28 33 10
28 33 10
28 33 10
28 33 10
28 33 10
28 33 10
28 33 10
28 33 10
28 33 10
28 33 10
28 33 10
28 33 10
28 33 10
28 33 10
28 33 10
28 33 10
28 33 10
28 33 10
28 33 10
28 33 10
28 33 10
28 33 10
28 33 10
28 33 10
28 33 10
28 33 10
28 33 10
28 33 10
28 33 10
28 33 10
28 33 10
28 33 10
29 34 10
29 34 10
29 34 10
29 34 10
29 34 10
29 34 10
29 34 10
29 34 10
29 34 10
29 34 10
29 34 10
29 34 10
29 34 10
29 34 10
29 34 10
29 34 10
29 34 10
29 34 10
29 34 10
29 34 10
29 34 10
29 34 10
29 34 10
29 34 10
29 34 10
29 34 10
29 34 10
29 34 10
29 34 10
29 34 10
29 34 10
29 34 10
29 34 10
29 34 10
29 34 10
29 34 10
29 34 10
29 34 10
29 34 10
29 34 10
29 34 10
29 34 10
29 34 10
29 34 10
29 34 10
29 34 10
29 34 10
29 34 10
29 34 10
29 34 10
29 34 10
29 34 10
29 34 10
30 35 10
30 35 10
30 35 10
30 35 10
30 35 10
30 35 10
30 35 10
30 35 10
30 35 10
30 35 10
30 35 10
30 35 10
30 35 10
30 35 10
30 35 10
30 35 10
30 35 10
30 35 10
30 35 10
30 35 10
30 35 10
30 35 10
30 35 10
30 35 10
30 35 10
30 35 10
30 35 10
30 35 10
30 35 10
30 35 10
30 35 10
30 35 10
30 35 10
30 35 10
30 35 10
30 35 10
30 35 10
30 35 10
30 35 10
30 35 10
30 35 10
30 35 10
30 35 10
30 35 10
30 35 10
30 35 10
30 35 10
30 35 10
30 35 10
30 35 10
30 35 10
30 35 10
30 35 10
30 35 10
30 35 10
30 35 10
30 35 10
30 35 10
30 35 10
31 36 10
31 36 10
31 36 10
31 36 10
31 36 10
31 36 10
31 36 10
31 36 10
31 36 10
31 36 10
31 36 10
31 36 10
31 36 10
31 36 10
31 36 10
31 36 10
31 36 10
31 36 10
31 36 10
31 36 10
31 36 10
31 36 10
31 36 10
31 36 10
31 36 10
31 36 10
31 36 10
31 36 10
31 36 10
31 36 10
31 36 10
31 36 10
31 36 10
31 36 10
31 36 10
31 36 10
31 36 10
31 36 10
31 36 10
31 36 10
31 36 10
31 36 10
31 36 10
31 36 10
31 36 10
31 36 10
31 36 10
31 36 10
31 36 10
31 36 10
31 36 10
31 36 10
31 36 10
31 36 10
31 36 10
31 36 10
31 36 10
31 36 10
31 36 10
32 37 10
32 37 10
32 37 10
32 37 10
32 37 10
32 37 10
32 37 10
32 37 10
32 37 10
32 37 10
32 37 10
32 37 10
32 37 10
32 37 10
32 37 10
32 37 10
32 37 10
32 37 10
32 37 10
32 37 10
32 37 10
32 37 10
32 37 10
32 37 10
32 37 10
32 37 10
32 37 10
32 37 10
32 37 10
32 37 10
32 37 10
32 37 10
32 37 10
32 37 10
32 37 10
32 37 10
32 37 10
32 37 10
32 37 10
32 37 10
32 37 10
32 37 10
32 37 10
32 37 10
32 37 10
32 37 10
32 37 10
32 37 10
32 37 10
32 37 10
32 37 10
32 37 10
32 37 10
32 37 10
33 38 10
33 38 10
33 38 10
33 38 10
33 38 10
33 38 10
33 38 10
33 38 10
33 38 10
33 38 10
33 38 10
33 38 10
33 38 10
33 38 10
33 38 10
33 38 10
33 38 10
33 38 10
33 38 10
33 38 10
33 38 10
33 38 10
33 38 10
33 38 10
33 38 10
33 38 10
33 38 10
33 38 10
33 38 10
33 38 10
33 38 10
33 38 10
33 38 10
33 38 10
33 38 10
33 38 10
33 38 10
33 38 10
33 38 10
33 38 10
33 38 10
33 38 10
33 38 10
34 39 10
34 39 10
34 39 10
34 39 10
34 39 10
34 39 10
34 39 10
34 39 10
34 39 10
34 39 10
34 39 10
34 39 10
34 39 10
34 39 10
34 39 10
34 39 10
34 39 10
34 39 10
34 39 10
34 39 10
34 39 10
34 39 10
34 39 10
34 39 10
34 39 10
34 39 10
34 39 10
34 39 10
34 39 10
34 39 10
34 39 10
34 39 10
34 39 10
34 39 10
34 39 10
34 39 10
34 39 10
34 39 10
34 39 10
34 39 10
34 39 10
34 39 10
34 39 10
34 39 10
34 39 10
34 39 10
34 39 10
34 39 10
34 39 10
35 40 10
35 40 10
35 40 10
35 40 10
35 40 10
35 40 10
35 40 10
35 40 10
35 40 10
35 40 10
35 40 10
35 40 10
35 40 10
35 40 10
35 40 10
35 40 10
35 40 10
35 40 10
35 40 10
35 40 10
35 40 10
35 40 10
35 40 10
35 40 10
35 40 10
35 40 10
35 40 10
35 40 10
35 40 10
35 40 10
35 40 10
35 40 10
35 40 10
35 40 10
35 40 10
35 40 10
35 40 10
35 40 10
35 40 10
35 40 10
35 40 10
35 40 10
35 40 10
35 40 10
35 40 10
35 40 10
35 40 10
35 40 10
35 40 10
35 40 10
35 40 10
36 41 10
36 41 10
36 41 10
36 41 10
36 41 10
36 41 10
36 41 10
36 41 10
36 41 10
36 41 10
36 41 10
36 41 10
36 41 10
36 41 10
36 41 10
36 41 10
36 41 10
36 41 10
36 41 10
36 41 10
36 41 10
36 41 10
36 41 10
36 41 10
36 41 10
36 41 10
36 41 10
36 41 10
36 41 10
36 41 10
36 41 10
36 41 10
36 41 10
36 41 10
36 41 10
36 41 10
36 41 10
36 41 10
36 41 10
36 41 10
36 41 10
36 41 10
36 41 10
36 41 10
36 41 10
36 41 10
36 41 10
36 41 10
36 41 10
36 41 10
36 41 10
36 41 10
36 41 10
36 41 10
36 41 10
36 41 10
37 42 10
37 42 10
37 42 10
37 42 10
37 42 10
37 42 10
37 42 10
37 42 10
37 42 10
37 42 10
37 42 10
37 42 10
37 42 10
37 42 10
37 42 10
37 42 10
37 42 10
37 42 10
37 42 10
37 42 10
37 42 10
37 42 10
37 42 10
37 42 10
37 42 10
37 42 10
37 42 10
37 42 10
37 42 10
37 42 10
37 42 10
37 42 10
37 42 10
37 42 10
37 42 10
37 42 10
37 42 10
37 42 10
37 42 10
37 42 10
37 42 10
37 42 10
37 42 10
37 42 10
37 42 10
37 42 10
37 42 10
37 42 10
37 42 10
37 42 10
37 42 10
37 42 10
37 42 10
37 42 10
37 42 10
38 43 10
38 43 10
38 43 10
38 43 10
38 43 10
38 43 10
38 43 10
38 43 10
38 43 10
38 43 10
38 43 10
38 43 10
38 43 10
38 43 10
38 43 10
38 43 10
38 43 10
38 43 10
38 43 10
38 43 10
38 43 10
38 43 10
38 43 10
38 43 10
38 43 10
38 43 10
38 43 10
38 43 10
38 43 10
38 43 10
38 43 10
38 43 10
38 43 10
38 43 10
38 43 10
38 43 10
38 43 10
38 43 10
38 43 10
38 43 10
38 43 10
38 43 10
38 43 10
38 43 10
38 43 10
38 43 10
38 43 10
38 43 10
38 43 10
38 43 10
38 43 10
38 43 10
39 44 10
39 44 10
39 44 10
39 44 10
39 44 10
39 44 10
39 44 10
39 44 10
39 44 10
39 44 10
39 44 10
39 44 10
39 44 10
39 44 10
39 44 10
39 44 10
39 44 10
39 44 10
39 44 10
39 44 10
39 44 10
39 44 10
39 44 10
39 44 10
39 44 10
39 44 10
39 44 10
39 44 10
39 44 10
39 44 10
39 44 10
39 44 10
39 44 10
39 44 10
39 44 10
39 44 10
39 44 10
39 44 10
39 44 10
39 44 10
39 44 10
39 44 10
39 44 10
39 44 10
39 44 10
39 44 10
40 45 10
40 45 10
40 45 10
40 45 10
40 45 10
40 45 10
40 45 10
40 45 10
40 45 10
40 45 10
40 45 10
40 45 10
40 45 10
40 45 10
40 45 10
40 45 10
40 45 10
40 45 10
40 45 10
40 45 10
40 45 10
40 45 10
40 45 10
40 45 10
40 45 10
40 45 10
40 45 10
40 45 10
40 45 10
40 45 10
40 45 10
40 45 10
40 45 10
40 45 10
40 45 10
40 45 10
40 45 10
40 45 10
40 45 10
40 45 10
40 45 10
40 45 10
40 45 10
40 45 10
40 45 10
40 45 10
40 45 10
40 45 10
40 45 10
40 45 10
40 45 10
40 45 10
41 46 10
41 46 10
41 46 10
41 46 10
41 46 10
41 46 10
41 46 10
41 46 10
41 46 10
41 46 10
41 46 10
41 46 10
41 46 10
41 46 10
41 46 10
41 46 10
41 46 10
41 46 10
41 46 10
41 46 10
41 46 10
41 46 10
41 46 10
41 46 10
41 46 10
41 46 10
41 46 10
41 46 10
41 46 10
41 46 10
41 46 10
41 46 10
41 46 10
41 46 10
41 46 10
41 46 10
41 46 10
41 46 10
41 46 10
41 46 10
41 46 10
41 46 10
42 47 10
42 47 10
42 47 10
42 47 10
42 47 10
42 47 10
42 47 10
42 47 10
42 47 10
42 47 10
42 47 10
42 47 10
42 47 10
42 47 10
42 47 10
42 47 10
42 47 10
42 47 10
42 47 10
42 47 10
42 47 10
42 47 10
42 47 10
42 47 10
42 47 10
42 47 10
42 47 10
42 47 10
42 47 10
42 47 10
42 47 10
42 47 10
42 47 10
42 47 10
42 47 10
42 47 10
42 47 10
42 47 10
42 47 10
42 47 10
42 47 10
42 47 10
42 47 10
42 47 10
42 47 10
42 47 10
42 47 10
42 47 10
42 47 10
43 48 10
43 48 10
43 48 10
43 48 10
43 48 10
43 48 10
43 48 10
43 48 10
43 48 10
43 48 10
43 48 10
43 48 10
43 48 10
43 48 10
43 48 10
43 48 10
43 48 10
43 48 10
43 48 10
43 48 10
43 48 10
43 48 10
43 48 10
43 48 10
43 48 10
43 48 10
43 48 10
43 48 10
43 48 10
43 48 10
43 48 10
43 48 10
43 48 10
43 48 10
43 48 10
43 48 10
43 48 10
43 48 10
43 48 10
43 48 10
43 48 10
43 48 10
43 48 10
43 48 10
43 48 10
43 48 10
43 48 10
43 48 10
43 48 10
43 48 10
43 48 10
43 48 10
43 48 10
43 48 10
43 48 10
43 48 10
43 48 10
43 48 10
43 48 10
43 48 10
43 48 10
43 48 10
43 48 10
43 48 10
43 48 10
43 48 10
43 48 10
44 49 10
44 49 10
44 49 10
44 49 10
44 49 10
44 49 10
44 49 10
44 49 10
44 49 10
44 49 10
44 49 10
44 49 10
44 49 10
44 49 10
44 49 10
44 49 10
44 49 10
44 49 10
44 49 10
44 49 10
44 49 10
44 49 10
44 49 10
44 49 10
44 49 10
44 49 10
44 49 10
44 49 10
44 49 10
44 49 10
44 49 10
44 49 10
44 49 10
44 49 10
44 49 10
44 49 10
44 49 10
44 49 10
44 49 10
44 49 10
44 49 10
44 49 10
44 49 10
44 49 10
44 49 10
44 49 10
44 49 10
44 49 10
44 49 10
44 49 10
44 49 10
44 49 10
44 49 10
44 49 10
44 49 10
45 50 10
45 50 10
45 50 10
45 50 10
45 50 10
45 50 10
45 50 10
45 50 10
45 50 10
45 50 10
45 50 10
45 50 10
45 50 10
45 50 10
45 50 10
45 50 10
45 50 10
45 50 10
45 50 10
45 50 10
45 50 10
45 50 10
45 50 10
45 50 10
45 50 10
45 50 10
45 50 10
45 50 10
45 50 10
45 50 10
45 50 10
45 50 10
45 50 10
45 50 10
45 50 10
45 50 10
45 50 10
45 50 10
45 50 10
45 50 10
45 50 10
45 50 10
45 50 10
45 50 10
45 50 10
45 50 10
45 50 10
45 50 10
45 50 10
45 50 10
45 50 10
45 50 10
45 50 10
45 50 10
45 50 10
46 51 10
46 51 10
46 51 10
46 51 10
46 51 10
46 51 10
46 51 10
46 51 10
46 51 10
46 51 10
46 51 10
46 51 10
46 51 10
46 51 10
46 51 10
46 51 10
46 51 10
46 51 10
46 51 10
46 51 10
46 51 10
46 51 10
46 51 10
46 51 10
46 51 10
46 51 10
46 51 10
46 51 10
46 51 10
46 51 10
46 51 10
46 51 10
46 51 10
46 51 10
46 51 10
46 51 10
46 51 10
46 51 10
46 51 10
46 51 10
47 52 10
47 52 10
47 52 10
47 52 10
47 52 10
47 52 10
47 52 10
47 52 10
47 52 10
47 52 10
47 52 10
47 52 10
47 52 10
47 52 10
47 52 10
47 52 10
47 52 10
47 52 10
47 52 10
47 52 10
47 52 10
47 52 10
47 52 10
47 52 10
47 52 10
47 52 10
47 52 10
47 52 10
47 52 10
47 52 10
47 52 10
47 52 10
47 52 10
47 52 10
47 52 10
47 52 10
47 52 10
47 52 10
47 52 10
47 52 10
47 52 10
47 52 10
47 52 10
47 52 10
47 52 10
47 52 10
47 52 10
47 52 10
47 52 10
47 52 10
47 52 10
47 52 10
47 52 10
47 52 10
47 52 10
47 52 10
47 52 10
48 53 10
48 53 10
48 53 10
48 53 10
48 53 10
48 53 10
48 53 10
48 53 10
48 53 10
48 53 10
48 53 10
48 53 10
48 53 10
48 53 10
48 53 10
48 53 10
48 53 10
48 53 10
48 53 10
48 53 10
48 53 10
48 53 10
48 53 10
48 53 10
48 53 10
48 53 10
48 53 10
48 53 10
48 53 10
48 53 10
48 53 10
48 53 10
48 53 10
48 53 10
48 53 10
48 53 10
48 53 10
48 53 10
48 53 10
48 53 10
48 53 10
48 53 10
48 53 10
48 53 10
48 53 10
48 53 10
48 53 10
48 53 10
48 53 10
49 54 10
49 54 10
49 54 10
49 54 10
49 54 10
49 54 10
49 54 10
49 54 10
49 54 10
49 54 10
49 54 10
49 54 10
49 54 10
49 54 10
49 54 10
49 54 10
49 54 10
49 54 10
49 54 10
49 54 10
49 54 10
49 54 10
49 54 10
49 54 10
49 54 10
49 54 10
49 54 10
49 54 10
49 54 10
49 54 10
49 54 10
49 54 10
49 54 10
49 54 10
49 54 10
49 54 10
49 54 10
49 54 10
49 54 10
49 54 10
49 54 10
49 54 10
49 54 10
49 54 10
49 54 10
49 54 10
49 54 10
49 54 10
49 54 10
49 54 10
49 54 10
49 54 10
49 54 10
49 54 10
49 54 10
49 54 10
49 54 10
50 55 10
50 55 10
50 55 10
50 55 10
50 55 10
50 55 10
50 55 10
50 55 10
50 55 10
50 55 10
50 55 10
50 55 10
50 55 10
50 55 10
50 55 10
50 55 10
50 55 10
50 55 10
50 55 10
50 55 10
50 55 10
50 55 10
50 55 10
50 55 10
50 55 10
50 55 10
50 55 10
50 55 10
50 55 10
50 55 10
50 55 10
50 55 10
50 55 10
50 55 10
50 55 10
50 55 10
50 55 10
50 55 10
50 55 10
50 55 10
50 55 10
50 55 10
50 55 10
50 55 10
50 55 10
50 55 10
50 55 10
50 55 10
50 55 10
51 56 10
51 56 10
51 56 10
51 56 10
51 56 10
51 56 10
51 56 10
51 56 10
51 56 10
51 56 10
51 56 10
51 56 10
51 56 10
51 56 10
51 56 10
51 56 10
51 56 10
51 56 10
51 56 10
51 56 10
51 56 10
51 56 10
51 56 10
51 56 10
51 56 10
51 56 10
51 56 10
51 56 10
51 56 10
51 56 10
51 56 10
51 56 10
51 56 10
51 56 10
51 56 10
51 56 10
51 56 10
51 56 10
51 56 10
51 56 10
51 56 10
51 56 10
51 56 10
51 56 10
51 56 10
52 57 10
52 57 10
52 57 10
52 57 10
52 57 10
52 57 10
52 57 10
52 57 10
52 57 10
52 57 10
52 57 10
52 57 10
52 57 10
52 57 10
52 57 10
52 57 10
52 57 10
52 57 10
52 57 10
52 57 10
52 57 10
52 57 10
52 57 10
52 57 10
52 57 10
52 57 10
52 57 10
52 57 10
52 57 10
52 57 10
52 57 10
52 57 10
52 57 10
52 57 10
52 57 10
52 57 10
52 57 10
52 57 10
52 57 10
52 57 10
52 57 10
52 57 10
52 57 10
52 57 10
52 57 10
52 57 10
52 57 10
52 57 10
52 57 10
52 57 10
52 57 10
52 57 10
52 57 10
52 57 10
52 57 10
52 57 10
52 57 10
52 57 10
52 57 10
52 57 10
52 57 10
53 58 10
53 58 10
53 58 10
53 58 10
53 58 10
53 58 10
53 58 10
53 58 10
53 58 10
53 58 10
53 58 10
53 58 10
53 58 10
53 58 10
53 58 10
53 58 10
53 58 10
53 58 10
53 58 10
53 58 10
53 58 10
53 58 10
53 58 10
53 58 10
53 58 10
53 58 10
53 58 10
53 58 10
53 58 10
53 58 10
53 58 10
53 58 10
53 58 10
53 58 10
53 58 10
53 58 10
53 58 10
53 58 10
53 58 10
53 58 10
53 58 10
53 58 10
53 58 10
53 58 10
53 58 10
53 58 10
53 58 10
53 58 10
54 59 10
54 59 10
54 59 10
54 59 10
54 59 10
54 59 10
54 59 10
54 59 10
54 59 10
54 59 10
54 59 10
54 59 10
54 59 10
54 59 10
54 59 10
54 59 10
54 59 10
54 59 10
54 59 10
54 59 10
54 59 10
54 59 10
54 59 10
54 59 10
54 59 10
54 59 10
54 59 10
54 59 10
54 59 10
54 59 10
54 59 10
54 59 10
54 59 10
54 59 10
54 59 10
54 59 10
54 59 10
54 59 10
54 59 10
54 59 10
54 59 10
54 59 10
54 59 10
54 59 10
54 59 10
54 59 10
54 59 10
54 59 10
54 59 10
54 59 10
54 59 10
54 59 10
54 59 10
54 59 10
54 59 10
55 60 10
55 60 10
55 60 10
55 60 10
55 60 10
55 60 10
55 60 10
55 60 10
55 60 10
55 60 10
55 60 10
55 60 10
55 60 10
55 60 10
55 60 10
55 60 10
55 60 10
55 60 10
55 60 10
55 60 10
55 60 10
55 60 10
55 60 10
55 60 10
55 60 10
55 60 10
55 60 10
55 60 10
55 60 10
55 60 10
55 60 10
55 60 10
55 60 10
55 60 10
55 60 10
55 60 10
55 60 10
55 60 10
55 60 10
55 60 10
55 60 10
55 60 10
55 60 10
56 61 10
56 61 10
56 61 10
56 61 10
56 61 10
56 61 10
56 61 10
56 61 10
56 61 10
56 61 10
56 61 10
56 61 10
56 61 10
56 61 10
56 61 10
56 61 10
56 61 10
56 61 10
56 61 10
56 61 10
56 61 10
56 61 10
56 61 10
56 61 10
56 61 10
56 61 10
56 61 10
56 61 10
56 61 10
56 61 10
56 61 10
56 61 10
56 61 10
56 61 10
56 61 10
56 61 10
56 61 10
56 61 10
56 61 10
56 61 10
56 61 10
56 61 10
56 61 10
56 61 10
56 61 10
56 61 10
56 61 10
56 61 10
56 61 10
56 61 10
56 61 10
56 61 10
56 61 10
56 61 10
56 61 10
56 61 10
56 61 10
56 61 10
56 61 10
57 62 10
57 62 10
57 62 10
57 62 10
57 62 10
57 62 10
57 62 10
57 62 10
57 62 10
57 62 10
57 62 10
57 62 10
57 62 10
57 62 10
57 62 10
57 62 10
57 62 10
57 62 10
57 62 10
57 62 10
57 62 10
57 62 10
57 62 10
57 62 10
57 62 10
57 62 10
57 62 10
57 62 10
57 62 10
57 62 10
57 62 10
57 62 10
57 62 10
57 62 10
57 62 10
57 62 10
57 62 10
57 62 10
57 62 10
57 62 10
57 62 10
57 62 10
57 62 10
57 62 10
57 62 10
57 62 10
57 62 10
57 62 10
57 62 10
57 62 10
57 62 10
57 62 10
57 62 10
58 63 10
58 63 10
58 63 10
58 63 10
58 63 10
58 63 10
58 63 10
58 63 10
58 63 10
58 63 10
58 63 10
58 63 10
58 63 10
58 63 10
58 63 10
58 63 10
58 63 10
58 63 10
58 63 10
58 63 10
58 63 10
58 63 10
58 63 10
58 63 10
58 63 10
58 63 10
58 63 10
58 63 10
58 63 10
58 63 10
58 63 10
58 63 10
58 63 10
58 63 10
58 63 10
58 63 10
58 63 10
58 63 10
58 63 10
58 63 10
58 63 10
58 63 10
58 63 10
58 63 10
58 63 10
58 63 10
58 63 10
58 63 10
58 63 10
58 63 10
58 63 10
58 63 10
58 63 10
58 63 10
58 63 10
58 63 10
58 63 10
58 63 10
58 63 10
58 63 10
58 63 10
59 64 10
59 64 10
59 64 10
59 64 10
59 64 10
59 64 10
59 64 10
59 64 10
59 64 10
59 64 10
59 64 10
59 64 10
59 64 10
59 64 10
59 64 10
59 64 10
59 64 10
59 64 10
59 64 10
59 64 10
59 64 10
59 64 10
59 64 10
59 64 10
59 64 10
59 64 10
59 64 10
59 64 10
59 64 10
59 64 10
59 64 10
59 64 10
59 64 10
59 64 10
59 64 10
59 64 10
59 64 10
59 64 10
59 64 10
59 64 10
59 64 10
59 64 10
59 64 10
59 64 10
59 64 10
59 64 10
59 64 10
60 65 10
60 65 10
60 65 10
60 65 10
60 65 10
60 65 10
60 65 10
60 65 10
60 65 10
60 65 10
60 65 10
60 65 10
60 65 10
60 65 10
60 65 10
60 65 10
60 65 10
60 65 10
60 65 10
60 65 10
60 65 10
60 65 10
60 65 10
60 65 10
60 65 10
60 65 10
60 65 10
60 65 10
60 65 10
60 65 10
60 65 10
60 65 10
60 65 10
60 65 10
60 65 10
60 65 10
60 65 10
60 65 10
60 65 10
60 65 10
61 66 10
61 66 10
61 66 10
61 66 10
61 66 10
61 66 10
61 66 10
61 66 10
61 66 10
61 66 10
61 66 10
61 66 10
61 66 10
61 66 10
61 66 10
61 66 10
61 66 10
61 66 10
61 66 10
61 66 10
61 66 10
61 66 10
61 66 10
61 66 10
61 66 10
61 66 10
61 66 10
61 66 10
61 66 10
61 66 10
61 66 10
61 66 10
61 66 10
61 66 10
61 66 10
61 66 10
61 66 10
61 66 10
61 66 10
61 66 10
61 66 10
61 66 10
61 66 10
61 66 10
61 66 10
61 66 10
61 66 10
61 66 10
62 67 10
62 67 10
62 67 10
62 67 10
62 67 10
62 67 10
62 67 10
62 67 10
62 67 10
62 67 10
62 67 10
62 67 10
62 67 10
62 67 10
62 67 10
62 67 10
62 67 10
62 67 10
62 67 10
62 67 10
62 67 10
62 67 10
62 67 10
62 67 10
62 67 10
62 67 10
62 67 10
62 67 10
62 67 10
62 67 10
62 67 10
62 67 10
62 67 10
62 67 10
62 67 10
62 67 10
62 67 10
62 67 10
62 67 10
62 67 10
62 67 10
62 67 10
63 68 10
63 68 10
63 68 10
63 68 10
63 68 10
63 68 10
63 68 10
63 68 10
63 68 10
63 68 10
63 68 10
63 68 10
63 68 10
63 68 10
63 68 10
63 68 10
63 68 10
63 68 10
63 68 10
63 68 10
63 68 10
63 68 10
63 68 10
63 68 10
63 68 10
63 68 10
63 68 10
63 68 10
63 68 10
63 68 10
63 68 10
63 68 10
63 68 10
63 68 10
63 68 10
63 68 10
63 68 10
63 68 10
63 68 10
63 68 10
63 68 10
63 68 10
63 68 10
63 68 10
63 68 10
63 68 10
63 68 10
63 68 10
64 69 10
64 69 10
64 69 10
64 69 10
64 69 10
64 69 10
64 69 10
64 69 10
64 69 10
64 69 10
64 69 10
64 69 10
64 69 10
64 69 10
64 69 10
64 69 10
64 69 10
64 69 10
64 69 10
64 69 10
64 69 10
64 69 10
64 69 10
64 69 10
64 69 10
64 69 10
64 69 10
64 69 10
64 69 10
64 69 10
64 69 10
64 69 10
64 69 10
64 69 10
64 69 10
64 69 10
64 69 10
64 69 10
64 69 10
64 69 10
64 69 10
64 69 10
64 69 10
64 69 10
64 69 10
64 69 10
64 69 10
64 69 10
64 69 10
64 69 10
64 69 10
64 69 10
64 69 10
65 70 10
65 70 10
65 70 10
65 70 10
65 70 10
65 70 10
65 70 10
65 70 10
65 70 10
65 70 10
65 70 10
65 70 10
65 70 10
65 70 10
65 70 10
65 70 10
65 70 10
65 70 10
65 70 10
65 70 10
65 70 10
65 70 10
65 70 10
65 70 10
65 70 10
65 70 10
65 70 10
65 70 10
65 70 10
65 70 10
65 70 10
65 70 10
65 70 10
65 70 10
65 70 10
65 70 10
65 70 10
65 70 10
65 70 10
65 70 10
66 71 10
66 71 10
66 71 10
66 71 10
66 71 10
66 71 10
66 71 10
66 71 10
66 71 10
66 71 10
66 71 10
66 71 10
66 71 10
66 71 10
66 71 10
66 71 10
66 71 10
66 71 10
66 71 10
66 71 10
66 71 10
66 71 10
66 71 10
66 71 10
66 71 10
66 71 10
66 71 10
66 71 10
66 71 10
66 71 10
66 71 10
66 71 10
66 71 10
66 71 10
66 71 10
66 71 10
66 71 10
66 71 10
66 71 10
66 71 10
66 71 10
66 71 10
66 71 10
66 71 10
66 71 10
66 71 10
66 71 10
66 71 10
67 72 10
67 72 10
67 72 10
67 72 10
67 72 10
67 72 10
67 72 10
67 72 10
67 72 10
67 72 10
67 72 10
67 72 10
67 72 10
67 72 10
67 72 10
67 72 10
67 72 10
67 72 10
67 72 10
67 72 10
67 72 10
67 72 10
67 72 10
67 72 10
67 72 10
67 72 10
67 72 10
67 72 10
67 72 10
67 72 10
67 72 10
67 72 10
67 72 10
67 72 10
67 72 10
67 72 10
67 72 10
67 72 10
67 72 10
67 72 10
67 72 10
67 72 10
67 72 10
67 72 10
67 72 10
67 72 10
67 72 10
67 72 10
67 72 10
68 73 10
68 73 10
68 73 10
68 73 10
68 73 10
68 73 10
68 73 10
68 73 10
68 73 10
68 73 10
68 73 10
68 73 10
68 73 10
68 73 10
68 73 10
68 73 10
68 73 10
68 73 10
68 73 10
68 73 10
68 73 10
68 73 10
68 73 10
68 73 10
68 73 10
68 73 10
68 73 10
68 73 10
68 73 10
68 73 10
68 73 10
68 73 10
68 73 10
68 73 10
68 73 10
68 73 10
68 73 10
68 73 10
68 73 10
68 73 10
68 73 10
68 73 10
68 73 10
68 73 10
68 73 10
68 73 10
68 73 10
68 73 10
68 73 10
69 74 10
69 74 10
69 74 10
69 74 10
69 74 10
69 74 10
69 74 10
69 74 10
69 74 10
69 74 10
69 74 10
69 74 10
69 74 10
69 74 10
69 74 10
69 74 10
69 74 10
69 74 10
69 74 10
69 74 10
69 74 10
69 74 10
69 74 10
69 74 10
69 74 10
69 74 10
69 74 10
69 74 10
69 74 10
69 74 10
69 74 10
69 74 10
69 74 10
69 74 10
69 74 10
69 74 10
69 74 10
69 74 10
69 74 10
69 74 10
70 75 10
70 75 10
70 75 10
70 75 10
70 75 10
70 75 10
70 75 10
70 75 10
70 75 10
70 75 10
70 75 10
70 75 10
70 75 10
70 75 10
70 75 10
70 75 10
70 75 10
70 75 10
70 75 10
70 75 10
70 75 10
70 75 10
70 75 10
70 75 10
70 75 10
70 75 10
70 75 10
70 75 10
70 75 10
70 75 10
70 75 10
70 75 10
70 75 10
70 75 10
70 75 10
70 75 10
70 75 10
70 75 10
70 75 10
70 75 10
70 75 10
70 75 10
70 75 10
70 75 10
70 75 10
70 75 10
70 75 10
71 76 10
71 76 10
71 76 10
71 76 10
71 76 10
71 76 10
71 76 10
71 76 10
71 76 10
71 76 10
71 76 10
71 76 10
71 76 10
71 76 10
71 76 10
71 76 10
71 76 10
71 76 10
71 76 10
71 76 10
71 76 10
71 76 10
71 76 10
71 76 10
71 76 10
71 76 10
71 76 10
71 76 10
71 76 10
71 76 10
71 76 10
71 76 10
71 76 10
71 76 10
71 76 10
71 76 10
71 76 10
71 76 10
71 76 10
71 76 10
71 76 10
71 76 10
71 76 10
71 76 10
71 76 10
71 76 10
71 76 10
71 76 10
71 76 10
71 76 10
71 76 10
71 76 10
71 76 10
72 77 10
72 77 10
72 77 10
72 77 10
72 77 10
72 77 10
72 77 10
72 77 10
72 77 10
72 77 10
72 77 10
72 77 10
72 77 10
72 77 10
72 77 10
72 77 10
72 77 10
72 77 10
72 77 10
72 77 10
72 77 10
72 77 10
72 77 10
72 77 10
72 77 10
72 77 10
72 77 10
72 77 10
72 77 10
72 77 10
72 77 10
72 77 10
72 77 10
72 77 10
72 77 10
72 77 10
72 77 10
72 77 10
72 77 10
72 77 10
72 77 10
72 77 10
72 77 10
72 77 10
72 77 10
72 77 10
72 77 10
73 78 10
73 78 10
73 78 10
73 78 10
73 78 10
73 78 10
73 78 10
73 78 10
73 78 10
73 78 10
73 78 10
73 78 10
73 78 10
73 78 10
73 78 10
73 78 10
73 78 10
73 78 10
73 78 10
73 78 10
73 78 10
73 78 10
73 78 10
73 78 10
73 78 10
73 78 10
73 78 10
73 78 10
73 78 10
73 78 10
73 78 10
73 78 10
73 78 10
73 78 10
73 78 10
73 78 10
73 78 10
73 78 10
73 78 10
73 78 10
73 78 10
73 78 10
73 78 10
73 78 10
73 78 10
74 79 10
74 79 10
74 79 10
74 79 10
74 79 10
74 79 10
74 79 10
74 79 10
74 79 10
74 79 10
74 79 10
74 79 10
74 79 10
74 79 10
74 79 10
74 79 10
74 79 10
74 79 10
74 79 10
74 79 10
74 79 10
74 79 10
74 79 10
74 79 10
74 79 10
74 79 10
74 79 10
74 79 10
74 79 10
74 79 10
74 79 10
74 79 10
74 79 10
74 79 10
74 79 10
74 79 10
74 79 10
74 79 10
74 79 10
74 79 10
74 79 10
74 79 10
74 79 10
74 79 10
74 79 10
74 79 10
74 79 10
74 79 10
74 79 10
75 80 10
75 80 10
75 80 10
75 80 10
75 80 10
75 80 10
75 80 10
75 80 10
75 80 10
75 80 10
75 80 10
75 80 10
75 80 10
75 80 10
75 80 10
75 80 10
75 80 10
75 80 10
75 80 10
75 80 10
75 80 10
75 80 10
75 80 10
75 80 10
75 80 10
75 80 10
75 80 10
75 80 10
75 80 10
75 80 10
75 80 10
75 80 10
75 80 10
75 80 10
75 80 10
75 80 10
75 80 10
75 80 10
75 80 10
75 80 10
75 80 10
76 81 10
76 81 10
76 81 10
76 81 10
76 81 10
76 81 10
76 81 10
76 81 10
76 81 10
76 81 10
76 81 10
76 81 10
76 81 10
76 81 10
76 81 10
76 81 10
76 81 10
76 81 10
76 81 10
76 81 10
76 81 10
76 81 10
76 81 10
76 81 10
76 81 10
76 81 10
76 81 10
76 81 10
76 81 10
76 81 10
76 81 10
76 81 10
76 81 10
76 81 10
76 81 10
76 81 10
76 81 10
76 81 10
76 81 10
76 81 10
76 81 10
76 81 10
76 81 10
76 81 10
76 81 10
77 82 10
77 82 10
77 82 10
77 82 10
77 82 10
77 82 10
77 82 10
77 82 10
77 82 10
77 82 10
77 82 10
77 82 10
77 82 10
77 82 10
77 82 10
77 82 10
77 82 10
77 82 10
77 82 10
77 82 10
77 82 10
77 82 10
77 82 10
77 82 10
77 82 10
77 82 10
77 82 10
77 82 10
77 82 10
77 82 10
77 82 10
77 82 10
77 82 10
77 82 10
77 82 10
77 82 10
77 82 10
77 82 10
77 82 10
77 82 10
78 83 10
78 83 10
78 83 10
78 83 10
78 83 10
78 83 10
78 83 10
78 83 10
78 83 10
78 83 10
78 83 10
78 83 10
78 83 10
78 83 10
78 83 10
78 83 10
78 83 10
78 83 10
78 83 10
78 83 10
78 83 10
78 83 10
78 83 10
78 83 10
78 83 10
78 83 10
78 83 10
78 83 10
78 83 10
78 83 10
78 83 10
78 83 10
78 83 10
78 83 10
78 83 10
78 83 10
78 83 10
78 83 10
78 83 10
78 83 10
78 83 10
78 83 10
78 83 10
78 83 10
78 83 10
78 83 10
78 83 10
78 83 10
78 83 10
78 83 10
78 83 10
78 83 10
79 84 10
79 84 10
79 84 10
79 84 10
79 84 10
79 84 10
79 84 10
79 84 10
79 84 10
79 84 10
79 84 10
79 84 10
79 84 10
79 84 10
79 84 10
79 84 10
79 84 10
79 84 10
79 84 10
79 84 10
79 84 10
79 84 10
79 84 10
79 84 10
79 84 10
79 84 10
79 84 10
79 84 10
79 84 10
79 84 10
79 84 10
79 84 10
79 84 10
79 84 10
79 84 10
79 84 10
79 84 10
79 84 10
79 84 10
79 84 10
79 84 10
79 84 10
79 84 10
79 84 10
79 84 10
79 84 10
79 84 10
79 84 10
79 84 10
79 84 10
79 84 10
79 84 10
79 84 10
79 84 10
79 84 10
79 84 10
80 85 10
80 85 10
80 85 10
80 85 10
80 85 10
80 85 10
80 85 10
80 85 10
80 85 10
80 85 10
80 85 10
80 85 10
80 85 10
80 85 10
80 85 10
80 85 10
80 85 10
80 85 10
80 85 10
80 85 10
80 85 10
80 85 10
80 85 10
80 85 10
80 85 10
80 85 10
80 85 10
80 85 10
80 85 10
80 85 10
80 85 10
80 85 10
80 85 10
80 85 10
80 85 10
80 85 10
80 85 10
80 85 10
80 85 10
80 85 10
80 85 10
80 85 10
80 85 10
80 85 10
81 86 10
81 86 10
81 86 10
81 86 10
81 86 10
81 86 10
81 86 10
81 86 10
81 86 10
81 86 10
81 86 10
81 86 10
81 86 10
81 86 10
81 86 10
81 86 10
81 86 10
81 86 10
81 86 10
81 86 10
81 86 10
81 86 10
81 86 10
81 86 10
81 86 10
81 86 10
81 86 10
81 86 10
81 86 10
81 86 10
81 86 10
81 86 10
81 86 10
81 86 10
81 86 10
81 86 10
81 86 10
81 86 10
81 86 10
81 86 10
81 86 10
82 87 10
82 87 10
82 87 10
82 87 10
82 87 10
82 87 10
82 87 10
82 87 10
82 87 10
82 87 10
82 87 10
82 87 10
82 87 10
82 87 10
82 87 10
82 87 10
82 87 10
82 87 10
82 87 10
82 87 10
82 87 10
82 87 10
82 87 10
82 87 10
82 87 10
82 87 10
82 87 10
82 87 10
82 87 10
82 87 10
82 87 10
82 87 10
82 87 10
82 87 10
82 87 10
82 87 10
82 87 10
82 87 10
82 87 10
82 87 10
82 87 10
82 87 10
82 87 10
82 87 10
82 87 10
82 87 10
82 87 10
82 87 10
82 87 10
82 87 10
82 87 10
82 87 10
82 87 10
82 87 10
82 87 10
82 87 10
82 87 10
82 87 10
82 87 10
82 87 10
82 87 10
82 87 10
82 87 10
82 87 10
83 88 10
83 88 10
83 88 10
83 88 10
83 88 10
83 88 10
83 88 10
83 88 10
83 88 10
83 88 10
83 88 10
83 88 10
83 88 10
83 88 10
83 88 10
83 88 10
83 88 10
83 88 10
83 88 10
83 88 10
83 88 10
83 88 10
83 88 10
83 88 10
83 88 10
83 88 10
83 88 10
83 88 10
83 88 10
83 88 10
83 88 10
83 88 10
83 88 10
83 88 10
83 88 10
83 88 10
83 88 10
83 88 10
83 88 10
83 88 10
83 88 10
83 88 10
83 88 10
83 88 10
83 88 10
83 88 10
83 88 10
84 89 10
84 89 10
84 89 10
84 89 10
84 89 10
84 89 10
84 89 10
84 89 10
84 89 10
84 89 10
84 89 10
84 89 10
84 89 10
84 89 10
84 89 10
84 89 10
84 89 10
84 89 10
84 89 10
84 89 10
84 89 10
84 89 10
84 89 10
84 89 10
84 89 10
84 89 10
84 89 10
84 89 10
84 89 10
84 89 10
84 89 10
84 89 10
84 89 10
84 89 10
84 89 10
84 89 10
85 90 10
85 90 10
85 90 10
85 90 10
85 90 10
85 90 10
85 90 10
85 90 10
85 90 10
85 90 10
85 90 10
85 90 10
85 90 10
85 90 10
85 90 10
85 90 10
85 90 10
85 90 10
85 90 10
85 90 10
85 90 10
85 90 10
85 90 10
85 90 10
85 90 10
85 90 10
85 90 10
85 90 10
85 90 10
85 90 10
85 90 10
85 90 10
85 90 10
85 90 10
85 90 10
85 90 10
85 90 10
85 90 10
85 90 10
85 90 10
85 90 10
85 90 10
85 90 10
85 90 10
85 90 10
85 90 10
85 90 10
85 90 10
85 90 10
85 90 10
85 90 10
86 91 10
86 91 10
86 91 10
86 91 10
86 91 10
86 91 10
86 91 10
86 91 10
86 91 10
86 91 10
86 91 10
86 91 10
86 91 10
86 91 10
86 91 10
86 91 10
86 91 10
86 91 10
86 91 10
86 91 10
86 91 10
86 91 10
86 91 10
86 91 10
86 91 10
86 91 10
86 91 10
86 91 10
86 91 10
86 91 10
86 91 10
86 91 10
86 91 10
86 91 10
86 91 10
86 91 10
86 91 10
86 91 10
86 91 10
86 91 10
86 91 10
86 91 10
86 91 10
86 91 10
86 91 10
86 91 10
86 91 10
86 91 10
86 91 10
87 92 10
87 92 10
87 92 10
87 92 10
87 92 10
87 92 10
87 92 10
87 92 10
87 92 10
87 92 10
87 92 10
87 92 10
87 92 10
87 92 10
87 92 10
87 92 10
87 92 10
87 92 10
87 92 10
87 92 10
87 92 10
87 92 10
87 92 10
87 92 10
87 92 10
87 92 10
87 92 10
87 92 10
87 92 10
87 92 10
87 92 10
87 92 10
87 92 10
87 92 10
87 92 10
87 92 10
87 92 10
87 92 10
87 92 10
87 92 10
87 92 10
87 92 10
87 92 10
87 92 10
87 92 10
88 93 10
88 93 10
88 93 10
88 93 10
88 93 10
88 93 10
88 93 10
88 93 10
88 93 10
88 93 10
88 93 10
88 93 10
88 93 10
88 93 10
88 93 10
88 93 10
88 93 10
88 93 10
88 93 10
88 93 10
88 93 10
88 93 10
88 93 10
88 93 10
88 93 10
88 93 10
88 93 10
88 93 10
88 93 10
88 93 10
88 93 10
88 93 10
88 93 10
88 93 10
88 93 10
88 93 10
88 93 10
88 93 10
88 93 10
88 93 10
88 93 10
88 93 10
88 93 10
88 93 10
88 93 10
88 93 10
88 93 10
88 93 10
88 93 10
88 93 10
88 93 10
88 93 10
88 93 10
88 93 10
88 93 10
88 93 10
88 93 10
88 93 10
88 93 10
88 93 10
88 93 10
88 93 10
88 93 10
88 93 10
88 93 10
88 93 10
88 93 10
88 93 10
89 94 10
89 94 10
89 94 10
89 94 10
89 94 10
89 94 10
89 94 10
89 94 10
89 94 10
89 94 10
89 94 10
89 94 10
89 94 10
89 94 10
89 94 10
89 94 10
89 94 10
89 94 10
89 94 10
89 94 10
89 94 10
89 94 10
89 94 10
89 94 10
89 94 10
89 94 10
89 94 10
89 94 10
89 94 10
89 94 10
89 94 10
89 94 10
89 94 10
89 94 10
89 94 10
89 94 10
89 94 10
89 94 10
89 94 10
89 94 10
89 94 10
89 94 10
89 94 10
89 94 10
89 94 10
89 94 10
89 94 10
89 94 10
89 94 10
89 94 10
89 94 10
89 94 10
89 94 10
89 94 10
89 94 10
89 94 10
89 94 10
89 94 10
90 95 10
90 95 10
90 95 10
90 95 10
90 95 10
90 95 10
90 95 10
90 95 10
90 95 10
90 95 10
90 95 10
90 95 10
90 95 10
90 95 10
90 95 10
90 95 10
90 95 10
90 95 10
90 95 10
90 95 10
90 95 10
90 95 10
90 95 10
90 95 10
90 95 10
90 95 10
90 95 10
90 95 10
90 95 10
90 95 10
90 95 10
90 95 10
90 95 10
90 95 10
90 95 10
90 95 10
90 95 10
90 95 10
90 95 10
90 95 10
90 95 10
90 95 10
90 95 10
90 95 10
90 95 10
90 95 10
90 95 10
90 95 10
90 95 10
90 95 10
90 95 10
90 95 10
90 95 10
90 95 10
90 95 10
91 96 10
91 96 10
91 96 10
91 96 10
91 96 10
91 96 10
91 96 10
91 96 10
91 96 10
91 96 10
91 96 10
91 96 10
91 96 10
91 96 10
91 96 10
91 96 10
91 96 10
91 96 10
91 96 10
91 96 10
91 96 10
91 96 10
91 96 10
91 96 10
91 96 10
91 96 10
91 96 10
91 96 10
91 96 10
91 96 10
91 96 10
91 96 10
91 96 10
91 96 10
91 96 10
91 96 10
91 96 10
91 96 10
91 96 10
91 96 10
91 96 10
91 96 10
91 96 10
91 96 10
91 96 10
91 96 10
91 96 10
91 96 10
91 96 10
91 96 10
92 97 10
92 97 10
92 97 10
92 97 10
92 97 10
92 97 10
92 97 10
92 97 10
92 97 10
92 97 10
92 97 10
92 97 10
92 97 10
92 97 10
92 97 10
92 97 10
92 97 10
92 97 10
92 97 10
92 97 10
92 97 10
92 97 10
92 97 10
92 97 10
92 97 10
92 97 10
92 97 10
92 97 10
92 97 10
92 97 10
92 97 10
92 97 10
92 97 10
92 97 10
92 97 10
92 97 10
92 97 10
92 97 10
92 97 10
92 97 10
92 97 10
92 97 10
92 97 10
92 97 10
92 97 10
92 97 10
92 97 10
92 97 10
92 97 10
92 97 10
93 98 10
93 98 10
93 98 10
93 98 10
93 98 10
93 98 10
93 98 10
93 98 10
93 98 10
93 98 10
93 98 10
93 98 10
93 98 10
93 98 10
93 98 10
93 98 10
93 98 10
93 98 10
93 98 10
93 98 10
93 98 10
93 98 10
93 98 10
93 98 10
93 98 10
93 98 10
93 98 10
93 98 10
93 98 10
93 98 10
93 98 10
93 98 10
93 98 10
93 98 10
93 98 10
93 98 10
93 98 10
93 98 10
93 98 10
93 98 10
93 98 10
93 98 10
93 98 10
93 98 10
93 98 10
93 98 10
93 98 10
93 98 10
93 98 10
93 98 10
93 98 10
93 98 10
93 98 10
93 98 10
93 98 10
93 98 10
93 98 10
93 98 10
93 98 10
93 98 10
93 98 10
93 98 10
93 98 10
93 98 10
93 98 10
93 98 10
93 98 10
93 98 10
93 98 10
93 98 10
93 98 10
93 98 10
93 98 10
94 99 10
94 99 10
94 99 10
94 99 10
94 99 10
94 99 10
94 99 10
94 99 10
94 99 10
94 99 10
94 99 10
94 99 10
94 99 10
94 99 10
94 99 10
94 99 10
94 99 10
94 99 10
94 99 10
94 99 10
94 99 10
94 99 10
94 99 10
94 99 10
94 99 10
94 99 10
94 99 10
94 99 10
94 99 10
94 99 10
94 99 10
94 99 10
94 99 10
94 99 10
94 99 10
94 99 10
94 99 10
94 99 10
94 99 10
94 99 10
94 99 10
94 99 10
94 99 10
94 99 10
94 99 10
94 99 10
94 99 10
94 99 10
94 99 10
94 99 10
94 99 10
94 99 10
94 99 10
94 99 10
94 99 10
94 99 10
94 99 10
94 99 10
95 100 10
95 100 10
95 100 10
95 100 10
95 100 10
95 100 10
95 100 10
95 100 10
95 100 10
95 100 10
95 100 10
95 100 10
95 100 10
95 100 10
95 100 10
95 100 10
95 100 10
95 100 10
95 100 10
95 100 10
95 100 10
95 100 10
95 100 10
95 100 10
95 100 10
95 100 10
95 100 10
95 100 10
95 100 10
95 100 10
95 100 10
95 100 10
95 100 10
95 100 10
95 100 10
95 100 10
95 100 10
95 100 10
95 100 10
95 100 10
95 100 10
95 100 10
95 100 10
95 100 10
95 100 10
95 100 10
95 100 10
95 100 10
95 100 10
95 100 10
95 100 10
95 100 10
96 101 10
96 101 10
96 101 10
96 101 10
96 101 10
96 101 10
96 101 10
96 101 10
96 101 10
96 101 10
96 101 10
96 101 10
96 101 10
96 101 10
96 101 10
96 101 10
96 101 10
96 101 10
96 101 10
96 101 10
96 101 10
96 101 10
96 101 10
96 101 10
96 101 10
96 101 10
96 101 10
96 101 10
96 101 10
96 101 10
96 101 10
96 101 10
96 101 10
96 101 10
96 101 10
96 101 10
96 101 10
96 101 10
96 101 10
96 101 10
96 101 10
96 101 10
96 101 10
96 101 10
96 101 10
96 101 10
96 101 10
96 101 10
96 101 10
96 101 10
96 101 10
96 101 10
96 101 10
96 101 10
97 102 10
97 102 10
97 102 10
97 102 10
97 102 10
97 102 10
97 102 10
97 102 10
97 102 10
97 102 10
97 102 10
97 102 10
97 102 10
97 102 10
97 102 10
97 102 10
97 102 10
97 102 10
97 102 10
97 102 10
97 102 10
97 102 10
97 102 10
97 102 10
97 102 10
97 102 10
97 102 10
97 102 10
97 102 10
97 102 10
97 102 10
97 102 10
97 102 10
97 102 10
97 102 10
97 102 10
97 102 10
97 102 10
97 102 10
97 102 10
97 102 10
97 102 10
97 102 10
97 102 10
97 102 10
97 102 10
97 102 10
97 102 10
97 102 10
97 102 10
97 102 10
97 102 10
97 102 10
97 102 10
97 102 10
97 102 10
97 102 10
98 103 10
98 103 10
98 103 10
98 103 10
98 103 10
98 103 10
98 103 10
98 103 10
98 103 10
98 103 10
98 103 10
98 103 10
98 103 10
98 103 10
98 103 10
98 103 10
98 103 10
98 103 10
98 103 10
98 103 10
98 103 10
98 103 10
98 103 10
98 103 10
98 103 10
98 103 10
98 103 10
98 103 10
98 103 10
98 103 10
98 103 10
98 103 10
98 103 10
98 103 10
98 103 10
98 103 10
98 103 10
98 103 10
98 103 10
98 103 10
98 103 10
98 103 10
98 103 10
98 103 10
98 103 10
98 103 10
98 103 10
98 103 10
98 103 10
98 103 10
98 103 10
98 103 10
98 103 10
98 103 10
98 103 10
99 104 10
99 104 10
99 104 10
99 104 10
99 104 10
99 104 10
99 104 10
99 104 10
99 104 10
99 104 10
99 104 10
99 104 10
99 104 10
99 104 10
99 104 10
99 104 10
99 104 10
99 104 10
99 104 10
99 104 10
99 104 10
99 104 10
99 104 10
99 104 10
99 104 10
99 104 10
99 104 10
99 104 10
99 104 10
99 104 10
99 104 10
99 104 10
99 104 10
99 104 10
99 104 10
99 104 10
99 104 10
99 104 10
99 104 10
99 104 10
99 104 10
99 104 10
99 104 10
99 104 10
99 104 10
99 104 10
99 104 10
99 104 10
99 104 10
99 104 10
100 105 10
100 105 10
100 105 10
100 105 10
100 105 10
100 105 10
100 105 10
100 105 10
100 105 10
100 105 10
100 105 10
100 105 10
100 105 10
100 105 10
100 105 10
100 105 10
100 105 10
100 105 10
100 105 10
100 105 10
100 105 10
100 105 10
100 105 10
100 105 10
100 105 10
100 105 10
100 105 10
100 105 10
100 105 10
100 105 10
100 105 10
100 105 10
100 105 10
100 105 10
100 105 10
100 105 10
100 105 10
100 105 10
100 105 10
100 105 10
100 105 10
100 105 10
100 105 10
100 105 10
100 105 10
100 105 10
100 105 10
100 105 10
100 105 10
100 105 10
