5000 125538
1 6 75
1 6 12
1 6 65
1 6 45
1 6 13
1 6 28
1 6 89
1 6 66
1 6 46
1 6 48
1 6 71
1 6 33
1 6 24
1 6 18
1 6 23
1 6 86
1 6 81
1 6 80
1 6 61
1 6 30
1 6 3
1 6 11
1 6 5
1 6 10
1 6 61
1 6 39
1 6 35
1 6 72
1 6 11
1 6 87
1 6 33
1 6 53
1 6 94
1 6 9
1 6 63
1 6 35
1 6 91
1 6 65
1 6 98
1 6 66
1 6 22
1 6 69
1 6 51
1 6 32
1 6 98
1 6 52
1 6 53
1 6 78
1 6 62
1 6 85
2 7 12
2 7 95
2 7 54
2 7 6
2 7 80
2 7 18
2 7 53
2 7 54
2 7 42
2 7 79
2 7 57
2 7 92
2 7 70
2 7 69
2 7 76
2 7 88
2 7 36
2 7 9
2 7 10
2 7 76
2 7 30
2 7 48
2 7 82
2 7 34
2 7 54
2 7 95
2 7 3
2 7 84
2 7 25
2 7 34
2 7 38
2 7 84
2 7 77
2 7 13
2 7 7
2 7 68
2 7 11
2 7 93
2 7 51
2 7 47
2 7 96
2 7 29
2 7 15
2 7 32
2 7 83
2 7 70
2 7 80
2 7 30
2 7 13
2 7 82
2 7 89
2 7 14
2 7 71
2 7 98
2 7 77
3 8 29
3 8 69
3 8 77
3 8 5
3 8 11
3 8 77
3 8 44
3 8 61
3 8 66
3 8 17
3 8 5
3 8 15
3 8 99
3 8 4
3 8 95
3 8 26
3 8 29
3 8 41
3 8 39
3 8 99
3 8 26
3 8 22
3 8 65
3 8 9
3 8 83
3 8 46
3 8 14
3 8 15
3 8 39
3 8 42
3 8 89
3 8 56
3 8 30
3 8 54
3 8 13
3 8 34
3 8 25
3 8 64
3 8 57
3 8 15
3 8 79
3 8 7
3 8 31
3 8 13
4 9 63
4 9 67
4 9 48
4 9 12
4 9 94
4 9 37
4 9 60
4 9 30
4 9 62
4 9 30
4 9 99
4 9 9
4 9 71
4 9 31
4 9 3
4 9 8
4 9 76
4 9 88
4 9 82
4 9 39
4 9 63
4 9 1
4 9 24
4 9 40
4 9 1
4 9 54
4 9 52
4 9 18
4 9 97
4 9 63
4 9 78
4 9 67
4 9 49
4 9 76
4 9 20
4 9 16
4 9 12
4 9 83
4 9 69
4 9 68
4 9 8
4 9 84
4 9 24
4 9 97
4 9 8
4 9 98
4 9 25
4 9 28
4 9 12
4 9 21
4 9 49
4 9 15
4 9 15
4 9 91
4 9 49
4 9 15
5 10 9
5 10 86
5 10 82
5 10 11
5 10 32
5 10 15
5 10 54
5 10 11
5 10 9
5 10 22
5 10 12
5 10 81
5 10 52
5 10 79
5 10 80
5 10 77
5 10 88
5 10 68
5 10 56
5 10 82
5 10 23
5 10 55
5 10 82
5 10 87
5 10 60
5 10 61
5 10 61
5 10 68
5 10 29
5 10 62
5 10 91
5 10 46
5 10 78
5 10 89
5 10 21
5 10 72
5 10 21
5 10 48
5 10 97
5 10 38
5 10 2
5 10 55
5 10 69
5 10 53
5 10 51
5 10 84
5 10 44
5 10 75
5 10 42
5 10 4
6 11 49
6 11 24
6 11 31
6 11 95
6 11 38
6 11 68
6 11 72
6 11 100
6 11 9
6 11 82
6 11 81
6 11 7
6 11 53
6 11 69
6 11 98
6 11 9
6 11 71
6 11 46
6 11 62
6 11 31
6 11 92
6 11 78
6 11 44
6 11 56
6 11 36
6 11 94
6 11 22
6 11 88
6 11 74
6 11 30
6 11 75
6 11 51
6 11 12
6 11 27
6 11 12
6 11 7
6 11 17
6 11 54
6 11 62
6 11 53
6 11 74
6 11 97
6 11 32
6 11 70
6 11 10
6 11 2
6 11 34
6 11 82
6 11 13
6 11 53
6 11 36
6 11 37
6 11 29
6 11 87
6 11 82
7 12 58
7 12 48
7 12 5
7 12 31
7 12 44
7 12 68
7 12 48
7 12 97
7 12 4
7 12 5
7 12 54
7 12 26
7 12 4
7 12 31
7 12 59
7 12 46
7 12 38
7 12 61
7 12 92
7 12 97
7 12 50
7 12 39
7 12 38
7 12 77
7 12 25
7 12 48
7 12 66
7 12 76
7 12 78
7 12 67
7 12 74
7 12 97
7 12 5
7 12 92
7 12 35
7 12 84
7 12 100
7 12 30
7 12 77
7 12 55
7 12 36
7 12 79
7 12 27
7 12 52
7 12 2
7 12 51
7 12 95
7 12 90
7 12 22
7 12 71
7 12 39
7 12 50
7 12 4
7 12 66
7 12 43
7 12 66
7 12 41
8 13 88
8 13 46
8 13 78
8 13 74
8 13 69
8 13 17
8 13 32
8 13 33
8 13 16
8 13 74
8 13 24
8 13 93
8 13 23
8 13 76
8 13 41
8 13 59
8 13 42
8 13 91
8 13 58
8 13 20
8 13 3
8 13 13
8 13 86
8 13 73
8 13 5
8 13 52
8 13 17
8 13 55
8 13 1
8 13 48
8 13 75
8 13 94
8 13 17
8 13 62
8 13 56
8 13 71
8 13 13
8 13 80
8 13 52
8 13 55
8 13 97
8 13 46
8 13 76
9 14 16
9 14 72
9 14 29
9 14 90
9 14 55
9 14 32
9 14 96
9 14 86
9 14 72
9 14 31
9 14 88
9 14 41
9 14 19
9 14 31
9 14 16
9 14 61
9 14 65
9 14 29
9 14 86
9 14 100
9 14 37
9 14 54
9 14 20
9 14 22
9 14 65
9 14 99
9 14 63
9 14 65
9 14 11
9 14 59
9 14 28
9 14 52
9 14 45
9 14 74
9 14 46
9 14 36
9 14 78
9 14 50
9 14 25
9 14 72
9 14 75
9 14 55
9 14 46
9 14 71
9 14 33
9 14 3
9 14 97
9 14 70
9 14 63
9 14 76
9 14 99
10 15 50
10 15 8
10 15 6
10 15 11
10 15 16
10 15 38
10 15 37
10 15 1
10 15 100
10 15 49
10 15 61
10 15 8
10 15 55
10 15 5
10 15 65
10 15 80
10 15 72
10 15 86
10 15 82
10 15 40
10 15 86
10 15 77
10 15 94
10 15 19
10 15 3
10 15 49
10 15 79
10 15 53
10 15 62
10 15 31
10 15 25
10 15 50
10 15 3
10 15 66
10 15 90
10 15 40
10 15 17
10 15 89
10 15 24
10 15 78
10 15 38
10 15 22
10 15 23
10 15 24
10 15 89
10 15 84
10 15 32
10 15 45
10 15 31
10 15 75
10 15 91
10 15 54
10 15 100
10 15 3
10 15 98
10 15 43
11 16 50
11 16 87
11 16 79
11 16 51
11 16 21
11 16 6
11 16 87
11 16 44
11 16 54
11 16 97
11 16 13
11 16 18
11 16 63
11 16 69
11 16 39
11 16 39
11 16 34
11 16 28
11 16 5
11 16 21
11 16 6
11 16 8
11 16 46
11 16 71
11 16 52
11 16 37
11 16 37
11 16 100
11 16 30
11 16 23
11 16 73
11 16 28
11 16 8
11 16 77
11 16 26
11 16 29
11 16 1
11 16 17
11 16 78
11 16 68
11 16 13
11 16 30
11 16 45
11 16 26
11 16 16
11 16 92
12 17 41
12 17 94
12 17 44
12 17 44
12 17 80
12 17 61
12 17 36
12 17 19
12 17 66
12 17 95
12 17 23
12 17 11
12 17 15
12 17 71
12 17 16
12 17 93
12 17 99
12 17 9
12 17 61
12 17 64
12 17 1
12 17 4
12 17 72
12 17 43
12 17 8
12 17 73
12 17 86
12 17 87
12 17 95
12 17 22
12 17 90
12 17 53
12 17 77
12 17 91
12 17 84
12 17 61
12 17 74
12 17 69
12 17 87
12 17 94
12 17 94
12 17 96
12 17 27
12 17 92
12 17 62
12 17 95
12 17 2
12 17 63
12 17 13
12 17 25
12 17 78
12 17 75
12 17 92
13 18 70
13 18 85
13 18 82
13 18 10
13 18 86
13 18 100
13 18 53
13 18 2
13 18 66
13 18 8
13 18 51
13 18 35
13 18 97
13 18 95
13 18 27
13 18 73
13 18 49
13 18 16
13 18 100
13 18 13
13 18 30
13 18 5
13 18 42
13 18 85
13 18 75
13 18 21
13 18 73
13 18 39
13 18 83
13 18 75
13 18 97
13 18 8
13 18 71
13 18 84
13 18 51
13 18 73
13 18 87
13 18 95
13 18 15
13 18 65
13 18 66
13 18 11
13 18 65
13 18 33
13 18 76
13 18 36
14 19 74
14 19 52
14 19 9
14 19 10
14 19 71
14 19 95
14 19 75
14 19 31
14 19 79
14 19 70
14 19 37
14 19 98
14 19 1
14 19 19
14 19 94
14 19 2
14 19 76
14 19 61
14 19 11
14 19 61
14 19 12
14 19 27
14 19 79
14 19 80
14 19 64
14 19 34
14 19 70
14 19 72
14 19 81
14 19 44
14 19 17
14 19 98
14 19 55
14 19 42
14 19 100
14 19 22
14 19 19
14 19 69
14 19 76
14 19 34
14 19 17
14 19 97
14 19 1
14 19 37
14 19 51
14 19 51
14 19 94
14 19 56
14 19 41
14 19 25
14 19 10
14 19 10
14 19 14
14 19 65
14 19 73
15 20 41
15 20 86
15 20 20
15 20 59
15 20 21
15 20 92
15 20 73
15 20 11
15 20 56
15 20 45
15 20 99
15 20 24
15 20 39
15 20 45
15 20 66
15 20 63
15 20 45
15 20 73
15 20 9
15 20 61
15 20 97
15 20 88
15 20 24
15 20 66
15 20 24
15 20 40
15 20 38
15 20 67
15 20 24
15 20 40
15 20 77
15 20 83
15 20 95
15 20 98
15 20 28
15 20 37
15 20 81
15 20 21
15 20 72
15 20 82
16 21 20
16 21 73
16 21 24
16 21 68
16 21 58
16 21 47
16 21 32
16 21 81
16 21 38
16 21 10
16 21 77
16 21 5
16 21 16
16 21 73
16 21 23
16 21 1
16 21 26
16 21 51
16 21 74
16 21 85
16 21 86
16 21 90
16 21 82
16 21 99
16 21 13
16 21 51
16 21 36
16 21 5
16 21 92
16 21 22
16 21 68
16 21 77
16 21 5
16 21 71
16 21 54
16 21 2
16 21 37
16 21 66
16 21 60
16 21 18
16 21 49
16 21 54
16 21 34
16 21 87
16 21 68
16 21 72
16 21 8
16 21 11
16 21 63
16 21 48
16 21 100
16 21 76
16 21 18
16 21 40
16 21 90
16 21 57
16 21 74
16 21 83
17 22 56
17 22 12
17 22 45
17 22 6
17 22 70
17 22 33
17 22 40
17 22 94
17 22 54
17 22 53
17 22 7
17 22 88
17 22 37
17 22 57
17 22 73
17 22 19
17 22 98
17 22 49
17 22 60
17 22 9
17 22 36
17 22 40
17 22 77
17 22 11
17 22 19
17 22 27
17 22 85
17 22 15
17 22 58
17 22 36
17 22 47
17 22 60
17 22 73
17 22 29
17 22 47
17 22 45
17 22 13
17 22 95
17 22 80
17 22 20
17 22 2
17 22 53
17 22 33
17 22 74
17 22 27
17 22 63
17 22 60
17 22 39
17 22 66
17 22 16
18 23 84
18 23 6
18 23 99
18 23 60
18 23 58
18 23 46
18 23 87
18 23 21
18 23 80
18 23 76
18 23 76
18 23 28
18 23 66
18 23 16
18 23 18
18 23 11
18 23 7
18 23 62
18 23 33
18 23 56
18 23 90
18 23 39
18 23 22
18 23 36
18 23 45
18 23 37
18 23 50
18 23 29
18 23 87
18 23 62
18 23 79
18 23 30
18 23 75
18 23 13
18 23 32
18 23 17
18 23 88
18 23 77
18 23 34
18 23 82
18 23 77
18 23 25
18 23 59
18 23 20
19 24 34
19 24 36
19 24 50
19 24 39
19 24 74
19 24 31
19 24 29
19 24 52
19 24 30
19 24 63
19 24 53
19 24 57
19 24 84
19 24 93
19 24 50
19 24 98
19 24 15
19 24 62
19 24 69
19 24 65
19 24 53
19 24 1
19 24 46
19 24 68
19 24 84
19 24 87
19 24 31
19 24 25
19 24 56
19 24 74
19 24 64
19 24 30
19 24 32
19 24 36
19 24 55
19 24 44
19 24 16
19 24 58
19 24 46
19 24 11
19 24 28
19 24 61
19 24 35
19 24 41
19 24 93
19 24 98
19 24 7
19 24 7
19 24 25
19 24 78
19 24 65
19 24 48
19 24 87
19 24 41
19 24 8
19 24 83
19 24 89
19 24 20
19 24 27
19 24 29
19 24 51
19 24 95
20 25 33
20 25 9
20 25 84
20 25 10
20 25 90
20 25 12
20 25 11
20 25 46
20 25 12
20 25 99
20 25 90
20 25 83
20 25 62
20 25 13
20 25 70
20 25 37
20 25 67
20 25 7
20 25 46
20 25 23
20 25 6
20 25 6
20 25 10
20 25 73
20 25 40
20 25 77
20 25 73
20 25 59
20 25 47
20 25 79
20 25 97
20 25 63
20 25 96
20 25 32
20 25 5
20 25 98
20 25 76
20 25 10
20 25 86
21 26 45
21 26 36
21 26 53
21 26 1
21 26 57
21 26 92
21 26 32
21 26 67
21 26 3
21 26 21
21 26 5
21 26 92
21 26 35
21 26 40
21 26 100
21 26 60
21 26 5
21 26 8
21 26 16
21 26 68
21 26 43
21 26 28
21 26 34
21 26 71
21 26 51
21 26 32
21 26 97
21 26 73
21 26 74
21 26 86
21 26 68
21 26 40
21 26 52
21 26 50
21 26 40
21 26 94
21 26 65
21 26 83
21 26 77
21 26 24
22 27 41
22 27 36
22 27 96
22 27 78
22 27 86
22 27 86
22 27 84
22 27 85
22 27 66
22 27 90
22 27 100
22 27 93
22 27 78
22 27 26
22 27 50
22 27 91
22 27 38
22 27 73
22 27 87
22 27 49
22 27 27
22 27 95
22 27 82
22 27 85
22 27 97
22 27 1
22 27 94
22 27 2
22 27 80
22 27 77
22 27 66
22 27 37
22 27 100
22 27 55
22 27 43
22 27 60
22 27 15
22 27 21
22 27 78
22 27 52
22 27 98
22 27 98
22 27 64
22 27 57
22 27 86
22 27 49
22 27 76
22 27 18
22 27 6
22 27 7
22 27 63
22 27 5
22 27 36
22 27 5
22 27 42
22 27 95
22 27 97
22 27 89
22 27 62
22 27 7
22 27 34
22 27 3
22 27 34
23 28 62
23 28 98
23 28 74
23 28 86
23 28 98
23 28 71
23 28 1
23 28 43
23 28 56
23 28 28
23 28 89
23 28 67
23 28 56
23 28 57
23 28 98
23 28 84
23 28 47
23 28 52
23 28 5
23 28 16
23 28 99
23 28 85
23 28 64
23 28 96
23 28 41
23 28 31
23 28 65
23 28 80
23 28 100
23 28 25
23 28 91
23 28 65
23 28 100
23 28 91
23 28 61
23 28 6
23 28 90
23 28 12
23 28 73
23 28 16
23 28 93
23 28 91
23 28 19
23 28 54
23 28 91
23 28 18
23 28 77
23 28 57
23 28 80
23 28 45
23 28 70
24 29 67
24 29 8
24 29 31
24 29 75
24 29 29
24 29 45
24 29 2
24 29 71
24 29 61
24 29 63
24 29 25
24 29 23
24 29 4
24 29 62
24 29 79
24 29 7
24 29 81
24 29 97
24 29 24
24 29 82
24 29 7
24 29 2
24 29 88
24 29 19
24 29 38
24 29 66
24 29 63
24 29 78
24 29 39
24 29 97
24 29 48
24 29 35
24 29 31
24 29 27
24 29 26
24 29 94
24 29 24
24 29 46
24 29 2
24 29 82
24 29 81
24 29 54
24 29 36
24 29 81
24 29 100
24 29 56
24 29 48
24 29 95
24 29 19
24 29 94
25 30 38
25 30 32
25 30 77
25 30 91
25 30 2
25 30 30
25 30 73
25 30 34
25 30 10
25 30 65
25 30 88
25 30 84
25 30 11
25 30 86
25 30 99
25 30 14
25 30 54
25 30 24
25 30 10
25 30 56
25 30 27
25 30 83
25 30 93
25 30 44
25 30 8
25 30 28
25 30 91
25 30 71
25 30 77
25 30 93
25 30 52
25 30 30
25 30 22
25 30 70
25 30 20
25 30 62
25 30 99
25 30 83
25 30 77
25 30 56
25 30 92
25 30 63
25 30 11
25 30 57
25 30 98
25 30 73
25 30 40
25 30 94
25 30 22
25 30 68
25 30 8
25 30 93
25 30 30
25 30 85
25 30 32
25 30 43
25 30 57
25 30 22
25 30 55
26 31 43
26 31 34
26 31 50
26 31 10
26 31 4
26 31 69
26 31 88
26 31 83
26 31 14
26 31 95
26 31 37
26 31 67
26 31 92
26 31 57
26 31 58
26 31 23
26 31 97
26 31 78
26 31 21
26 31 42
26 31 75
26 31 6
26 31 60
26 31 35
26 31 43
26 31 69
26 31 95
26 31 55
26 31 6
26 31 7
26 31 15
26 31 32
26 31 81
26 31 61
26 31 39
26 31 79
26 31 31
26 31 53
26 31 47
26 31 89
26 31 99
26 31 71
26 31 51
26 31 74
26 31 23
26 31 74
26 31 51
26 31 55
26 31 95
26 31 60
26 31 28
26 31 24
27 32 98
27 32 79
27 32 29
27 32 34
27 32 12
27 32 50
27 32 64
27 32 19
27 32 71
27 32 82
27 32 6
27 32 18
27 32 32
27 32 81
27 32 95
27 32 36
27 32 74
27 32 78
27 32 55
27 32 38
27 32 60
27 32 80
27 32 69
27 32 30
27 32 2
27 32 27
27 32 1
27 32 74
27 32 10
27 32 35
27 32 4
27 32 1
27 32 92
27 32 100
27 32 41
27 32 14
27 32 44
27 32 6
27 32 72
27 32 40
27 32 42
27 32 21
27 32 22
27 32 60
27 32 27
27 32 61
27 32 21
27 32 55
27 32 33
27 32 62
27 32 79
27 32 18
28 33 55
28 33 46
28 33 72
28 33 32
28 33 89
28 33 16
28 33 39
28 33 85
28 33 46
28 33 44
28 33 99
28 33 79
28 33 85
28 33 96
28 33 97
28 33 68
28 33 50
28 33 13
28 33 56
28 33 84
28 33 84
28 33 39
28 33 14
28 33 44
28 33 8
28 33 53
28 33 30
28 33 79
28 33 31
28 33 22
28 33 27
28 33 8
28 33 12
28 33 77
28 33 85
28 33 41
28 33 45
28 33 30
28 33 14
28 33 56
28 33 64
28 33 39
28 33 68
28 33 83
28 33 35
28 33 32
28 33 44
28 33 80
28 33 21
29 34 36
29 34 29
29 34 99
29 34 92
29 34 44
29 34 57
29 34 100
29 34 28
29 34 86
29 34 28
29 34 10
29 34 71
29 34 96
29 34 89
29 34 100
29 34 74
29 34 27
29 34 4
29 34 57
29 34 26
29 34 17
29 34 24
29 34 1
29 34 82
29 34 34
29 34 54
29 34 23
29 34 95
29 34 80
29 34 65
29 34 59
29 34 41
29 34 43
29 34 29
29 34 32
29 34 81
29 34 99
29 34 88
29 34 36
29 34 82
29 34 76
29 34 43
29 34 92
29 34 5
29 34 68
29 34 76
29 34 54
29 34 27
30 35 3
30 35 78
30 35 77
30 35 39
30 35 97
30 35 26
30 35 100
30 35 6
30 35 62
30 35 4
30 35 44
30 35 63
30 35 17
30 35 8
30 35 28
30 35 21
30 35 40
30 35 65
30 35 96
30 35 47
30 35 98
30 35 12
30 35 70
30 35 10
30 35 35
30 35 62
30 35 9
30 35 96
30 35 77
30 35 81
30 35 54
30 35 29
30 35 18
30 35 99
30 35 78
30 35 18
30 35 67
30 35 8
30 35 51
30 35 71
30 35 94
30 35 12
30 35 90
30 35 74
30 35 84
30 35 96
30 35 61
31 36 81
31 36 35
31 36 12
31 36 31
31 36 48
31 36 60
31 36 73
31 36 99
31 36 70
31 36 36
31 36 11
31 36 72
31 36 89
31 36 31
31 36 50
31 36 42
31 36 72
31 36 75
31 36 62
31 36 56
31 36 74
31 36 58
31 36 6
31 36 56
31 36 60
31 36 27
31 36 45
31 36 74
31 36 68
31 36 47
31 36 80
31 36 85
31 36 57
31 36 34
31 36 46
31 36 73
31 36 2
31 36 29
31 36 94
31 36 43
31 36 60
31 36 27
31 36 61
31 36 79
31 36 72
31 36 96
31 36 58
31 36 96
32 37 31
32 37 91
32 37 15
32 37 56
32 37 87
32 37 36
32 37 47
32 37 27
32 37 17
32 37 17
32 37 34
32 37 22
32 37 15
32 37 10
32 37 99
32 37 31
32 37 13
32 37 64
32 37 21
32 37 12
32 37 24
32 37 33
32 37 53
32 37 62
32 37 36
32 37 93
32 37 49
32 37 39
32 37 92
32 37 22
32 37 23
32 37 66
32 37 57
32 37 81
32 37 32
32 37 91
32 37 90
32 37 21
32 37 79
32 37 16
32 37 7
32 37 16
32 37 3
32 37 82
32 37 46
32 37 78
32 37 50
32 37 4
32 37 4
33 38 68
33 38 57
33 38 28
33 38 33
33 38 50
33 38 62
33 38 63
33 38 61
33 38 31
33 38 20
33 38 57
33 38 47
33 38 93
33 38 15
33 38 79
33 38 63
33 38 41
33 38 20
33 38 3
33 38 9
33 38 95
33 38 41
33 38 93
33 38 18
33 38 96
33 38 77
33 38 89
33 38 97
33 38 94
33 38 51
33 38 37
33 38 22
33 38 28
33 38 63
33 38 72
33 38 77
33 38 90
33 38 27
33 38 76
33 38 18
33 38 51
33 38 70
33 38 55
33 38 29
33 38 40
33 38 74
33 38 25
33 38 82
33 38 45
33 38 6
33 38 5
33 38 34
33 38 98
33 38 29
33 38 78
33 38 100
34 39 67
34 39 6
34 39 47
34 39 88
34 39 84
34 39 31
34 39 85
34 39 92
34 39 18
34 39 1
34 39 4
34 39 51
34 39 81
34 39 88
34 39 64
34 39 44
34 39 84
34 39 95
34 39 43
34 39 73
34 39 34
34 39 70
34 39 61
34 39 97
34 39 91
34 39 22
34 39 50
34 39 38
34 39 80
34 39 58
34 39 29
34 39 11
34 39 41
34 39 36
34 39 69
34 39 96
34 39 66
34 39 77
34 39 7
34 39 68
34 39 73
34 39 41
34 39 85
34 39 46
34 39 53
34 39 74
34 39 36
34 39 1
34 39 50
34 39 73
34 39 50
34 39 89
34 39 83
34 39 37
34 39 34
34 39 24
35 40 95
35 40 98
35 40 60
35 40 97
35 40 89
35 40 81
35 40 98
35 40 45
35 40 69
35 40 98
35 40 8
35 40 55
35 40 58
35 40 50
35 40 72
35 40 36
35 40 71
35 40 16
35 40 44
35 40 13
35 40 13
35 40 41
35 40 46
35 40 9
35 40 81
35 40 10
35 40 41
35 40 35
35 40 92
35 40 89
35 40 44
35 40 17
35 40 54
35 40 10
35 40 10
35 40 92
35 40 29
35 40 6
35 40 44
35 40 8
35 40 82
35 40 46
35 40 43
35 40 96
35 40 40
36 41 54
36 41 22
36 41 6
36 41 22
36 41 99
36 41 19
36 41 74
36 41 59
36 41 87
36 41 94
36 41 44
36 41 42
36 41 14
36 41 8
36 41 44
36 41 24
36 41 29
36 41 6
36 41 57
36 41 60
36 41 85
36 41 41
36 41 38
36 41 74
36 41 25
36 41 94
36 41 1
36 41 100
36 41 28
36 41 7
36 41 72
37 42 45
37 42 16
37 42 56
37 42 26
37 42 58
37 42 47
37 42 75
37 42 87
37 42 30
37 42 46
37 42 100
37 42 60
37 42 44
37 42 98
37 42 7
37 42 69
37 42 8
37 42 14
37 42 86
37 42 15
37 42 84
37 42 13
37 42 60
37 42 36
37 42 8
37 42 88
37 42 79
37 42 9
37 42 45
37 42 73
37 42 7
37 42 31
37 42 60
37 42 22
37 42 6
37 42 61
37 42 37
37 42 69
37 42 34
37 42 32
37 42 53
37 42 37
37 42 58
37 42 27
37 42 69
37 42 90
37 42 96
37 42 48
37 42 62
37 42 22
37 42 17
37 42 9
37 42 36
37 42 80
37 42 25
37 42 84
38 43 34
38 43 60
38 43 6
38 43 89
38 43 40
38 43 75
38 43 39
38 43 92
38 43 6
38 43 89
38 43 64
38 43 17
38 43 26
38 43 6
38 43 47
38 43 79
38 43 68
38 43 96
38 43 24
38 43 41
38 43 96
38 43 22
38 43 15
38 43 52
38 43 15
38 43 35
38 43 40
38 43 7
38 43 41
38 43 2
38 43 16
38 43 76
38 43 8
38 43 39
38 43 97
38 43 14
38 43 54
38 43 7
38 43 97
38 43 30
38 43 30
38 43 25
38 43 12
38 43 14
38 43 43
38 43 22
38 43 11
38 43 87
38 43 90
38 43 46
38 43 19
38 43 63
38 43 51
38 43 96
38 43 18
39 44 27
39 44 4
39 44 77
39 44 35
39 44 30
39 44 66
39 44 49
39 44 8
39 44 66
39 44 29
39 44 40
39 44 8
39 44 37
39 44 90
39 44 7
39 44 11
39 44 47
39 44 90
39 44 34
39 44 96
39 44 71
39 44 48
39 44 49
39 44 40
39 44 39
39 44 30
39 44 44
39 44 47
39 44 33
39 44 57
39 44 22
39 44 45
39 44 54
39 44 5
39 44 98
39 44 19
39 44 78
39 44 78
39 44 93
39 44 76
39 44 76
39 44 68
39 44 24
39 44 34
39 44 93
39 44 13
39 44 94
39 44 98
39 44 2
39 44 80
39 44 8
39 44 57
39 44 36
40 45 62
40 45 29
40 45 59
40 45 43
40 45 12
40 45 99
40 45 99
40 45 24
40 45 8
40 45 2
40 45 67
40 45 66
40 45 34
40 45 8
40 45 19
40 45 31
40 45 49
40 45 44
40 45 7
40 45 68
40 45 73
40 45 34
40 45 89
40 45 12
40 45 57
40 45 96
40 45 22
40 45 100
40 45 68
40 45 32
40 45 34
40 45 78
40 45 5
40 45 26
40 45 48
40 45 37
40 45 50
40 45 41
40 45 31
40 45 3
40 45 85
40 45 19
40 45 59
40 45 11
40 45 20
40 45 62
40 45 95
40 45 89
40 45 49
40 45 39
40 45 43
40 45 16
40 45 73
40 45 57
41 46 100
41 46 92
41 46 58
41 46 45
41 46 98
41 46 29
41 46 66
41 46 19
41 46 95
41 46 34
41 46 67
41 46 73
41 46 34
41 46 71
41 46 86
41 46 60
41 46 5
41 46 46
41 46 22
41 46 6
41 46 18
41 46 69
41 46 32
41 46 18
41 46 39
41 46 75
41 46 95
41 46 83
41 46 51
41 46 47
41 46 57
41 46 63
41 46 42
41 46 81
41 46 84
41 46 19
41 46 50
42 47 98
42 47 69
42 47 29
42 47 63
42 47 89
42 47 34
42 47 49
42 47 7
42 47 87
42 47 72
42 47 15
42 47 58
42 47 2
42 47 84
42 47 62
42 47 57
42 47 62
42 47 32
42 47 46
42 47 83
42 47 30
42 47 50
42 47 50
42 47 27
42 47 85
42 47 84
42 47 27
42 47 97
42 47 28
42 47 64
42 47 1
42 47 4
42 47 34
42 47 90
42 47 69
42 47 74
42 47 43
42 47 20
42 47 69
42 47 54
42 47 15
42 47 11
42 47 32
42 47 25
42 47 40
42 47 2
42 47 27
42 47 32
42 47 27
42 47 8
42 47 48
43 48 41
43 48 43
43 48 34
43 48 85
43 48 36
43 48 47
43 48 91
43 48 34
43 48 78
43 48 18
43 48 17
43 48 61
43 48 88
43 48 81
43 48 54
43 48 46
43 48 47
43 48 46
43 48 6
43 48 29
43 48 92
43 48 42
43 48 2
43 48 60
43 48 30
43 48 75
43 48 84
43 48 58
43 48 85
43 48 80
43 48 59
43 48 29
43 48 94
43 48 97
43 48 8
43 48 55
43 48 17
43 48 78
43 48 25
43 48 64
43 48 30
43 48 92
43 48 69
43 48 93
44 49 86
44 49 45
44 49 82
44 49 59
44 49 27
44 49 95
44 49 53
44 49 88
44 49 75
44 49 22
44 49 82
44 49 18
44 49 66
44 49 85
44 49 69
44 49 67
44 49 68
44 49 87
44 49 96
44 49 80
44 49 85
44 49 26
44 49 7
44 49 36
44 49 65
44 49 38
44 49 82
44 49 24
44 49 78
44 49 68
44 49 1
44 49 40
44 49 30
44 49 9
44 49 99
44 49 12
44 49 71
44 49 72
44 49 2
44 49 80
44 49 55
44 49 86
44 49 57
44 49 85
44 49 57
44 49 32
44 49 3
44 49 92
44 49 40
44 49 59
44 49 82
45 50 3
45 50 84
45 50 85
45 50 54
45 50 45
45 50 11
45 50 25
45 50 90
45 50 8
45 50 25
45 50 25
45 50 6
45 50 35
45 50 70
45 50 41
45 50 58
45 50 35
45 50 38
45 50 34
45 50 92
45 50 65
45 50 35
45 50 74
45 50 75
45 50 99
45 50 4
45 50 18
45 50 52
45 50 94
45 50 90
45 50 99
45 50 43
45 50 70
45 50 42
45 50 7
45 50 99
45 50 83
45 50 81
45 50 86
45 50 82
45 50 7
45 50 52
45 50 29
45 50 47
45 50 84
45 50 61
45 50 36
45 50 3
45 50 99
46 51 67
46 51 76
46 51 27
46 51 72
46 51 45
46 51 97
46 51 20
46 51 83
46 51 5
46 51 38
46 51 98
46 51 86
46 51 59
46 51 55
46 51 11
46 51 62
46 51 42
46 51 29
46 51 45
46 51 42
46 51 60
46 51 85
46 51 51
46 51 86
46 51 40
46 51 43
46 51 76
46 51 68
46 51 70
46 51 46
46 51 55
46 51 92
46 51 62
46 51 31
46 51 53
46 51 1
46 51 15
46 51 79
46 51 2
46 51 69
46 51 12
46 51 76
46 51 69
46 51 12
46 51 59
46 51 61
47 52 90
47 52 10
47 52 42
47 52 79
47 52 23
47 52 53
47 52 33
47 52 70
47 52 97
47 52 72
47 52 24
47 52 94
47 52 85
47 52 72
47 52 49
47 52 31
47 52 37
47 52 6
47 52 53
47 52 95
47 52 90
47 52 28
47 52 11
47 52 86
47 52 3
47 52 16
47 52 94
47 52 58
47 52 78
47 52 34
47 52 9
47 52 83
47 52 73
47 52 92
47 52 94
47 52 46
47 52 43
47 52 24
47 52 92
47 52 56
47 52 51
48 53 26
48 53 7
48 53 100
48 53 49
48 53 13
48 53 56
48 53 72
48 53 73
48 53 71
48 53 37
48 53 44
48 53 80
48 53 2
48 53 6
48 53 34
48 53 56
48 53 90
48 53 8
48 53 9
48 53 7
48 53 60
48 53 37
48 53 27
48 53 2
48 53 43
48 53 63
48 53 54
48 53 20
48 53 36
48 53 14
48 53 51
48 53 49
48 53 73
48 53 73
48 53 11
48 53 74
48 53 68
48 53 52
48 53 68
48 53 92
48 53 31
48 53 29
48 53 100
48 53 28
48 53 48
48 53 51
48 53 68
49 54 73
49 54 18
49 54 60
49 54 7
49 54 49
49 54 93
49 54 81
49 54 31
49 54 12
49 54 41
49 54 96
49 54 93
49 54 99
49 54 52
49 54 55
49 54 68
49 54 78
49 54 14
49 54 71
49 54 41
49 54 28
49 54 20
49 54 98
49 54 17
49 54 60
49 54 16
49 54 18
49 54 81
49 54 23
49 54 32
49 54 97
49 54 86
49 54 82
49 54 40
49 54 83
49 54 92
49 54 33
49 54 69
49 54 1
49 54 72
49 54 26
49 54 63
49 54 11
49 54 85
49 54 14
49 54 62
49 54 22
49 54 95
49 54 50
49 54 56
49 54 88
49 54 4
49 54 22
49 54 84
49 54 35
49 54 48
49 54 59
50 55 89
50 55 33
50 55 32
50 55 90
50 55 66
50 55 19
50 55 84
50 55 51
50 55 92
50 55 6
50 55 45
50 55 64
50 55 13
50 55 56
50 55 93
50 55 73
50 55 92
50 55 52
50 55 46
50 55 88
50 55 29
50 55 31
50 55 69
50 55 54
50 55 90
50 55 15
50 55 40
50 55 58
50 55 5
50 55 67
50 55 13
50 55 58
50 55 42
50 55 50
50 55 2
50 55 72
50 55 70
50 55 97
50 55 88
50 55 37
50 55 87
50 55 54
50 55 90
50 55 81
50 55 44
50 55 1
50 55 55
50 55 80
50 55 27
50 55 88
50 55 90
51 56 67
51 56 22
51 56 14
51 56 78
51 56 55
51 56 68
51 56 88
51 56 8
51 56 21
51 56 75
51 56 62
51 56 90
51 56 95
51 56 45
51 56 91
51 56 62
51 56 12
51 56 3
51 56 14
51 56 61
51 56 78
51 56 94
51 56 26
51 56 82
51 56 39
51 56 42
51 56 63
51 56 37
51 56 96
51 56 92
51 56 14
51 56 87
51 56 80
51 56 65
51 56 37
51 56 58
51 56 25
51 56 59
51 56 5
51 56 47
51 56 11
51 56 60
51 56 90
51 56 22
51 56 11
51 56 93
51 56 86
51 56 38
51 56 90
51 56 32
51 56 64
51 56 40
51 56 10
51 56 37
51 56 93
51 56 95
51 56 44
51 56 38
51 56 17
51 56 11
51 56 34
51 56 87
51 56 78
51 56 62
51 56 92
51 56 85
52 57 58
52 57 73
52 57 8
52 57 76
52 57 76
52 57 66
52 57 37
52 57 83
52 57 52
52 57 15
52 57 26
52 57 21
52 57 53
52 57 35
52 57 76
52 57 77
52 57 46
52 57 92
52 57 59
52 57 100
52 57 20
52 57 66
52 57 44
52 57 33
52 57 28
52 57 63
52 57 69
52 57 89
52 57 17
52 57 92
52 57 8
52 57 52
52 57 38
52 57 95
52 57 90
52 57 3
52 57 39
52 57 65
52 57 94
52 57 54
52 57 8
52 57 49
52 57 98
52 57 77
52 57 63
52 57 93
52 57 32
52 57 54
52 57 94
52 57 66
53 58 49
53 58 79
53 58 90
53 58 25
53 58 96
53 58 46
53 58 48
53 58 23
53 58 62
53 58 10
53 58 87
53 58 41
53 58 58
53 58 59
53 58 93
53 58 47
53 58 51
53 58 58
53 58 59
53 58 58
53 58 92
53 58 78
53 58 96
53 58 47
53 58 24
53 58 92
53 58 48
53 58 64
53 58 99
53 58 48
53 58 31
53 58 4
53 58 18
53 58 78
53 58 72
53 58 85
53 58 28
53 58 31
53 58 71
53 58 72
53 58 73
53 58 42
53 58 59
53 58 47
53 58 95
53 58 17
53 58 23
53 58 89
53 58 77
53 58 99
53 58 74
53 58 18
53 58 88
53 58 93
53 58 14
54 59 58
54 59 79
54 59 90
54 59 79
54 59 46
54 59 26
54 59 86
54 59 73
54 59 85
54 59 38
54 59 64
54 59 99
54 59 20
54 59 62
54 59 58
54 59 49
54 59 96
54 59 78
54 59 84
54 59 43
54 59 19
54 59 43
54 59 31
54 59 60
54 59 90
54 59 3
54 59 30
54 59 23
54 59 85
54 59 57
54 59 75
54 59 38
54 59 98
54 59 73
54 59 60
54 59 72
54 59 24
54 59 69
54 59 80
54 59 81
54 59 12
54 59 72
54 59 60
54 59 10
54 59 76
54 59 90
54 59 46
54 59 92
54 59 83
54 59 28
54 59 7
54 59 2
54 59 57
54 59 18
54 59 99
54 59 43
54 59 68
54 59 54
54 59 35
54 59 24
54 59 24
55 60 69
55 60 82
55 60 66
55 60 14
55 60 60
55 60 78
55 60 8
55 60 90
55 60 18
55 60 67
55 60 47
55 60 96
55 60 38
55 60 72
55 60 52
55 60 70
55 60 86
55 60 74
55 60 56
55 60 28
55 60 87
55 60 29
55 60 67
55 60 9
55 60 38
55 60 6
55 60 82
55 60 43
55 60 13
55 60 52
55 60 79
55 60 8
55 60 45
55 60 99
55 60 23
55 60 99
55 60 31
55 60 17
55 60 91
55 60 64
55 60 96
55 60 85
55 60 48
55 60 95
55 60 16
56 61 40
56 61 76
56 61 100
56 61 61
56 61 75
56 61 37
56 61 72
56 61 79
56 61 51
56 61 2
56 61 96
56 61 95
56 61 72
56 61 81
56 61 55
56 61 51
56 61 18
56 61 96
56 61 97
56 61 70
56 61 26
56 61 86
56 61 80
56 61 91
56 61 7
56 61 79
56 61 30
56 61 50
56 61 17
56 61 88
56 61 3
56 61 47
56 61 92
56 61 52
56 61 73
56 61 10
56 61 28
56 61 38
56 61 93
56 61 3
56 61 45
56 61 92
56 61 19
56 61 68
56 61 55
56 61 16
56 61 23
56 61 21
57 62 9
57 62 57
57 62 8
57 62 72
57 62 90
57 62 83
57 62 88
57 62 23
57 62 45
57 62 6
57 62 38
57 62 97
57 62 73
57 62 24
57 62 27
57 62 46
57 62 9
57 62 100
57 62 5
57 62 22
57 62 82
57 62 25
57 62 59
57 62 97
57 62 62
57 62 51
57 62 56
57 62 46
57 62 90
57 62 5
57 62 90
57 62 65
57 62 26
57 62 82
57 62 42
57 62 59
57 62 90
57 62 57
57 62 94
57 62 31
57 62 47
57 62 44
58 63 54
58 63 15
58 63 86
58 63 48
58 63 8
58 63 42
58 63 42
58 63 86
58 63 68
58 63 32
58 63 78
58 63 51
58 63 90
58 63 58
58 63 78
58 63 64
58 63 76
58 63 70
58 63 64
58 63 88
58 63 86
58 63 92
58 63 52
58 63 48
58 63 65
58 63 44
58 63 63
58 63 54
58 63 22
58 63 38
58 63 98
58 63 65
58 63 30
58 63 15
58 63 39
58 63 42
58 63 21
58 63 65
58 63 78
58 63 84
58 63 71
58 63 57
58 63 25
58 63 76
58 63 58
58 63 99
58 63 25
58 63 25
58 63 34
58 63 37
58 63 95
58 63 58
58 63 89
58 63 31
59 64 16
59 64 31
59 64 28
59 64 8
59 64 14
59 64 29
59 64 9
59 64 82
59 64 23
59 64 6
59 64 22
59 64 13
59 64 62
59 64 90
59 64 21
59 64 25
59 64 49
59 64 94
59 64 94
59 64 60
59 64 81
59 64 99
59 64 96
59 64 58
59 64 75
59 64 99
59 64 26
59 64 5
59 64 40
59 64 75
59 64 89
59 64 21
59 64 79
59 64 16
59 64 11
59 64 45
59 64 32
59 64 32
59 64 26
59 64 33
60 65 72
60 65 46
60 65 67
60 65 84
60 65 53
60 65 33
60 65 8
60 65 63
60 65 93
60 65 86
60 65 96
60 65 89
60 65 92
60 65 99
60 65 60
60 65 2
60 65 80
60 65 55
60 65 99
60 65 80
60 65 7
60 65 95
60 65 17
60 65 95
60 65 4
60 65 99
60 65 32
60 65 27
60 65 20
60 65 2
60 65 57
60 65 49
60 65 20
60 65 90
60 65 43
60 65 25
60 65 1
60 65 53
60 65 54
60 65 25
60 65 24
60 65 99
60 65 98
60 65 27
60 65 53
60 65 40
61 66 18
61 66 95
61 66 38
61 66 20
61 66 8
61 66 61
61 66 24
61 66 76
61 66 87
61 66 18
61 66 30
61 66 48
61 66 40
61 66 71
61 66 53
61 66 85
61 66 37
61 66 100
61 66 34
61 66 77
61 66 47
61 66 18
61 66 47
61 66 14
61 66 2
61 66 52
61 66 22
61 66 27
61 66 12
61 66 59
61 66 97
61 66 37
61 66 28
61 66 88
61 66 2
61 66 37
61 66 85
61 66 70
61 66 13
61 66 40
61 66 78
61 66 12
61 66 19
61 66 60
61 66 66
61 66 68
61 66 63
61 66 50
61 66 55
61 66 84
61 66 38
61 66 80
61 66 66
61 66 11
61 66 26
61 66 79
61 66 77
61 66 36
61 66 15
61 66 31
61 66 38
61 66 83
61 66 15
62 67 38
62 67 98
62 67 48
62 67 25
62 67 71
62 67 60
62 67 27
62 67 57
62 67 83
62 67 16
62 67 23
62 67 84
62 67 78
62 67 4
62 67 84
62 67 22
62 67 5
62 67 71
62 67 23
62 67 5
62 67 59
62 67 32
62 67 9
62 67 59
62 67 31
62 67 84
62 67 87
62 67 93
62 67 39
62 67 86
62 67 26
62 67 62
62 67 84
62 67 7
62 67 9
62 67 73
62 67 62
62 67 79
62 67 30
62 67 63
62 67 90
62 67 94
62 67 50
62 67 38
62 67 76
62 67 64
62 67 5
62 67 46
63 68 6
63 68 83
63 68 56
63 68 33
63 68 74
63 68 65
63 68 10
63 68 72
63 68 69
63 68 48
63 68 66
63 68 26
63 68 51
63 68 20
63 68 87
63 68 7
63 68 2
63 68 83
63 68 97
63 68 77
63 68 15
63 68 11
63 68 53
63 68 68
63 68 75
63 68 68
63 68 59
63 68 35
63 68 48
63 68 44
63 68 46
63 68 52
63 68 87
63 68 36
63 68 30
63 68 62
63 68 1
63 68 47
63 68 36
63 68 73
63 68 76
63 68 58
63 68 93
63 68 68
63 68 13
63 68 22
63 68 11
63 68 95
63 68 21
63 68 61
63 68 76
63 68 99
63 68 20
64 69 4
64 69 37
64 69 30
64 69 68
64 69 75
64 69 8
64 69 82
64 69 71
64 69 80
64 69 28
64 69 93
64 69 95
64 69 28
64 69 2
64 69 68
64 69 68
64 69 78
64 69 17
64 69 53
64 69 2
64 69 79
64 69 74
64 69 69
64 69 65
64 69 58
64 69 24
64 69 79
64 69 97
64 69 45
64 69 9
64 69 55
64 69 62
64 69 52
64 69 88
64 69 1
64 69 88
64 69 28
64 69 29
64 69 89
64 69 96
64 69 40
64 69 44
64 69 23
64 69 94
64 69 22
64 69 89
65 70 42
65 70 57
65 70 30
65 70 19
65 70 29
65 70 83
65 70 78
65 70 5
65 70 52
65 70 10
65 70 14
65 70 26
65 70 20
65 70 5
65 70 43
65 70 72
65 70 16
65 70 35
65 70 29
65 70 86
65 70 75
65 70 73
65 70 89
65 70 43
65 70 20
65 70 20
65 70 78
65 70 23
65 70 30
65 70 83
65 70 50
65 70 60
65 70 17
65 70 93
65 70 78
65 70 50
65 70 42
65 70 20
65 70 5
65 70 32
65 70 85
65 70 61
65 70 66
65 70 78
65 70 38
65 70 1
65 70 98
65 70 68
65 70 92
65 70 37
65 70 19
66 71 24
66 71 24
66 71 5
66 71 63
66 71 3
66 71 37
66 71 71
66 71 35
66 71 62
66 71 22
66 71 80
66 71 36
66 71 64
66 71 56
66 71 68
66 71 2
66 71 45
66 71 11
66 71 30
66 71 67
66 71 9
66 71 18
66 71 46
66 71 78
66 71 83
66 71 46
66 71 51
66 71 88
66 71 97
66 71 94
66 71 32
66 71 58
66 71 40
66 71 95
66 71 57
66 71 85
66 71 25
66 71 8
66 71 13
66 71 88
66 71 3
66 71 96
67 72 75
67 72 70
67 72 98
67 72 94
67 72 5
67 72 75
67 72 41
67 72 9
67 72 34
67 72 55
67 72 38
67 72 82
67 72 63
67 72 11
67 72 36
67 72 96
67 72 90
67 72 22
67 72 59
67 72 52
67 72 24
67 72 42
67 72 53
67 72 74
67 72 57
67 72 26
67 72 26
67 72 19
67 72 68
67 72 32
67 72 45
67 72 16
67 72 84
67 72 5
67 72 59
67 72 34
67 72 19
67 72 12
67 72 12
67 72 44
67 72 31
67 72 86
67 72 43
67 72 80
67 72 41
67 72 26
67 72 13
67 72 35
67 72 16
67 72 66
67 72 84
67 72 88
67 72 95
67 72 95
67 72 61
67 72 72
67 72 37
67 72 78
67 72 92
67 72 29
68 73 40
68 73 41
68 73 76
68 73 90
68 73 87
68 73 33
68 73 77
68 73 97
68 73 15
68 73 4
68 73 99
68 73 78
68 73 54
68 73 4
68 73 11
68 73 32
68 73 54
68 73 79
68 73 97
68 73 88
68 73 8
68 73 84
68 73 15
68 73 64
68 73 70
68 73 71
68 73 57
68 73 66
68 73 5
68 73 52
68 73 88
68 73 18
68 73 19
68 73 59
68 73 76
68 73 35
68 73 84
68 73 79
68 73 51
68 73 66
68 73 87
68 73 77
68 73 32
68 73 96
68 73 90
68 73 91
68 73 94
68 73 38
68 73 12
68 73 68
68 73 14
69 74 99
69 74 43
69 74 53
69 74 78
69 74 81
69 74 62
69 74 98
69 74 63
69 74 6
69 74 16
69 74 86
69 74 86
69 74 8
69 74 31
69 74 17
69 74 47
69 74 79
69 74 28
69 74 29
69 74 29
69 74 60
69 74 58
69 74 47
69 74 25
69 74 71
69 74 49
69 74 45
69 74 52
69 74 97
69 74 13
69 74 78
69 74 61
69 74 7
69 74 67
69 74 49
69 74 80
69 74 60
69 74 32
69 74 49
69 74 87
69 74 80
69 74 91
69 74 77
69 74 58
69 74 44
69 74 13
69 74 64
69 74 98
69 74 57
69 74 79
69 74 61
69 74 1
69 74 29
69 74 29
69 74 69
70 75 17
70 75 6
70 75 6
70 75 17
70 75 30
70 75 87
70 75 55
70 75 42
70 75 14
70 75 83
70 75 41
70 75 91
70 75 75
70 75 72
70 75 56
70 75 39
70 75 89
70 75 55
70 75 42
70 75 79
70 75 60
70 75 4
70 75 39
70 75 41
70 75 73
70 75 63
70 75 32
70 75 55
70 75 18
70 75 40
70 75 46
70 75 45
70 75 49
70 75 98
70 75 47
70 75 27
70 75 89
70 75 78
70 75 34
70 75 8
70 75 25
70 75 80
70 75 67
70 75 91
70 75 47
70 75 100
70 75 54
70 75 93
70 75 22
70 75 49
71 76 96
71 76 78
71 76 68
71 76 46
71 76 60
71 76 100
71 76 89
71 76 65
71 76 14
71 76 90
71 76 56
71 76 80
71 76 24
71 76 14
71 76 51
71 76 17
71 76 100
71 76 77
71 76 88
71 76 39
71 76 8
71 76 14
71 76 85
71 76 76
71 76 31
71 76 92
71 76 56
71 76 86
71 76 82
71 76 13
71 76 14
71 76 50
71 76 37
71 76 19
71 76 27
71 76 7
71 76 28
71 76 70
71 76 46
71 76 3
71 76 96
71 76 57
71 76 39
71 76 18
71 76 32
71 76 60
71 76 9
71 76 18
71 76 95
71 76 99
71 76 55
71 76 98
71 76 2
71 76 23
72 77 78
72 77 51
72 77 10
72 77 74
72 77 89
72 77 39
72 77 94
72 77 78
72 77 85
72 77 55
72 77 5
72 77 59
72 77 27
72 77 87
72 77 47
72 77 93
72 77 43
72 77 16
72 77 19
72 77 68
72 77 22
72 77 84
72 77 75
72 77 19
72 77 67
72 77 63
72 77 38
72 77 8
72 77 92
72 77 45
72 77 64
72 77 98
72 77 32
72 77 97
72 77 36
72 77 66
72 77 95
72 77 5
72 77 38
72 77 100
72 77 43
72 77 45
72 77 67
72 77 69
72 77 29
72 77 58
72 77 1
72 77 68
72 77 36
72 77 48
73 78 48
73 78 74
73 78 85
73 78 47
73 78 26
73 78 8
73 78 43
73 78 14
73 78 73
73 78 96
73 78 11
73 78 76
73 78 62
73 78 8
73 78 100
73 78 87
73 78 93
73 78 87
73 78 72
73 78 71
73 78 79
73 78 17
73 78 51
73 78 23
73 78 69
73 78 5
73 78 51
73 78 40
73 78 25
73 78 23
73 78 52
73 78 2
73 78 58
73 78 42
73 78 86
73 78 51
73 78 28
73 78 25
73 78 95
73 78 82
73 78 45
73 78 74
73 78 55
73 78 83
73 78 44
73 78 14
73 78 57
73 78 32
74 79 48
74 79 81
74 79 76
74 79 77
74 79 16
74 79 67
74 79 69
74 79 71
74 79 19
74 79 35
74 79 6
74 79 56
74 79 35
74 79 69
74 79 16
74 79 29
74 79 82
74 79 79
74 79 55
74 79 49
74 79 58
74 79 39
74 79 60
74 79 95
74 79 70
74 79 31
74 79 20
74 79 58
74 79 63
74 79 65
74 79 6
74 79 32
74 79 34
74 79 30
74 79 70
74 79 67
74 79 57
74 79 80
74 79 72
74 79 14
74 79 68
74 79 67
74 79 93
74 79 90
74 79 85
74 79 18
74 79 16
74 79 13
74 79 40
74 79 20
74 79 91
74 79 57
74 79 78
74 79 68
74 79 79
74 79 81
75 80 85
75 80 25
75 80 32
75 80 87
75 80 28
75 80 98
75 80 41
75 80 78
75 80 27
75 80 35
75 80 90
75 80 58
75 80 4
75 80 84
75 80 2
75 80 45
75 80 99
75 80 29
75 80 25
75 80 70
75 80 73
75 80 28
75 80 21
75 80 93
75 80 45
75 80 10
75 80 5
75 80 94
75 80 1
75 80 72
75 80 90
76 81 66
76 81 30
76 81 44
76 81 38
76 81 92
76 81 40
76 81 92
76 81 93
76 81 71
76 81 15
76 81 96
76 81 21
76 81 47
76 81 77
76 81 3
76 81 50
76 81 42
76 81 74
76 81 69
76 81 81
76 81 74
76 81 23
76 81 35
76 81 61
76 81 96
76 81 75
76 81 13
76 81 82
76 81 49
76 81 89
76 81 52
76 81 4
76 81 63
76 81 72
76 81 77
76 81 83
76 81 87
76 81 90
76 81 64
76 81 12
76 81 74
76 81 33
76 81 41
76 81 58
76 81 19
76 81 63
76 81 80
76 81 49
76 81 30
76 81 52
76 81 88
76 81 52
76 81 84
77 82 34
77 82 76
77 82 7
77 82 71
77 82 30
77 82 44
77 82 79
77 82 30
77 82 59
77 82 57
77 82 33
77 82 76
77 82 55
77 82 32
77 82 90
77 82 47
77 82 21
77 82 91
77 82 49
77 82 52
77 82 44
77 82 93
77 82 13
77 82 87
77 82 5
77 82 67
77 82 7
77 82 74
77 82 88
77 82 38
77 82 48
77 82 56
77 82 45
77 82 48
77 82 55
77 82 6
77 82 15
77 82 31
77 82 48
77 82 71
77 82 93
77 82 87
77 82 65
77 82 77
77 82 34
77 82 38
77 82 43
77 82 3
77 82 59
77 82 32
77 82 5
77 82 11
77 82 95
77 82 99
77 82 37
77 82 37
77 82 68
77 82 75
78 83 100
78 83 72
78 83 72
78 83 46
78 83 25
78 83 79
78 83 22
78 83 63
78 83 88
78 83 57
78 83 39
78 83 78
78 83 93
78 83 8
78 83 44
78 83 59
78 83 10
78 83 61
78 83 95
78 83 26
78 83 66
78 83 32
78 83 24
78 83 37
78 83 49
78 83 59
78 83 15
78 83 98
78 83 15
78 83 31
78 83 98
78 83 98
78 83 38
78 83 23
78 83 22
78 83 23
78 83 24
78 83 48
78 83 53
78 83 56
78 83 74
78 83 24
78 83 52
79 84 42
79 84 52
79 84 22
79 84 80
79 84 78
79 84 80
79 84 60
79 84 98
79 84 81
79 84 50
79 84 89
79 84 45
79 84 14
79 84 89
79 84 5
79 84 6
79 84 96
79 84 92
79 84 21
79 84 9
79 84 80
79 84 89
79 84 79
79 84 52
79 84 71
79 84 82
79 84 92
79 84 25
79 84 37
79 84 52
79 84 3
79 84 56
79 84 10
79 84 71
79 84 88
79 84 60
79 84 25
79 84 76
79 84 5
79 84 19
79 84 7
79 84 7
79 84 93
79 84 16
79 84 81
79 84 77
79 84 22
79 84 72
79 84 81
79 84 10
79 84 16
79 84 93
79 84 49
79 84 62
79 84 93
79 84 36
79 84 78
79 84 40
80 85 82
80 85 27
80 85 90
80 85 86
80 85 59
80 85 5
80 85 17
80 85 17
80 85 54
80 85 19
80 85 64
80 85 69
80 85 33
80 85 82
80 85 9
80 85 22
80 85 53
80 85 58
80 85 63
80 85 16
80 85 8
80 85 2
80 85 43
80 85 50
80 85 37
80 85 56
80 85 2
80 85 23
80 85 43
80 85 73
80 85 8
80 85 46
80 85 1
80 85 34
80 85 74
80 85 36
80 85 46
80 85 71
80 85 69
80 85 49
80 85 38
81 86 49
81 86 31
81 86 95
81 86 1
81 86 49
81 86 35
81 86 39
81 86 62
81 86 55
81 86 9
81 86 39
81 86 98
81 86 23
81 86 46
81 86 87
81 86 35
81 86 40
81 86 5
81 86 33
81 86 81
81 86 68
81 86 28
81 86 60
81 86 8
81 86 25
81 86 55
81 86 10
81 86 82
81 86 32
81 86 17
81 86 55
81 86 6
81 86 10
81 86 52
81 86 8
81 86 85
81 86 3
81 86 25
81 86 76
81 86 75
81 86 8
81 86 44
81 86 98
81 86 67
81 86 39
81 86 48
82 87 95
82 87 59
82 87 37
82 87 89
82 87 98
82 87 16
82 87 94
82 87 62
82 87 82
82 87 92
82 87 41
82 87 98
82 87 97
82 87 72
82 87 83
82 87 33
82 87 78
82 87 86
82 87 19
82 87 59
82 87 57
82 87 40
82 87 49
82 87 14
82 87 94
82 87 69
82 87 69
82 87 2
82 87 70
82 87 16
82 87 63
82 87 32
82 87 20
82 87 87
82 87 62
82 87 78
82 87 78
82 87 100
82 87 63
82 87 19
82 87 73
82 87 87
82 87 61
83 88 25
83 88 20
83 88 67
83 88 30
83 88 29
83 88 57
83 88 46
83 88 62
83 88 40
83 88 71
83 88 62
83 88 82
83 88 45
83 88 65
83 88 8
83 88 42
83 88 7
83 88 100
83 88 67
83 88 45
83 88 64
83 88 85
83 88 29
83 88 22
83 88 25
83 88 94
83 88 89
83 88 2
83 88 81
83 88 29
83 88 81
83 88 24
83 88 73
83 88 33
83 88 66
83 88 40
83 88 40
83 88 15
83 88 54
83 88 3
83 88 4
83 88 66
83 88 54
83 88 55
83 88 55
83 88 63
83 88 8
83 88 19
84 89 44
84 89 97
84 89 59
84 89 51
84 89 96
84 89 17
84 89 33
84 89 47
84 89 75
84 89 33
84 89 3
84 89 42
84 89 76
84 89 30
84 89 5
84 89 76
84 89 83
84 89 60
84 89 100
84 89 75
84 89 89
84 89 17
84 89 23
84 89 42
84 89 57
84 89 26
84 89 58
84 89 23
84 89 66
84 89 30
84 89 17
84 89 24
84 89 84
84 89 73
84 89 56
84 89 98
84 89 93
84 89 84
84 89 68
84 89 49
84 89 38
84 89 43
84 89 1
84 89 92
84 89 52
84 89 27
84 89 67
84 89 56
84 89 81
84 89 94
84 89 50
84 89 3
84 89 95
84 89 50
84 89 53
84 89 40
84 89 20
84 89 72
84 89 92
84 89 70
84 89 95
84 89 4
84 89 88
84 89 23
84 89 11
84 89 2
84 89 65
85 90 28
85 90 52
85 90 77
85 90 3
85 90 51
85 90 90
85 90 57
85 90 28
85 90 65
85 90 26
85 90 41
85 90 6
85 90 19
85 90 92
85 90 70
85 90 16
85 90 93
85 90 20
85 90 24
85 90 98
85 90 46
85 90 38
85 90 69
85 90 75
85 90 20
85 90 74
85 90 21
85 90 10
85 90 75
85 90 67
85 90 94
85 90 84
85 90 73
85 90 27
85 90 100
85 90 67
85 90 47
85 90 3
85 90 27
85 90 78
85 90 65
85 90 40
85 90 39
85 90 84
85 90 17
85 90 38
85 90 36
85 90 89
86 91 31
86 91 38
86 91 87
86 91 8
86 91 97
86 91 37
86 91 71
86 91 64
86 91 42
86 91 46
86 91 25
86 91 12
86 91 5
86 91 68
86 91 22
86 91 45
86 91 5
86 91 95
86 91 59
86 91 21
86 91 56
86 91 22
86 91 60
86 91 71
86 91 25
86 91 14
86 91 80
86 91 80
86 91 73
86 91 70
86 91 8
86 91 4
86 91 26
86 91 48
86 91 52
86 91 65
86 91 16
86 91 53
86 91 24
86 91 5
86 91 23
86 91 13
87 92 82
87 92 46
87 92 25
87 92 98
87 92 100
87 92 76
87 92 88
87 92 25
87 92 67
87 92 41
87 92 87
87 92 91
87 92 38
87 92 1
87 92 56
87 92 74
87 92 96
87 92 47
87 92 72
87 92 88
87 92 61
87 92 21
87 92 69
87 92 56
87 92 49
87 92 48
87 92 42
87 92 84
87 92 47
87 92 79
87 92 29
87 92 73
87 92 30
87 92 34
87 92 29
87 92 2
87 92 4
87 92 48
87 92 38
87 92 99
87 92 23
87 92 50
87 92 88
87 92 33
87 92 5
87 92 22
87 92 69
87 92 66
87 92 17
87 92 46
87 92 74
87 92 81
87 92 40
87 92 76
87 92 66
87 92 43
87 92 22
87 92 87
87 92 61
87 92 76
87 92 6
87 92 33
87 92 91
87 92 40
88 93 85
88 93 31
88 93 83
88 93 26
88 93 52
88 93 61
88 93 85
88 93 27
88 93 65
88 93 45
88 93 80
88 93 24
88 93 63
88 93 65
88 93 70
88 93 75
88 93 38
88 93 65
88 93 50
88 93 57
88 93 81
88 93 37
88 93 67
88 93 55
88 93 72
88 93 76
88 93 27
88 93 21
88 93 73
88 93 6
88 93 32
88 93 1
88 93 44
88 93 44
88 93 76
88 93 30
88 93 10
88 93 31
88 93 10
88 93 43
88 93 19
88 93 77
88 93 58
88 93 72
88 93 79
88 93 29
88 93 8
88 93 29
88 93 8
89 94 55
89 94 81
89 94 93
89 94 29
89 94 72
89 94 46
89 94 35
89 94 22
89 94 80
89 94 15
89 94 64
89 94 66
89 94 16
89 94 82
89 94 24
89 94 14
89 94 42
89 94 83
89 94 53
89 94 32
89 94 84
89 94 23
89 94 53
89 94 30
89 94 4
89 94 32
89 94 83
89 94 19
89 94 82
89 94 24
89 94 46
89 94 35
89 94 35
89 94 30
89 94 34
89 94 16
89 94 74
89 94 81
89 94 60
89 94 56
89 94 17
89 94 39
89 94 4
89 94 31
89 94 97
89 94 47
89 94 32
89 94 98
89 94 3
89 94 43
89 94 80
90 95 81
90 95 100
90 95 68
90 95 26
90 95 72
90 95 23
90 95 64
90 95 90
90 95 2
90 95 38
90 95 6
90 95 90
90 95 97
90 95 32
90 95 59
90 95 24
90 95 78
90 95 61
90 95 56
90 95 26
90 95 68
90 95 72
90 95 74
90 95 60
90 95 28
90 95 85
90 95 39
90 95 78
90 95 31
90 95 48
90 95 30
90 95 6
90 95 73
90 95 84
90 95 83
90 95 6
90 95 37
90 95 61
90 95 35
90 95 51
90 95 33
90 95 36
90 95 51
90 95 84
90 95 24
90 95 32
90 95 35
90 95 43
90 95 71
90 95 94
90 95 45
90 95 65
90 95 18
90 95 91
90 95 43
91 96 54
91 96 72
91 96 47
91 96 88
91 96 89
91 96 46
91 96 43
91 96 99
91 96 56
91 96 6
91 96 27
91 96 89
91 96 19
91 96 45
91 96 81
91 96 59
91 96 5
91 96 87
91 96 88
91 96 39
91 96 84
91 96 6
91 96 7
91 96 53
91 96 32
91 96 89
91 96 1
91 96 33
91 96 36
91 96 51
91 96 31
91 96 54
91 96 71
91 96 76
91 96 90
91 96 62
91 96 55
91 96 79
91 96 83
91 96 83
91 96 44
91 96 68
91 96 10
91 96 9
91 96 73
91 96 99
91 96 34
91 96 10
91 96 44
91 96 35
91 96 38
91 96 82
91 96 93
91 96 89
91 96 25
91 96 57
91 96 93
91 96 72
91 96 1
91 96 49
91 96 24
92 97 43
92 97 14
92 97 76
92 97 17
92 97 30
92 97 77
92 97 28
92 97 46
92 97 18
92 97 35
92 97 90
92 97 16
92 97 31
92 97 21
92 97 79
92 97 74
92 97 72
92 97 42
92 97 67
92 97 81
92 97 89
92 97 4
92 97 64
92 97 9
92 97 77
92 97 9
92 97 71
92 97 58
92 97 47
92 97 70
92 97 50
92 97 47
92 97 63
93 98 90
93 98 69
93 98 30
93 98 77
93 98 38
93 98 59
93 98 19
93 98 92
93 98 37
93 98 57
93 98 71
93 98 84
93 98 28
93 98 55
93 98 37
93 98 96
93 98 69
93 98 3
93 98 29
93 98 83
93 98 32
93 98 92
93 98 29
93 98 75
93 98 54
93 98 83
93 98 85
93 98 33
93 98 10
93 98 57
93 98 18
93 98 15
93 98 13
93 98 22
93 98 97
93 98 1
93 98 10
93 98 85
93 98 82
93 98 61
93 98 34
93 98 8
93 98 23
93 98 63
93 98 81
94 99 18
94 99 21
94 99 44
94 99 53
94 99 49
94 99 16
94 99 21
94 99 61
94 99 14
94 99 92
94 99 6
94 99 3
94 99 9
94 99 34
94 99 48
94 99 81
94 99 6
94 99 48
94 99 80
94 99 50
94 99 74
94 99 67
94 99 14
94 99 38
94 99 26
94 99 25
94 99 19
94 99 61
94 99 3
94 99 83
94 99 27
94 99 31
94 99 24
94 99 27
95 100 10
95 100 24
95 100 79
95 100 55
95 100 66
95 100 76
95 100 83
95 100 2
95 100 23
95 100 96
95 100 28
95 100 97
95 100 48
95 100 29
95 100 23
95 100 83
95 100 65
95 100 64
95 100 6
95 100 7
95 100 80
95 100 98
95 100 34
95 100 36
95 100 42
95 100 20
95 100 52
95 100 75
95 100 99
95 100 86
95 100 92
95 100 9
95 100 80
95 100 19
95 100 61
95 100 35
95 100 43
95 100 12
95 100 77
95 100 90
95 100 6
95 100 28
95 100 77
95 100 60
95 100 1
95 100 72
95 100 88
95 100 22
96 101 87
96 101 5
96 101 64
96 101 35
96 101 25
96 101 10
96 101 63
96 101 77
96 101 59
96 101 25
96 101 58
96 101 5
96 101 96
96 101 83
96 101 53
96 101 10
96 101 84
96 101 66
96 101 80
96 101 53
96 101 72
96 101 74
96 101 31
96 101 68
96 101 31
96 101 31
96 101 2
96 101 40
96 101 79
96 101 9
96 101 61
96 101 79
96 101 69
96 101 39
96 101 2
96 101 88
96 101 13
96 101 61
96 101 4
96 101 52
96 101 17
96 101 37
96 101 31
96 101 22
97 102 31
97 102 31
97 102 77
97 102 32
97 102 92
97 102 66
97 102 11
97 102 43
97 102 38
97 102 11
97 102 60
97 102 49
97 102 9
97 102 15
97 102 52
97 102 56
97 102 69
97 102 87
97 102 93
97 102 31
97 102 64
97 102 35
97 102 69
97 102 24
97 102 56
97 102 6
97 102 52
97 102 93
97 102 79
97 102 36
97 102 53
97 102 77
97 102 75
97 102 41
97 102 21
97 102 68
97 102 7
97 102 53
97 102 67
97 102 49
97 102 4
97 102 16
97 102 63
97 102 34
97 102 46
97 102 8
97 102 23
97 102 31
97 102 6
97 102 10
98 103 16
98 103 42
98 103 82
98 103 55
98 103 30
98 103 62
98 103 13
98 103 30
98 103 26
98 103 97
98 103 28
98 103 28
98 103 92
98 103 62
98 103 93
98 103 57
98 103 28
98 103 34
98 103 33
98 103 62
98 103 19
98 103 9
98 103 93
98 103 10
98 103 24
98 103 87
98 103 63
98 103 58
98 103 61
98 103 92
98 103 48
98 103 69
98 103 24
98 103 97
98 103 46
98 103 84
98 103 64
98 103 18
98 103 76
98 103 36
98 103 78
98 103 18
98 103 81
98 103 46
98 103 12
98 103 93
98 103 1
99 104 26
99 104 13
99 104 77
99 104 64
99 104 69
99 104 2
99 104 29
99 104 56
99 104 38
99 104 79
99 104 52
99 104 46
99 104 19
99 104 27
99 104 91
99 104 41
99 104 56
99 104 45
99 104 86
99 104 46
99 104 35
99 104 88
99 104 81
99 104 80
99 104 69
99 104 38
99 104 40
99 104 23
99 104 78
99 104 66
99 104 45
99 104 40
99 104 61
99 104 64
99 104 67
99 104 15
99 104 19
99 104 41
99 104 61
99 104 79
99 104 57
99 104 51
99 104 87
99 104 94
99 104 11
99 104 75
99 104 63
99 104 20
99 104 4
99 104 75
99 104 33
99 104 30
99 104 80
99 104 6
99 104 49
99 104 89
99 104 70
99 104 24
99 104 64
99 104 25
100 105 68
100 105 24
100 105 70
100 105 4
100 105 93
100 105 36
100 105 97
100 105 11
100 105 64
100 105 89
100 105 26
100 105 20
100 105 28
100 105 80
100 105 13
100 105 81
100 105 2
100 105 56
100 105 96
100 105 47
100 105 42
100 105 3
100 105 9
100 105 41
100 105 88
100 105 7
100 105 44
100 105 33
100 105 52
100 105 90
100 105 95
100 105 26
100 105 22
100 105 27
100 105 44
100 105 43
100 105 2
100 105 65
100 105 11
100 105 26
100 105 6
100 105 75
100 105 75
100 105 15
100 105 57
100 105 62
100 105 96
100 105 66
100 105 59
