10000 254080
1 6 2
1 6 34
1 6 50
1 6 13
1 6 9
1 6 5
1 6 12
1 6 44
1 6 12
1 6 8
1 6 27
1 6 39
1 6 50
1 6 2
1 6 29
1 6 49
1 6 34
1 6 25
1 6 16
1 6 3
1 6 16
1 6 26
1 6 16
1 6 2
1 6 25
1 6 1
1 6 4
1 6 37
1 6 2
1 6 24
1 6 24
1 6 44
1 6 37
1 6 10
1 6 12
1 6 19
1 6 49
1 6 30
1 6 38
1 6 43
1 6 43
1 6 32
1 6 28
1 6 13
1 6 19
1 6 44
1 6 2
1 6 30
1 6 37
1 6 21
1 6 12
1 6 23
1 6 4
1 6 29
1 6 10
1 6 42
1 6 32
1 6 37
1 6 22
1 6 8
1 6 46
1 6 15
1 6 25
1 6 19
1 6 30
1 6 28
1 6 16
1 6 13
1 6 2
1 6 38
1 6 49
1 6 30
1 6 15
1 6 16
1 6 19
1 6 47
1 6 19
1 6 29
1 6 14
1 6 8
1 6 22
1 6 20
1 6 48
1 6 44
1 6 31
1 6 48
1 6 3
1 6 3
1 6 3
1 6 10
1 6 43
2 7 16
2 7 22
2 7 44
2 7 36
2 7 33
2 7 36
2 7 35
2 7 1
2 7 49
2 7 37
2 7 28
2 7 12
2 7 42
2 7 27
2 7 42
2 7 14
2 7 33
2 7 17
2 7 50
2 7 50
2 7 43
2 7 27
2 7 12
2 7 35
2 7 43
2 7 34
2 7 9
2 7 41
2 7 46
2 7 12
2 7 16
2 7 31
2 7 41
2 7 25
2 7 7
2 7 26
2 7 3
2 7 16
2 7 8
2 7 23
2 7 21
2 7 34
2 7 33
2 7 37
2 7 9
2 7 10
2 7 16
2 7 12
2 7 23
2 7 29
2 7 45
2 7 9
2 7 28
2 7 39
2 7 3
2 7 30
2 7 30
2 7 23
2 7 23
2 7 43
2 7 9
2 7 11
2 7 42
2 7 18
2 7 27
2 7 34
2 7 7
2 7 31
2 7 42
2 7 9
2 7 4
2 7 35
2 7 28
2 7 45
2 7 11
2 7 18
2 7 19
2 7 30
2 7 28
2 7 29
2 7 47
2 7 12
2 7 18
2 7 9
2 7 12
2 7 24
2 7 42
2 7 9
2 7 29
2 7 24
2 7 28
2 7 46
2 7 32
2 7 20
2 7 35
2 7 8
2 7 38
2 7 16
2 7 8
2 7 42
2 7 40
2 7 10
2 7 20
2 7 14
2 7 37
2 7 13
2 7 43
3 8 32
3 8 21
3 8 43
3 8 4
3 8 29
3 8 6
3 8 16
3 8 5
3 8 17
3 8 13
3 8 11
3 8 21
3 8 22
3 8 27
3 8 5
3 8 26
3 8 47
3 8 50
3 8 3
3 8 47
3 8 29
3 8 13
3 8 33
3 8 40
3 8 14
3 8 35
3 8 12
3 8 7
3 8 49
3 8 25
3 8 43
3 8 37
3 8 26
3 8 42
3 8 25
3 8 18
3 8 13
3 8 27
3 8 39
3 8 32
3 8 37
3 8 32
3 8 22
3 8 16
3 8 40
3 8 14
3 8 24
3 8 43
3 8 13
3 8 22
3 8 42
3 8 4
3 8 25
3 8 5
3 8 43
3 8 34
3 8 31
3 8 1
3 8 37
3 8 34
3 8 35
3 8 3
3 8 34
3 8 19
3 8 16
3 8 4
3 8 2
3 8 17
3 8 18
3 8 28
3 8 32
3 8 4
3 8 33
3 8 40
3 8 35
3 8 38
3 8 36
3 8 14
3 8 24
3 8 26
3 8 49
3 8 2
3 8 29
3 8 48
4 9 29
4 9 26
4 9 50
4 9 46
4 9 14
4 9 37
4 9 25
4 9 41
4 9 4
4 9 22
4 9 25
4 9 19
4 9 38
4 9 47
4 9 47
4 9 26
4 9 50
4 9 37
4 9 9
4 9 1
4 9 9
4 9 26
4 9 2
4 9 17
4 9 37
4 9 42
4 9 24
4 9 21
4 9 15
4 9 35
4 9 50
4 9 12
4 9 11
4 9 27
4 9 46
4 9 24
4 9 47
4 9 30
4 9 1
4 9 31
4 9 16
4 9 18
4 9 35
4 9 8
4 9 43
4 9 49
4 9 41
4 9 49
4 9 17
4 9 15
4 9 38
4 9 38
4 9 30
4 9 18
4 9 28
4 9 35
4 9 50
4 9 29
4 9 33
4 9 10
4 9 18
4 9 16
4 9 29
4 9 24
4 9 42
4 9 45
4 9 2
4 9 17
4 9 9
4 9 1
4 9 40
4 9 33
4 9 28
4 9 34
4 9 26
4 9 10
4 9 12
4 9 35
4 9 8
4 9 3
4 9 16
4 9 42
4 9 1
4 9 19
4 9 36
4 9 43
4 9 27
4 9 16
4 9 21
4 9 34
4 9 41
4 9 34
4 9 38
4 9 1
5 10 2
5 10 35
5 10 24
5 10 3
5 10 3
5 10 37
5 10 14
5 10 43
5 10 7
5 10 25
5 10 18
5 10 39
5 10 9
5 10 16
5 10 37
5 10 5
5 10 28
5 10 13
5 10 23
5 10 12
5 10 17
5 10 41
5 10 6
5 10 9
5 10 4
5 10 50
5 10 29
5 10 38
5 10 4
5 10 26
5 10 38
5 10 3
5 10 43
5 10 15
5 10 16
5 10 40
5 10 38
5 10 4
5 10 46
5 10 18
5 10 9
5 10 35
5 10 35
5 10 21
5 10 33
5 10 36
5 10 6
5 10 2
5 10 42
5 10 32
5 10 47
5 10 29
5 10 32
5 10 20
5 10 12
5 10 21
5 10 22
5 10 20
5 10 4
5 10 35
5 10 2
5 10 28
5 10 9
5 10 47
5 10 37
5 10 16
5 10 46
5 10 23
5 10 44
5 10 12
5 10 26
5 10 29
5 10 32
5 10 3
5 10 15
5 10 13
5 10 27
5 10 4
5 10 22
5 10 50
5 10 48
5 10 36
5 10 33
5 10 30
5 10 32
5 10 49
5 10 49
5 10 32
5 10 3
5 10 2
5 10 43
5 10 44
5 10 41
5 10 48
5 10 29
5 10 40
5 10 2
5 10 3
5 10 8
5 10 25
5 10 29
5 10 7
5 10 24
5 10 42
5 10 49
5 10 14
5 10 22
5 10 11
6 11 3
6 11 50
6 11 10
6 11 23
6 11 9
6 11 48
6 11 16
6 11 41
6 11 9
6 11 36
6 11 17
6 11 39
6 11 18
6 11 10
6 11 3
6 11 30
6 11 43
6 11 28
6 11 25
6 11 34
6 11 36
6 11 42
6 11 11
6 11 21
6 11 14
6 11 5
6 11 31
6 11 37
6 11 19
6 11 35
6 11 23
6 11 16
6 11 33
6 11 15
6 11 12
6 11 47
6 11 50
6 11 21
6 11 41
6 11 45
6 11 39
6 11 38
6 11 12
6 11 30
6 11 7
6 11 1
6 11 46
6 11 30
6 11 45
6 11 3
6 11 40
6 11 11
6 11 50
6 11 33
6 11 15
6 11 44
6 11 6
6 11 11
6 11 45
6 11 39
6 11 24
6 11 7
6 11 3
6 11 21
6 11 12
6 11 50
6 11 6
6 11 14
6 11 39
6 11 43
6 11 33
6 11 44
6 11 13
6 11 33
6 11 32
6 11 32
6 11 50
6 11 33
6 11 34
6 11 6
6 11 38
6 11 23
6 11 41
6 11 15
6 11 31
6 11 2
6 11 32
6 11 26
6 11 41
6 11 30
6 11 17
6 11 4
6 11 13
6 11 24
6 11 32
6 11 19
6 11 24
6 11 31
6 11 37
6 11 47
6 11 46
6 11 42
6 11 4
6 11 5
6 11 27
6 11 45
6 11 4
6 11 36
6 11 35
6 11 6
6 11 40
6 11 50
6 11 33
6 11 21
7 12 39
7 12 27
7 12 26
7 12 30
7 12 34
7 12 37
7 12 32
7 12 17
7 12 45
7 12 47
7 12 41
7 12 20
7 12 42
7 12 26
7 12 32
7 12 41
7 12 27
7 12 17
7 12 25
7 12 35
7 12 17
7 12 17
7 12 12
7 12 15
7 12 29
7 12 44
7 12 31
7 12 34
7 12 17
7 12 34
7 12 5
7 12 20
7 12 50
7 12 24
7 12 50
7 12 3
7 12 29
7 12 13
7 12 10
7 12 38
7 12 41
7 12 26
7 12 23
7 12 24
7 12 44
7 12 39
7 12 37
7 12 40
7 12 35
7 12 14
7 12 36
7 12 28
7 12 50
7 12 41
7 12 8
7 12 30
7 12 16
7 12 48
7 12 28
7 12 11
7 12 47
7 12 13
7 12 27
7 12 45
7 12 11
7 12 17
7 12 30
7 12 22
7 12 14
7 12 14
7 12 41
7 12 43
7 12 30
7 12 38
7 12 8
7 12 34
7 12 1
7 12 16
7 12 48
7 12 34
7 12 3
7 12 46
7 12 45
7 12 13
7 12 8
7 12 17
7 12 43
7 12 34
7 12 11
7 12 5
7 12 50
7 12 38
7 12 36
7 12 18
7 12 8
7 12 15
7 12 30
7 12 39
7 12 40
7 12 4
7 12 38
7 12 49
7 12 38
8 13 23
8 13 2
8 13 6
8 13 8
8 13 47
8 13 35
8 13 19
8 13 17
8 13 6
8 13 15
8 13 18
8 13 38
8 13 50
8 13 29
8 13 19
8 13 12
8 13 7
8 13 43
8 13 44
8 13 36
8 13 5
8 13 4
8 13 25
8 13 41
8 13 13
8 13 24
8 13 24
8 13 5
8 13 4
8 13 6
8 13 1
8 13 35
8 13 32
8 13 40
8 13 40
8 13 50
8 13 38
8 13 40
8 13 7
8 13 9
8 13 5
8 13 28
8 13 47
8 13 45
8 13 26
8 13 37
8 13 6
8 13 11
8 13 16
8 13 21
8 13 38
8 13 31
8 13 39
8 13 49
8 13 30
8 13 40
8 13 13
8 13 46
8 13 35
8 13 30
8 13 44
8 13 44
8 13 25
8 13 27
8 13 32
8 13 5
8 13 30
8 13 15
8 13 41
8 13 1
8 13 3
8 13 19
8 13 25
8 13 32
8 13 20
8 13 42
8 13 28
8 13 19
8 13 34
8 13 42
8 13 12
8 13 9
8 13 30
8 13 6
8 13 42
8 13 50
8 13 46
8 13 29
8 13 4
8 13 9
8 13 36
8 13 17
8 13 15
8 13 39
8 13 29
8 13 23
8 13 35
8 13 39
8 13 1
8 13 6
8 13 36
8 13 43
8 13 13
8 13 18
8 13 7
8 13 39
8 13 2
8 13 32
8 13 16
8 13 39
8 13 19
8 13 42
9 14 22
9 14 46
9 14 4
9 14 3
9 14 47
9 14 27
9 14 13
9 14 11
9 14 33
9 14 11
9 14 16
9 14 47
9 14 47
9 14 3
9 14 5
9 14 31
9 14 6
9 14 26
9 14 30
9 14 30
9 14 44
9 14 38
9 14 24
9 14 38
9 14 34
9 14 42
9 14 37
9 14 47
9 14 6
9 14 8
9 14 15
9 14 32
9 14 5
9 14 31
9 14 25
9 14 29
9 14 29
9 14 10
9 14 20
9 14 13
9 14 41
9 14 19
9 14 40
9 14 34
9 14 1
9 14 45
9 14 7
9 14 3
9 14 19
9 14 3
9 14 1
9 14 26
9 14 49
9 14 22
9 14 8
9 14 18
9 14 9
9 14 37
9 14 32
9 14 25
9 14 22
9 14 26
9 14 15
9 14 38
9 14 6
9 14 33
9 14 5
9 14 43
9 14 32
9 14 35
9 14 16
9 14 1
9 14 36
9 14 8
9 14 33
9 14 23
9 14 4
9 14 27
9 14 26
9 14 47
9 14 17
9 14 28
9 14 38
9 14 29
9 14 17
9 14 49
9 14 3
9 14 37
9 14 8
9 14 27
9 14 18
9 14 48
9 14 2
9 14 15
10 15 29
10 15 13
10 15 27
10 15 18
10 15 4
10 15 49
10 15 31
10 15 37
10 15 35
10 15 18
10 15 11
10 15 27
10 15 43
10 15 38
10 15 12
10 15 20
10 15 10
10 15 14
10 15 47
10 15 44
10 15 16
10 15 24
10 15 23
10 15 28
10 15 39
10 15 15
10 15 36
10 15 6
10 15 6
10 15 15
10 15 14
10 15 16
10 15 49
10 15 13
10 15 23
10 15 7
10 15 20
10 15 17
10 15 22
10 15 34
10 15 37
10 15 47
10 15 11
10 15 17
10 15 34
10 15 30
10 15 37
10 15 45
10 15 11
10 15 32
10 15 24
10 15 26
10 15 5
10 15 48
10 15 16
10 15 31
10 15 35
10 15 49
10 15 48
10 15 2
10 15 49
10 15 33
10 15 30
10 15 28
10 15 27
10 15 25
10 15 17
10 15 42
10 15 18
10 15 34
10 15 44
10 15 30
10 15 2
10 15 25
10 15 19
10 15 31
10 15 30
10 15 2
10 15 11
10 15 20
10 15 12
10 15 8
10 15 27
10 15 29
10 15 27
10 15 5
10 15 22
10 15 15
10 15 29
10 15 10
10 15 15
10 15 2
10 15 1
10 15 1
10 15 34
10 15 1
10 15 41
10 15 7
10 15 24
10 15 31
10 15 1
10 15 40
10 15 6
11 16 34
11 16 16
11 16 15
11 16 10
11 16 35
11 16 33
11 16 49
11 16 49
11 16 5
11 16 5
11 16 28
11 16 42
11 16 31
11 16 26
11 16 14
11 16 45
11 16 26
11 16 4
11 16 29
11 16 4
11 16 6
11 16 41
11 16 24
11 16 41
11 16 18
11 16 4
11 16 4
11 16 44
11 16 29
11 16 48
11 16 5
11 16 6
11 16 36
11 16 39
11 16 23
11 16 48
11 16 8
11 16 2
11 16 24
11 16 41
11 16 1
11 16 32
11 16 44
11 16 3
11 16 15
11 16 12
11 16 3
11 16 47
11 16 41
11 16 13
11 16 45
11 16 41
11 16 41
11 16 31
11 16 39
11 16 34
11 16 9
11 16 48
11 16 27
11 16 33
11 16 23
11 16 5
11 16 16
11 16 25
11 16 15
11 16 37
11 16 10
11 16 26
11 16 13
11 16 13
11 16 19
11 16 10
11 16 18
11 16 33
11 16 46
11 16 44
11 16 24
11 16 22
11 16 43
11 16 26
11 16 21
11 16 17
11 16 39
11 16 2
11 16 8
11 16 15
11 16 39
11 16 41
11 16 18
11 16 50
11 16 23
11 16 19
11 16 47
11 16 47
12 17 34
12 17 15
12 17 23
12 17 18
12 17 27
12 17 16
12 17 19
12 17 25
12 17 3
12 17 39
12 17 32
12 17 47
12 17 35
12 17 3
12 17 39
12 17 28
12 17 38
12 17 4
12 17 29
12 17 21
12 17 27
12 17 24
12 17 23
12 17 37
12 17 9
12 17 29
12 17 20
12 17 10
12 17 3
12 17 34
12 17 15
12 17 8
12 17 31
12 17 41
12 17 9
12 17 49
12 17 5
12 17 40
12 17 47
12 17 7
12 17 23
12 17 49
12 17 3
12 17 11
12 17 27
12 17 50
12 17 21
12 17 25
12 17 26
12 17 42
12 17 10
12 17 26
12 17 6
12 17 29
12 17 23
12 17 34
12 17 7
12 17 6
12 17 47
12 17 38
12 17 40
12 17 42
12 17 2
12 17 23
12 17 34
12 17 39
12 17 23
12 17 3
12 17 18
12 17 39
12 17 50
12 17 26
12 17 6
12 17 22
12 17 32
12 17 21
12 17 38
12 17 16
12 17 10
12 17 34
12 17 28
12 17 15
12 17 4
12 17 50
12 17 18
12 17 26
12 17 36
12 17 11
12 17 7
12 17 26
13 18 5
13 18 43
13 18 18
13 18 9
13 18 35
13 18 46
13 18 29
13 18 21
13 18 47
13 18 4
13 18 7
13 18 33
13 18 39
13 18 1
13 18 23
13 18 12
13 18 3
13 18 36
13 18 43
13 18 4
13 18 24
13 18 5
13 18 33
13 18 15
13 18 39
13 18 2
13 18 26
13 18 15
13 18 47
13 18 18
13 18 13
13 18 31
13 18 20
13 18 1
13 18 7
13 18 25
13 18 19
13 18 42
13 18 31
13 18 31
13 18 29
13 18 23
13 18 34
13 18 38
13 18 33
13 18 16
13 18 19
13 18 25
13 18 22
13 18 10
13 18 39
13 18 11
13 18 17
13 18 2
13 18 17
13 18 11
13 18 48
13 18 13
13 18 9
13 18 4
13 18 49
13 18 9
13 18 5
13 18 15
13 18 31
13 18 46
13 18 33
13 18 36
13 18 28
13 18 48
13 18 45
13 18 33
13 18 41
13 18 6
13 18 8
13 18 26
13 18 2
13 18 37
13 18 27
13 18 18
13 18 16
13 18 27
13 18 33
13 18 8
13 18 4
13 18 42
13 18 12
13 18 39
13 18 20
14 19 36
14 19 46
14 19 31
14 19 9
14 19 30
14 19 15
14 19 48
14 19 3
14 19 38
14 19 4
14 19 36
14 19 1
14 19 20
14 19 6
14 19 33
14 19 9
14 19 8
14 19 20
14 19 16
14 19 28
14 19 17
14 19 2
14 19 21
14 19 38
14 19 8
14 19 19
14 19 40
14 19 11
14 19 43
14 19 3
14 19 8
14 19 33
14 19 27
14 19 35
14 19 48
14 19 3
14 19 2
14 19 11
14 19 40
14 19 34
14 19 21
14 19 5
14 19 47
14 19 9
14 19 47
14 19 5
14 19 16
14 19 14
14 19 14
14 19 1
14 19 28
14 19 42
14 19 16
14 19 40
14 19 6
14 19 38
14 19 27
14 19 6
14 19 50
14 19 11
14 19 40
14 19 21
14 19 27
14 19 19
14 19 3
14 19 42
14 19 1
14 19 20
14 19 45
14 19 49
14 19 6
14 19 23
14 19 15
14 19 38
14 19 7
14 19 31
14 19 16
14 19 5
14 19 45
14 19 11
14 19 38
14 19 36
14 19 1
14 19 15
14 19 44
14 19 17
14 19 30
14 19 25
14 19 27
14 19 6
14 19 39
14 19 13
14 19 35
14 19 37
15 20 24
15 20 23
15 20 23
15 20 45
15 20 27
15 20 46
15 20 47
15 20 30
15 20 14
15 20 44
15 20 8
15 20 34
15 20 20
15 20 46
15 20 21
15 20 19
15 20 1
15 20 26
15 20 47
15 20 45
15 20 46
15 20 46
15 20 11
15 20 36
15 20 45
15 20 9
15 20 7
15 20 47
15 20 6
15 20 50
15 20 21
15 20 26
15 20 50
15 20 26
15 20 35
15 20 21
15 20 11
15 20 33
15 20 35
15 20 10
15 20 1
15 20 39
15 20 39
15 20 7
15 20 43
15 20 40
15 20 46
15 20 25
15 20 2
15 20 27
15 20 1
15 20 21
15 20 12
15 20 38
15 20 34
15 20 26
15 20 12
15 20 27
15 20 48
15 20 30
15 20 11
15 20 8
15 20 42
15 20 23
15 20 6
15 20 26
15 20 20
15 20 35
15 20 31
15 20 3
15 20 13
15 20 17
15 20 33
15 20 4
15 20 13
15 20 29
15 20 35
15 20 12
15 20 43
15 20 13
15 20 47
15 20 42
16 21 8
16 21 41
16 21 22
16 21 10
16 21 30
16 21 29
16 21 43
16 21 23
16 21 41
16 21 37
16 21 30
16 21 18
16 21 8
16 21 10
16 21 11
16 21 12
16 21 25
16 21 8
16 21 26
16 21 16
16 21 3
16 21 47
16 21 4
16 21 6
16 21 17
16 21 23
16 21 25
16 21 10
16 21 34
16 21 19
16 21 5
16 21 17
16 21 43
16 21 40
16 21 10
16 21 26
16 21 10
16 21 7
16 21 19
16 21 34
16 21 16
16 21 50
16 21 46
16 21 11
16 21 36
16 21 38
16 21 4
16 21 15
16 21 50
16 21 7
16 21 11
16 21 42
16 21 22
16 21 23
16 21 38
16 21 44
16 21 16
16 21 25
16 21 26
16 21 27
16 21 45
16 21 47
16 21 31
16 21 28
16 21 27
16 21 23
16 21 48
16 21 6
16 21 24
16 21 15
16 21 44
16 21 7
16 21 16
16 21 19
16 21 21
16 21 1
16 21 34
16 21 23
16 21 46
16 21 46
16 21 21
16 21 35
16 21 13
16 21 24
16 21 19
16 21 21
16 21 23
16 21 22
16 21 33
16 21 19
16 21 6
16 21 48
16 21 38
16 21 50
16 21 24
16 21 43
16 21 31
16 21 11
16 21 34
16 21 19
16 21 37
16 21 31
16 21 1
16 21 39
16 21 18
16 21 8
16 21 28
16 21 28
17 22 10
17 22 35
17 22 27
17 22 50
17 22 15
17 22 35
17 22 29
17 22 37
17 22 30
17 22 25
17 22 27
17 22 42
17 22 22
17 22 45
17 22 48
17 22 4
17 22 36
17 22 20
17 22 17
17 22 4
17 22 5
17 22 9
17 22 2
17 22 11
17 22 24
17 22 50
17 22 5
17 22 50
17 22 17
17 22 36
17 22 29
17 22 1
17 22 32
17 22 50
17 22 37
17 22 15
17 22 9
17 22 33
17 22 13
17 22 10
17 22 49
17 22 38
17 22 31
17 22 40
17 22 3
17 22 19
17 22 49
17 22 44
17 22 47
17 22 44
17 22 4
17 22 48
17 22 17
17 22 33
17 22 15
17 22 2
17 22 35
17 22 50
17 22 48
17 22 30
17 22 14
17 22 2
17 22 26
17 22 15
17 22 24
17 22 28
17 22 46
17 22 20
17 22 36
17 22 9
17 22 5
17 22 23
17 22 43
17 22 28
17 22 11
17 22 3
17 22 9
17 22 13
17 22 8
17 22 33
17 22 39
17 22 47
17 22 45
17 22 2
17 22 18
17 22 17
17 22 8
17 22 6
17 22 23
17 22 37
17 22 38
17 22 15
17 22 1
17 22 24
18 23 11
18 23 28
18 23 1
18 23 27
18 23 33
18 23 23
18 23 49
18 23 15
18 23 11
18 23 26
18 23 39
18 23 43
18 23 19
18 23 37
18 23 30
18 23 9
18 23 6
18 23 12
18 23 45
18 23 30
18 23 31
18 23 2
18 23 7
18 23 19
18 23 32
18 23 49
18 23 40
18 23 7
18 23 5
18 23 5
18 23 43
18 23 28
18 23 4
18 23 41
18 23 24
18 23 31
18 23 19
18 23 32
18 23 22
18 23 45
18 23 48
18 23 31
18 23 33
18 23 6
18 23 41
18 23 4
18 23 12
18 23 50
18 23 6
18 23 35
18 23 37
18 23 38
18 23 7
18 23 20
18 23 11
18 23 48
18 23 47
18 23 46
18 23 42
18 23 14
18 23 32
18 23 12
18 23 42
18 23 45
18 23 30
18 23 38
18 23 34
18 23 30
18 23 21
18 23 47
18 23 15
18 23 16
18 23 11
18 23 16
18 23 9
18 23 34
18 23 29
18 23 43
18 23 17
18 23 2
18 23 15
18 23 9
18 23 18
18 23 29
18 23 2
18 23 45
18 23 18
18 23 38
19 24 43
19 24 11
19 24 32
19 24 10
19 24 22
19 24 43
19 24 42
19 24 21
19 24 24
19 24 31
19 24 11
19 24 41
19 24 27
19 24 39
19 24 40
19 24 49
19 24 31
19 24 43
19 24 49
19 24 8
19 24 26
19 24 19
19 24 22
19 24 13
19 24 45
19 24 30
19 24 16
19 24 21
19 24 19
19 24 5
19 24 31
19 24 17
19 24 20
19 24 35
19 24 41
19 24 20
19 24 30
19 24 50
19 24 40
19 24 48
19 24 16
19 24 29
19 24 19
19 24 50
19 24 25
19 24 42
19 24 2
19 24 2
19 24 15
19 24 28
19 24 5
19 24 5
19 24 26
19 24 23
19 24 2
19 24 50
19 24 10
19 24 45
19 24 6
19 24 49
19 24 21
19 24 26
19 24 31
19 24 45
19 24 30
19 24 1
19 24 44
19 24 23
19 24 6
19 24 22
19 24 21
19 24 6
19 24 11
19 24 14
19 24 37
19 24 28
19 24 27
19 24 49
19 24 48
19 24 1
19 24 43
19 24 47
19 24 9
19 24 46
19 24 3
19 24 21
19 24 24
19 24 30
19 24 28
19 24 1
19 24 47
19 24 8
19 24 5
19 24 5
19 24 44
19 24 38
19 24 22
19 24 21
19 24 34
19 24 25
19 24 46
19 24 10
19 24 41
19 24 41
19 24 21
19 24 29
19 24 40
19 24 50
19 24 34
20 25 11
20 25 43
20 25 29
20 25 42
20 25 35
20 25 20
20 25 2
20 25 18
20 25 21
20 25 23
20 25 38
20 25 31
20 25 24
20 25 16
20 25 5
20 25 20
20 25 7
20 25 4
20 25 7
20 25 40
20 25 36
20 25 49
20 25 28
20 25 19
20 25 16
20 25 1
20 25 19
20 25 47
20 25 29
20 25 19
20 25 47
20 25 41
20 25 16
20 25 21
20 25 27
20 25 38
20 25 37
20 25 6
20 25 12
20 25 39
20 25 48
20 25 46
20 25 42
20 25 39
20 25 32
20 25 21
20 25 15
20 25 6
20 25 19
20 25 23
20 25 10
20 25 21
20 25 42
20 25 6
20 25 29
20 25 4
20 25 41
20 25 36
20 25 7
20 25 21
20 25 32
20 25 4
20 25 20
20 25 20
20 25 10
20 25 33
20 25 11
20 25 10
20 25 20
20 25 49
20 25 47
20 25 15
20 25 20
20 25 11
20 25 11
20 25 34
21 26 21
21 26 25
21 26 3
21 26 41
21 26 21
21 26 12
21 26 27
21 26 30
21 26 4
21 26 45
21 26 35
21 26 10
21 26 30
21 26 45
21 26 26
21 26 6
21 26 21
21 26 13
21 26 1
21 26 29
21 26 45
21 26 22
21 26 5
21 26 2
21 26 24
21 26 44
21 26 37
21 26 39
21 26 14
21 26 30
21 26 45
21 26 13
21 26 2
21 26 14
21 26 2
21 26 30
21 26 4
21 26 44
21 26 36
21 26 3
21 26 47
21 26 43
21 26 15
21 26 23
21 26 43
21 26 41
21 26 25
21 26 30
21 26 50
21 26 37
21 26 10
21 26 49
21 26 22
21 26 2
21 26 44
21 26 21
21 26 40
21 26 13
21 26 46
21 26 21
21 26 14
21 26 27
21 26 49
21 26 1
21 26 11
21 26 2
21 26 40
21 26 9
21 26 9
21 26 32
21 26 21
21 26 4
21 26 15
21 26 34
21 26 11
21 26 6
21 26 38
22 27 23
22 27 48
22 27 45
22 27 44
22 27 35
22 27 16
22 27 31
22 27 26
22 27 14
22 27 33
22 27 3
22 27 27
22 27 48
22 27 13
22 27 40
22 27 7
22 27 49
22 27 14
22 27 17
22 27 30
22 27 2
22 27 50
22 27 45
22 27 22
22 27 43
22 27 13
22 27 38
22 27 14
22 27 28
22 27 20
22 27 31
22 27 13
22 27 49
22 27 43
22 27 43
22 27 20
22 27 12
22 27 37
22 27 22
22 27 16
22 27 28
22 27 20
22 27 46
22 27 48
22 27 12
22 27 32
22 27 45
22 27 36
22 27 29
22 27 13
22 27 33
22 27 34
22 27 46
22 27 31
22 27 1
22 27 39
22 27 36
22 27 4
22 27 44
22 27 16
22 27 49
22 27 43
22 27 27
22 27 27
22 27 15
22 27 6
22 27 39
22 27 10
22 27 34
22 27 11
22 27 48
22 27 49
22 27 9
22 27 48
22 27 37
22 27 29
22 27 2
22 27 19
22 27 47
22 27 2
22 27 41
22 27 14
22 27 10
22 27 6
22 27 48
22 27 46
22 27 31
22 27 9
22 27 30
22 27 18
22 27 43
22 27 37
22 27 32
22 27 46
22 27 38
22 27 23
22 27 47
22 27 45
22 27 7
22 27 17
22 27 29
22 27 11
22 27 9
22 27 6
22 27 20
22 27 23
22 27 14
22 27 17
22 27 28
22 27 30
22 27 40
22 27 29
22 27 19
22 27 9
22 27 37
22 27 42
22 27 38
22 27 25
22 27 27
22 27 40
22 27 47
22 27 22
22 27 12
23 28 25
23 28 26
23 28 39
23 28 8
23 28 18
23 28 17
23 28 7
23 28 13
23 28 16
23 28 26
23 28 23
23 28 36
23 28 40
23 28 46
23 28 17
23 28 49
23 28 9
23 28 32
23 28 47
23 28 35
23 28 41
23 28 45
23 28 11
23 28 32
23 28 23
23 28 4
23 28 12
23 28 16
23 28 30
23 28 19
23 28 28
23 28 23
23 28 26
23 28 8
23 28 27
23 28 20
23 28 17
23 28 32
23 28 42
23 28 41
23 28 29
23 28 45
23 28 42
23 28 9
23 28 27
23 28 9
23 28 21
23 28 6
23 28 49
23 28 4
23 28 12
23 28 14
23 28 7
23 28 32
23 28 31
23 28 9
23 28 45
23 28 24
23 28 3
23 28 41
23 28 41
23 28 3
23 28 11
23 28 20
23 28 17
23 28 15
23 28 6
23 28 7
23 28 49
23 28 47
23 28 10
23 28 10
23 28 13
23 28 17
23 28 15
23 28 15
23 28 3
23 28 47
23 28 1
23 28 47
23 28 12
23 28 38
23 28 18
23 28 24
23 28 37
23 28 2
23 28 16
23 28 14
23 28 21
23 28 23
23 28 25
23 28 33
23 28 23
23 28 32
23 28 28
23 28 45
23 28 25
24 29 32
24 29 26
24 29 36
24 29 24
24 29 5
24 29 30
24 29 12
24 29 2
24 29 48
24 29 26
24 29 41
24 29 22
24 29 40
24 29 16
24 29 1
24 29 14
24 29 20
24 29 39
24 29 36
24 29 28
24 29 49
24 29 16
24 29 49
24 29 6
24 29 29
24 29 46
24 29 10
24 29 27
24 29 43
24 29 46
24 29 36
24 29 28
24 29 25
24 29 35
24 29 1
24 29 18
24 29 18
24 29 47
24 29 17
24 29 41
24 29 10
24 29 21
24 29 10
24 29 47
24 29 30
24 29 43
24 29 37
24 29 1
24 29 19
24 29 47
24 29 43
24 29 18
24 29 18
24 29 28
24 29 36
24 29 42
24 29 42
24 29 45
24 29 29
24 29 3
24 29 28
24 29 14
24 29 6
24 29 7
24 29 6
24 29 5
24 29 6
24 29 3
24 29 33
24 29 46
24 29 20
24 29 15
24 29 42
24 29 21
24 29 50
24 29 50
24 29 47
24 29 36
24 29 44
24 29 24
24 29 47
24 29 22
24 29 48
24 29 32
24 29 17
24 29 29
24 29 13
24 29 34
24 29 43
24 29 32
24 29 46
24 29 42
24 29 44
24 29 33
24 29 14
24 29 50
24 29 38
24 29 19
24 29 36
24 29 9
24 29 32
24 29 42
24 29 26
24 29 34
24 29 12
24 29 47
24 29 11
24 29 29
24 29 22
25 30 40
25 30 7
25 30 49
25 30 33
25 30 23
25 30 46
25 30 1
25 30 48
25 30 6
25 30 3
25 30 5
25 30 40
25 30 36
25 30 11
25 30 8
25 30 33
25 30 26
25 30 49
25 30 30
25 30 11
25 30 2
25 30 13
25 30 47
25 30 9
25 30 37
25 30 43
25 30 19
25 30 10
25 30 45
25 30 20
25 30 8
25 30 8
25 30 33
25 30 21
25 30 4
25 30 45
25 30 47
25 30 20
25 30 7
25 30 36
25 30 47
25 30 45
25 30 44
25 30 36
25 30 6
25 30 27
25 30 38
25 30 10
25 30 7
25 30 9
25 30 47
25 30 3
25 30 36
25 30 16
25 30 28
25 30 17
25 30 44
25 30 11
25 30 42
25 30 11
25 30 39
25 30 28
25 30 25
25 30 10
25 30 11
25 30 37
25 30 46
25 30 50
25 30 15
25 30 34
25 30 45
25 30 44
25 30 19
25 30 36
25 30 16
25 30 3
25 30 10
25 30 4
25 30 40
25 30 17
25 30 37
25 30 40
25 30 5
25 30 9
25 30 46
25 30 15
25 30 12
25 30 47
25 30 37
25 30 25
25 30 43
25 30 23
25 30 14
25 30 32
25 30 8
25 30 50
25 30 49
25 30 37
25 30 42
25 30 49
25 30 38
25 30 27
25 30 50
25 30 44
25 30 3
25 30 42
25 30 16
25 30 8
25 30 48
25 30 8
25 30 28
25 30 15
25 30 42
25 30 47
26 31 45
26 31 35
26 31 43
26 31 18
26 31 46
26 31 5
26 31 38
26 31 2
26 31 23
26 31 32
26 31 2
26 31 22
26 31 12
26 31 11
26 31 11
26 31 27
26 31 14
26 31 23
26 31 50
26 31 11
26 31 27
26 31 49
26 31 13
26 31 10
26 31 20
26 31 8
26 31 41
26 31 20
26 31 43
26 31 39
26 31 22
26 31 44
26 31 4
26 31 5
26 31 22
26 31 13
26 31 7
26 31 46
26 31 4
26 31 39
26 31 2
26 31 40
26 31 28
26 31 38
26 31 34
26 31 14
26 31 1
26 31 3
26 31 15
26 31 38
26 31 9
26 31 34
26 31 34
26 31 9
26 31 1
26 31 40
26 31 26
26 31 39
26 31 34
26 31 13
26 31 8
26 31 47
26 31 44
26 31 14
26 31 40
26 31 10
26 31 21
26 31 39
26 31 18
26 31 24
26 31 28
26 31 33
26 31 20
26 31 2
26 31 32
26 31 9
26 31 14
26 31 30
26 31 46
26 31 32
26 31 46
26 31 40
26 31 39
26 31 42
26 31 8
26 31 25
26 31 4
26 31 19
26 31 50
26 31 19
26 31 30
26 31 8
26 31 31
26 31 47
26 31 4
26 31 39
27 32 34
27 32 44
27 32 11
27 32 19
27 32 41
27 32 18
27 32 46
27 32 35
27 32 42
27 32 50
27 32 50
27 32 50
27 32 10
27 32 13
27 32 18
27 32 13
27 32 24
27 32 34
27 32 45
27 32 27
27 32 33
27 32 25
27 32 30
27 32 29
27 32 46
27 32 8
27 32 35
27 32 9
27 32 38
27 32 2
27 32 18
27 32 49
27 32 26
27 32 39
27 32 50
27 32 23
27 32 7
27 32 31
27 32 22
27 32 30
27 32 49
27 32 7
27 32 13
27 32 2
27 32 5
27 32 23
27 32 49
27 32 45
27 32 40
27 32 26
27 32 10
27 32 26
27 32 16
27 32 17
27 32 24
27 32 8
27 32 26
27 32 11
27 32 18
27 32 16
27 32 49
27 32 19
27 32 19
27 32 35
27 32 23
27 32 16
27 32 38
27 32 47
27 32 6
27 32 35
27 32 33
27 32 4
27 32 19
27 32 22
27 32 30
27 32 1
27 32 37
27 32 20
27 32 47
27 32 30
27 32 26
27 32 23
27 32 33
27 32 16
27 32 9
27 32 6
27 32 8
27 32 39
27 32 49
27 32 33
27 32 27
27 32 50
27 32 33
27 32 3
27 32 43
27 32 21
27 32 49
27 32 43
27 32 25
27 32 16
27 32 44
27 32 5
28 33 46
28 33 49
28 33 21
28 33 46
28 33 29
28 33 42
28 33 7
28 33 15
28 33 36
28 33 34
28 33 47
28 33 48
28 33 35
28 33 45
28 33 37
28 33 6
28 33 6
28 33 44
28 33 45
28 33 39
28 33 26
28 33 10
28 33 4
28 33 21
28 33 16
28 33 36
28 33 23
28 33 23
28 33 12
28 33 1
28 33 10
28 33 10
28 33 19
28 33 2
28 33 42
28 33 2
28 33 14
28 33 29
28 33 17
28 33 3
28 33 26
28 33 47
28 33 40
28 33 27
28 33 41
28 33 8
28 33 2
28 33 21
28 33 12
28 33 8
28 33 23
28 33 23
28 33 43
28 33 5
28 33 29
28 33 28
28 33 21
28 33 46
28 33 40
28 33 9
28 33 37
28 33 12
28 33 31
28 33 40
28 33 45
28 33 21
28 33 18
28 33 31
28 33 38
28 33 35
28 33 21
28 33 38
28 33 4
28 33 47
28 33 5
28 33 20
28 33 3
28 33 26
28 33 29
28 33 43
28 33 24
28 33 14
28 33 11
28 33 28
28 33 31
28 33 33
28 33 2
28 33 19
28 33 24
28 33 49
28 33 8
28 33 4
28 33 35
28 33 50
28 33 16
28 33 24
28 33 8
28 33 38
29 34 9
29 34 48
29 34 13
29 34 24
29 34 16
29 34 29
29 34 37
29 34 26
29 34 26
29 34 15
29 34 48
29 34 46
29 34 36
29 34 7
29 34 38
29 34 8
29 34 5
29 34 42
29 34 42
29 34 12
29 34 45
29 34 1
29 34 26
29 34 20
29 34 43
29 34 16
29 34 33
29 34 37
29 34 35
29 34 12
29 34 14
29 34 7
29 34 16
29 34 45
29 34 10
29 34 14
29 34 39
29 34 3
29 34 7
29 34 6
29 34 8
29 34 45
29 34 37
29 34 2
29 34 20
29 34 17
29 34 11
29 34 44
29 34 25
29 34 21
29 34 22
29 34 17
29 34 14
29 34 22
29 34 27
29 34 5
29 34 5
29 34 6
29 34 2
29 34 7
29 34 4
29 34 40
29 34 50
29 34 14
29 34 39
29 34 37
29 34 20
29 34 26
29 34 19
29 34 36
29 34 7
29 34 45
29 34 29
29 34 39
29 34 25
29 34 32
29 34 18
29 34 5
29 34 45
29 34 35
29 34 27
29 34 45
29 34 29
29 34 45
29 34 49
29 34 9
29 34 5
29 34 4
29 34 2
29 34 20
29 34 35
29 34 17
29 34 39
29 34 39
29 34 42
29 34 31
29 34 19
29 34 10
29 34 5
29 34 22
29 34 23
29 34 9
29 34 17
29 34 41
29 34 10
29 34 46
30 35 32
30 35 44
30 35 16
30 35 38
30 35 11
30 35 5
30 35 7
30 35 31
30 35 21
30 35 4
30 35 8
30 35 49
30 35 11
30 35 17
30 35 47
30 35 18
30 35 34
30 35 48
30 35 16
30 35 18
30 35 20
30 35 41
30 35 3
30 35 38
30 35 41
30 35 40
30 35 9
30 35 29
30 35 49
30 35 40
30 35 20
30 35 20
30 35 22
30 35 48
30 35 11
30 35 4
30 35 4
30 35 35
30 35 35
30 35 6
30 35 9
30 35 2
30 35 17
30 35 1
30 35 49
30 35 45
30 35 40
30 35 4
30 35 35
30 35 34
30 35 3
30 35 44
30 35 7
30 35 14
30 35 27
30 35 18
30 35 30
30 35 37
30 35 13
30 35 2
30 35 7
30 35 10
30 35 33
30 35 36
30 35 15
30 35 34
30 35 22
30 35 16
30 35 34
30 35 1
30 35 16
30 35 24
30 35 29
30 35 7
30 35 23
30 35 34
30 35 42
30 35 9
30 35 30
30 35 32
30 35 10
30 35 5
30 35 46
30 35 38
30 35 22
30 35 6
30 35 41
30 35 41
30 35 34
30 35 8
30 35 24
30 35 2
30 35 1
30 35 8
30 35 41
30 35 8
30 35 43
30 35 30
30 35 21
30 35 38
30 35 44
30 35 36
30 35 49
30 35 38
30 35 33
31 36 20
31 36 26
31 36 9
31 36 12
31 36 19
31 36 9
31 36 40
31 36 22
31 36 50
31 36 46
31 36 33
31 36 37
31 36 36
31 36 40
31 36 11
31 36 26
31 36 8
31 36 40
31 36 17
31 36 17
31 36 36
31 36 14
31 36 7
31 36 9
31 36 27
31 36 45
31 36 10
31 36 44
31 36 13
31 36 6
31 36 21
31 36 33
31 36 38
31 36 44
31 36 28
31 36 9
31 36 40
31 36 8
31 36 49
31 36 42
31 36 34
31 36 30
31 36 41
31 36 33
31 36 48
31 36 49
31 36 36
31 36 40
31 36 31
31 36 24
31 36 21
31 36 11
31 36 23
31 36 44
31 36 14
31 36 14
31 36 9
31 36 22
31 36 43
31 36 2
31 36 34
31 36 25
31 36 16
31 36 45
31 36 45
31 36 17
31 36 23
31 36 32
31 36 41
31 36 16
31 36 36
31 36 38
31 36 16
31 36 28
31 36 50
31 36 9
31 36 49
31 36 4
31 36 40
31 36 38
31 36 39
31 36 41
31 36 8
31 36 7
31 36 17
31 36 44
31 36 47
31 36 37
31 36 11
31 36 30
31 36 1
31 36 37
31 36 42
31 36 24
31 36 23
31 36 15
31 36 5
31 36 19
31 36 22
31 36 43
31 36 32
31 36 37
31 36 3
31 36 27
31 36 11
31 36 17
31 36 47
31 36 39
31 36 16
31 36 18
31 36 6
31 36 49
32 37 23
32 37 5
32 37 27
32 37 47
32 37 12
32 37 50
32 37 1
32 37 41
32 37 25
32 37 30
32 37 49
32 37 32
32 37 36
32 37 48
32 37 45
32 37 42
32 37 50
32 37 1
32 37 41
32 37 15
32 37 4
32 37 40
32 37 27
32 37 9
32 37 32
32 37 23
32 37 23
32 37 34
32 37 3
32 37 41
32 37 12
32 37 17
32 37 14
32 37 24
32 37 36
32 37 39
32 37 40
32 37 1
32 37 26
32 37 16
32 37 45
32 37 35
32 37 6
32 37 33
32 37 40
32 37 36
32 37 2
32 37 43
32 37 43
32 37 44
32 37 6
32 37 12
32 37 14
32 37 26
32 37 2
32 37 18
32 37 42
32 37 30
32 37 18
32 37 7
32 37 22
32 37 43
32 37 33
32 37 41
32 37 13
32 37 26
32 37 25
32 37 38
32 37 20
32 37 16
32 37 17
32 37 16
32 37 11
32 37 41
32 37 8
32 37 9
32 37 44
32 37 14
32 37 12
32 37 43
32 37 36
32 37 25
32 37 20
32 37 15
32 37 31
32 37 39
32 37 32
32 37 37
32 37 2
32 37 1
32 37 28
32 37 3
32 37 9
32 37 10
32 37 32
32 37 36
32 37 4
32 37 36
32 37 24
32 37 21
32 37 38
32 37 42
32 37 50
32 37 23
32 37 3
32 37 36
32 37 3
32 37 10
32 37 5
32 37 27
32 37 22
32 37 26
33 38 24
33 38 34
33 38 29
33 38 2
33 38 5
33 38 39
33 38 14
33 38 43
33 38 19
33 38 35
33 38 39
33 38 7
33 38 41
33 38 24
33 38 10
33 38 33
33 38 20
33 38 23
33 38 24
33 38 50
33 38 36
33 38 7
33 38 45
33 38 44
33 38 20
33 38 19
33 38 31
33 38 27
33 38 11
33 38 5
33 38 11
33 38 1
33 38 33
33 38 42
33 38 41
33 38 1
33 38 14
33 38 19
33 38 15
33 38 4
33 38 11
33 38 34
33 38 37
33 38 41
33 38 9
33 38 21
33 38 29
33 38 32
33 38 12
33 38 11
33 38 1
33 38 1
33 38 43
33 38 25
33 38 40
33 38 26
33 38 48
33 38 41
33 38 20
33 38 18
33 38 18
33 38 24
33 38 26
33 38 22
33 38 23
33 38 40
33 38 50
33 38 43
33 38 5
33 38 11
33 38 25
33 38 35
33 38 21
33 38 12
33 38 8
33 38 34
33 38 15
33 38 7
33 38 49
33 38 42
33 38 32
33 38 5
33 38 46
33 38 31
33 38 37
33 38 3
33 38 9
33 38 7
33 38 21
33 38 19
33 38 44
33 38 5
33 38 28
34 39 46
34 39 30
34 39 37
34 39 2
34 39 4
34 39 32
34 39 21
34 39 12
34 39 1
34 39 5
34 39 16
34 39 37
34 39 14
34 39 17
34 39 33
34 39 26
34 39 41
34 39 17
34 39 12
34 39 39
34 39 26
34 39 36
34 39 20
34 39 46
34 39 17
34 39 36
34 39 40
34 39 1
34 39 3
34 39 45
34 39 43
34 39 35
34 39 38
34 39 44
34 39 45
34 39 32
34 39 41
34 39 13
34 39 31
34 39 45
34 39 15
34 39 45
34 39 5
34 39 6
34 39 11
34 39 6
34 39 36
34 39 3
34 39 48
34 39 24
34 39 28
34 39 14
34 39 41
34 39 10
34 39 43
34 39 22
34 39 43
34 39 45
34 39 28
34 39 10
34 39 23
34 39 21
34 39 36
34 39 15
34 39 46
34 39 25
34 39 10
34 39 4
34 39 50
34 39 1
34 39 9
34 39 44
34 39 40
34 39 7
34 39 18
34 39 46
34 39 26
34 39 45
34 39 39
34 39 24
34 39 41
34 39 32
34 39 3
34 39 40
34 39 17
34 39 35
34 39 41
34 39 3
34 39 45
34 39 16
34 39 18
34 39 35
34 39 19
34 39 3
34 39 49
34 39 22
34 39 8
34 39 4
34 39 7
34 39 36
34 39 36
34 39 41
34 39 21
34 39 22
34 39 27
34 39 26
34 39 49
34 39 46
34 39 2
34 39 4
34 39 41
34 39 28
35 40 20
35 40 32
35 40 16
35 40 41
35 40 37
35 40 32
35 40 23
35 40 23
35 40 23
35 40 3
35 40 39
35 40 4
35 40 50
35 40 46
35 40 12
35 40 43
35 40 32
35 40 10
35 40 38
35 40 1
35 40 22
35 40 38
35 40 15
35 40 35
35 40 14
35 40 8
35 40 49
35 40 7
35 40 45
35 40 37
35 40 24
35 40 13
35 40 49
35 40 8
35 40 9
35 40 34
35 40 47
35 40 30
35 40 30
35 40 19
35 40 12
35 40 2
35 40 5
35 40 45
35 40 41
35 40 18
35 40 16
35 40 28
35 40 46
35 40 14
35 40 22
35 40 46
35 40 39
35 40 47
35 40 32
35 40 49
35 40 17
35 40 11
35 40 42
35 40 24
35 40 29
35 40 19
35 40 36
35 40 30
35 40 1
35 40 32
35 40 35
35 40 17
35 40 50
35 40 16
35 40 23
35 40 50
35 40 24
35 40 46
35 40 37
35 40 49
35 40 49
35 40 25
35 40 26
35 40 22
35 40 32
35 40 33
35 40 44
35 40 47
35 40 50
35 40 39
35 40 30
35 40 21
36 41 21
36 41 18
36 41 21
36 41 14
36 41 26
36 41 28
36 41 22
36 41 47
36 41 14
36 41 41
36 41 25
36 41 16
36 41 9
36 41 40
36 41 17
36 41 33
36 41 25
36 41 5
36 41 46
36 41 36
36 41 8
36 41 30
36 41 27
36 41 40
36 41 10
36 41 44
36 41 22
36 41 42
36 41 29
36 41 23
36 41 29
36 41 38
36 41 10
36 41 13
36 41 2
36 41 47
36 41 24
36 41 47
36 41 17
36 41 17
36 41 50
36 41 3
36 41 6
36 41 47
36 41 5
36 41 33
36 41 13
36 41 49
36 41 18
36 41 32
36 41 4
36 41 26
36 41 13
36 41 17
36 41 19
36 41 28
36 41 45
36 41 26
36 41 46
36 41 45
36 41 31
36 41 3
36 41 40
36 41 5
36 41 31
36 41 34
36 41 47
36 41 46
36 41 45
36 41 43
36 41 32
36 41 13
36 41 36
36 41 40
36 41 11
36 41 17
36 41 20
36 41 18
36 41 3
36 41 21
37 42 34
37 42 1
37 42 34
37 42 2
37 42 50
37 42 43
37 42 47
37 42 38
37 42 33
37 42 45
37 42 42
37 42 41
37 42 7
37 42 36
37 42 5
37 42 27
37 42 8
37 42 40
37 42 32
37 42 6
37 42 1
37 42 3
37 42 45
37 42 35
37 42 23
37 42 27
37 42 34
37 42 10
37 42 48
37 42 28
37 42 35
37 42 21
37 42 20
37 42 32
37 42 8
37 42 1
37 42 44
37 42 49
37 42 45
37 42 16
37 42 17
37 42 17
37 42 47
37 42 16
37 42 1
37 42 18
37 42 2
37 42 28
37 42 37
37 42 2
37 42 6
37 42 26
37 42 5
37 42 18
37 42 44
37 42 22
37 42 28
37 42 34
37 42 37
37 42 10
37 42 27
37 42 37
37 42 43
37 42 45
37 42 34
37 42 39
37 42 24
37 42 39
37 42 14
37 42 10
37 42 50
37 42 44
37 42 18
37 42 10
37 42 8
37 42 13
37 42 40
37 42 20
37 42 34
37 42 3
37 42 1
37 42 37
37 42 1
37 42 46
37 42 27
37 42 13
37 42 21
37 42 22
37 42 1
37 42 42
37 42 38
37 42 35
37 42 44
37 42 29
37 42 24
37 42 10
37 42 16
37 42 28
37 42 42
37 42 23
37 42 3
37 42 24
37 42 46
37 42 38
37 42 35
37 42 42
37 42 50
38 43 25
38 43 44
38 43 44
38 43 30
38 43 47
38 43 2
38 43 26
38 43 45
38 43 3
38 43 49
38 43 20
38 43 9
38 43 42
38 43 36
38 43 40
38 43 47
38 43 30
38 43 37
38 43 11
38 43 42
38 43 33
38 43 38
38 43 5
38 43 23
38 43 50
38 43 50
38 43 37
38 43 11
38 43 37
38 43 38
38 43 27
38 43 4
38 43 44
38 43 22
38 43 11
38 43 48
38 43 42
38 43 2
38 43 44
38 43 35
38 43 45
38 43 48
38 43 22
38 43 16
38 43 27
38 43 17
38 43 18
38 43 39
38 43 15
38 43 5
38 43 47
38 43 17
38 43 28
38 43 21
38 43 24
38 43 30
38 43 20
38 43 23
38 43 8
38 43 37
38 43 15
38 43 49
38 43 15
38 43 7
38 43 19
38 43 1
38 43 48
38 43 10
38 43 35
38 43 30
38 43 12
38 43 9
38 43 45
38 43 7
38 43 30
38 43 45
38 43 24
38 43 28
38 43 2
38 43 22
38 43 16
38 43 13
38 43 45
38 43 7
38 43 46
38 43 9
38 43 47
38 43 17
38 43 1
38 43 38
38 43 8
38 43 34
38 43 27
38 43 42
38 43 45
38 43 23
38 43 18
38 43 31
38 43 27
38 43 31
38 43 37
38 43 48
38 43 18
38 43 26
38 43 30
38 43 15
38 43 50
38 43 37
38 43 15
38 43 24
38 43 23
38 43 42
39 44 39
39 44 11
39 44 35
39 44 22
39 44 35
39 44 30
39 44 48
39 44 27
39 44 2
39 44 37
39 44 17
39 44 8
39 44 48
39 44 10
39 44 31
39 44 10
39 44 44
39 44 49
39 44 39
39 44 40
39 44 33
39 44 39
39 44 4
39 44 35
39 44 3
39 44 18
39 44 22
39 44 47
39 44 45
39 44 29
39 44 1
39 44 32
39 44 33
39 44 32
39 44 13
39 44 38
39 44 29
39 44 15
39 44 4
39 44 34
39 44 49
39 44 45
39 44 32
39 44 44
39 44 9
39 44 9
39 44 39
39 44 42
39 44 23
39 44 23
39 44 49
39 44 16
39 44 22
39 44 3
39 44 26
39 44 11
39 44 42
39 44 19
39 44 33
39 44 36
39 44 17
39 44 30
39 44 42
39 44 30
39 44 42
39 44 8
39 44 2
39 44 1
39 44 15
39 44 30
39 44 11
39 44 31
39 44 10
39 44 5
39 44 38
39 44 37
39 44 13
39 44 31
39 44 2
39 44 11
39 44 26
39 44 48
39 44 14
39 44 26
39 44 27
39 44 46
39 44 8
39 44 5
39 44 11
39 44 44
39 44 17
39 44 10
39 44 24
39 44 31
39 44 19
39 44 50
39 44 47
40 45 5
40 45 15
40 45 22
40 45 8
40 45 30
40 45 41
40 45 35
40 45 28
40 45 21
40 45 45
40 45 38
40 45 7
40 45 26
40 45 23
40 45 43
40 45 19
40 45 15
40 45 43
40 45 40
40 45 47
40 45 47
40 45 43
40 45 6
40 45 30
40 45 31
40 45 30
40 45 44
40 45 8
40 45 50
40 45 31
40 45 8
40 45 50
40 45 3
40 45 15
40 45 35
40 45 19
40 45 24
40 45 39
40 45 6
40 45 13
40 45 7
40 45 37
40 45 13
40 45 22
40 45 26
40 45 37
40 45 33
40 45 6
40 45 40
40 45 5
40 45 1
40 45 39
40 45 7
40 45 8
40 45 29
40 45 24
40 45 17
40 45 25
40 45 9
40 45 19
40 45 11
40 45 49
40 45 22
40 45 40
40 45 48
40 45 27
40 45 40
40 45 31
40 45 39
40 45 34
40 45 3
40 45 47
40 45 47
40 45 1
40 45 13
40 45 27
40 45 5
40 45 8
40 45 39
40 45 5
40 45 6
40 45 35
40 45 9
40 45 38
40 45 39
40 45 49
40 45 34
40 45 1
40 45 41
40 45 20
40 45 12
40 45 33
40 45 45
40 45 26
40 45 16
40 45 29
40 45 6
40 45 26
40 45 49
40 45 7
40 45 5
40 45 45
40 45 40
40 45 48
40 45 18
40 45 34
40 45 14
41 46 34
41 46 35
41 46 45
41 46 36
41 46 21
41 46 32
41 46 34
41 46 28
41 46 21
41 46 27
41 46 24
41 46 47
41 46 48
41 46 37
41 46 8
41 46 22
41 46 23
41 46 41
41 46 37
41 46 34
41 46 38
41 46 7
41 46 29
41 46 16
41 46 3
41 46 12
41 46 6
41 46 22
41 46 28
41 46 11
41 46 9
41 46 2
41 46 20
41 46 41
41 46 41
41 46 12
41 46 29
41 46 33
41 46 2
41 46 20
41 46 25
41 46 35
41 46 28
41 46 15
41 46 5
41 46 39
41 46 34
41 46 6
41 46 22
41 46 10
41 46 26
41 46 50
41 46 48
41 46 41
41 46 3
41 46 18
41 46 21
41 46 1
41 46 28
41 46 4
41 46 8
41 46 27
41 46 1
41 46 33
41 46 17
41 46 5
41 46 43
41 46 37
41 46 13
41 46 13
41 46 33
41 46 50
41 46 47
41 46 10
41 46 25
41 46 2
41 46 20
41 46 24
41 46 40
41 46 1
42 47 32
42 47 39
42 47 43
42 47 25
42 47 19
42 47 34
42 47 41
42 47 19
42 47 50
42 47 10
42 47 23
42 47 30
42 47 15
42 47 2
42 47 3
42 47 6
42 47 2
42 47 15
42 47 1
42 47 31
42 47 38
42 47 44
42 47 49
42 47 16
42 47 35
42 47 28
42 47 9
42 47 9
42 47 38
42 47 12
42 47 27
42 47 19
42 47 7
42 47 50
42 47 16
42 47 40
42 47 43
42 47 26
42 47 30
42 47 32
42 47 35
42 47 50
42 47 31
42 47 3
42 47 42
42 47 50
42 47 24
42 47 35
42 47 21
42 47 32
42 47 50
42 47 20
42 47 33
42 47 28
42 47 1
42 47 14
42 47 18
42 47 11
42 47 45
42 47 38
42 47 20
42 47 19
42 47 46
42 47 49
42 47 23
42 47 49
42 47 14
42 47 45
42 47 44
42 47 35
42 47 15
42 47 7
42 47 24
42 47 49
42 47 25
42 47 34
42 47 15
42 47 34
42 47 37
42 47 17
42 47 19
42 47 23
42 47 29
42 47 27
42 47 48
42 47 25
42 47 17
42 47 8
42 47 15
42 47 44
42 47 38
42 47 48
42 47 32
43 48 28
43 48 6
43 48 35
43 48 5
43 48 35
43 48 25
43 48 49
43 48 29
43 48 49
43 48 42
43 48 11
43 48 31
43 48 19
43 48 32
43 48 3
43 48 23
43 48 2
43 48 13
43 48 38
43 48 24
43 48 31
43 48 37
43 48 25
43 48 42
43 48 15
43 48 40
43 48 23
43 48 41
43 48 33
43 48 22
43 48 2
43 48 7
43 48 32
43 48 47
43 48 16
43 48 18
43 48 24
43 48 43
43 48 25
43 48 49
43 48 38
43 48 2
43 48 4
43 48 3
43 48 1
43 48 10
43 48 24
43 48 6
43 48 8
43 48 44
43 48 2
43 48 30
43 48 18
43 48 29
43 48 26
43 48 19
43 48 39
43 48 34
43 48 26
43 48 47
43 48 42
43 48 29
43 48 34
43 48 43
43 48 14
43 48 42
43 48 22
43 48 24
43 48 25
43 48 46
43 48 5
43 48 46
43 48 18
43 48 40
43 48 42
43 48 24
43 48 7
43 48 11
43 48 44
43 48 42
43 48 9
43 48 40
43 48 27
43 48 17
43 48 26
43 48 32
43 48 5
43 48 18
43 48 47
43 48 45
43 48 45
43 48 22
43 48 9
44 49 2
44 49 43
44 49 39
44 49 3
44 49 36
44 49 8
44 49 17
44 49 35
44 49 26
44 49 35
44 49 19
44 49 7
44 49 17
44 49 13
44 49 17
44 49 5
44 49 22
44 49 34
44 49 42
44 49 24
44 49 27
44 49 17
44 49 42
44 49 40
44 49 21
44 49 1
44 49 11
44 49 25
44 49 24
44 49 25
44 49 23
44 49 48
44 49 30
44 49 27
44 49 14
44 49 29
44 49 3
44 49 47
44 49 15
44 49 11
44 49 47
44 49 25
44 49 14
44 49 30
44 49 19
44 49 50
44 49 8
44 49 32
44 49 20
44 49 33
44 49 36
44 49 17
44 49 35
44 49 30
44 49 34
44 49 40
44 49 25
44 49 28
44 49 50
44 49 18
44 49 32
44 49 11
44 49 13
44 49 11
44 49 41
44 49 9
44 49 31
44 49 44
44 49 29
44 49 10
44 49 46
44 49 43
44 49 4
44 49 22
44 49 20
44 49 32
44 49 25
44 49 47
44 49 4
44 49 32
44 49 8
44 49 14
44 49 21
44 49 13
44 49 6
44 49 48
44 49 1
44 49 32
44 49 25
44 49 4
44 49 14
44 49 47
44 49 25
44 49 36
44 49 29
44 49 48
44 49 33
44 49 48
44 49 7
44 49 13
45 50 17
45 50 45
45 50 7
45 50 41
45 50 10
45 50 28
45 50 48
45 50 45
45 50 27
45 50 20
45 50 10
45 50 43
45 50 5
45 50 37
45 50 42
45 50 46
45 50 47
45 50 40
45 50 23
45 50 17
45 50 16
45 50 30
45 50 21
45 50 36
45 50 15
45 50 42
45 50 48
45 50 22
45 50 8
45 50 13
45 50 17
45 50 36
45 50 45
45 50 11
45 50 18
45 50 29
45 50 40
45 50 23
45 50 11
45 50 30
45 50 26
45 50 46
45 50 42
45 50 4
45 50 2
45 50 8
45 50 44
45 50 11
45 50 5
45 50 7
45 50 17
45 50 18
45 50 4
45 50 49
45 50 41
45 50 39
45 50 37
45 50 13
45 50 47
45 50 36
45 50 49
45 50 44
45 50 22
45 50 28
45 50 46
45 50 19
45 50 41
45 50 9
45 50 29
45 50 10
45 50 16
45 50 19
45 50 9
45 50 12
45 50 8
45 50 35
45 50 23
45 50 31
45 50 33
45 50 15
45 50 11
45 50 4
45 50 6
45 50 40
45 50 5
45 50 13
45 50 32
45 50 21
45 50 1
45 50 5
45 50 44
45 50 22
45 50 28
45 50 15
45 50 42
45 50 13
45 50 48
45 50 45
45 50 48
45 50 26
46 51 33
46 51 24
46 51 39
46 51 4
46 51 45
46 51 1
46 51 24
46 51 1
46 51 39
46 51 20
46 51 40
46 51 45
46 51 15
46 51 15
46 51 13
46 51 27
46 51 5
46 51 50
46 51 4
46 51 28
46 51 33
46 51 2
46 51 36
46 51 44
46 51 45
46 51 13
46 51 42
46 51 16
46 51 41
46 51 9
46 51 21
46 51 25
46 51 16
46 51 22
46 51 8
46 51 16
46 51 49
46 51 15
46 51 40
46 51 41
46 51 18
46 51 39
46 51 50
46 51 9
46 51 42
46 51 33
46 51 31
46 51 17
46 51 16
46 51 43
46 51 7
46 51 33
46 51 26
46 51 28
46 51 26
46 51 9
46 51 7
46 51 37
46 51 21
46 51 49
46 51 45
46 51 47
46 51 39
46 51 6
46 51 5
46 51 19
46 51 49
46 51 25
46 51 19
46 51 36
46 51 32
46 51 1
46 51 40
46 51 7
46 51 3
46 51 5
46 51 27
46 51 18
46 51 45
46 51 6
46 51 43
46 51 9
46 51 21
46 51 38
46 51 17
46 51 41
46 51 15
46 51 42
46 51 1
46 51 46
46 51 42
46 51 4
46 51 40
46 51 43
46 51 28
46 51 30
46 51 41
46 51 8
46 51 8
46 51 14
46 51 47
46 51 1
46 51 32
46 51 47
46 51 4
46 51 43
46 51 26
46 51 8
46 51 17
46 51 1
47 52 18
47 52 45
47 52 7
47 52 24
47 52 6
47 52 48
47 52 2
47 52 27
47 52 16
47 52 5
47 52 23
47 52 41
47 52 20
47 52 9
47 52 19
47 52 26
47 52 45
47 52 10
47 52 25
47 52 20
47 52 43
47 52 20
47 52 40
47 52 39
47 52 22
47 52 42
47 52 20
47 52 10
47 52 33
47 52 38
47 52 38
47 52 3
47 52 49
47 52 50
47 52 47
47 52 31
47 52 18
47 52 25
47 52 12
47 52 19
47 52 6
47 52 2
47 52 36
47 52 27
47 52 16
47 52 24
47 52 32
47 52 48
47 52 11
47 52 25
47 52 43
47 52 9
47 52 49
47 52 18
47 52 50
47 52 9
47 52 16
47 52 48
47 52 33
47 52 6
47 52 4
47 52 10
47 52 23
47 52 37
47 52 39
47 52 30
47 52 29
47 52 34
47 52 47
47 52 13
47 52 34
47 52 1
47 52 18
47 52 6
47 52 18
47 52 36
47 52 8
47 52 6
47 52 16
47 52 16
47 52 1
47 52 7
47 52 8
47 52 26
47 52 33
47 52 4
47 52 43
47 52 47
48 53 49
48 53 30
48 53 4
48 53 46
48 53 3
48 53 42
48 53 34
48 53 19
48 53 24
48 53 27
48 53 8
48 53 5
48 53 20
48 53 26
48 53 32
48 53 48
48 53 45
48 53 13
48 53 36
48 53 46
48 53 20
48 53 29
48 53 29
48 53 4
48 53 28
48 53 46
48 53 45
48 53 10
48 53 43
48 53 43
48 53 50
48 53 29
48 53 36
48 53 23
48 53 50
48 53 11
48 53 15
48 53 25
48 53 10
48 53 12
48 53 29
48 53 40
48 53 46
48 53 32
48 53 50
48 53 25
48 53 32
48 53 2
48 53 8
48 53 23
48 53 11
48 53 13
48 53 36
48 53 48
48 53 5
48 53 29
48 53 7
48 53 23
48 53 11
48 53 17
48 53 20
48 53 6
48 53 48
48 53 35
48 53 32
48 53 24
48 53 44
48 53 12
48 53 2
48 53 30
48 53 50
48 53 4
48 53 26
48 53 21
48 53 43
48 53 47
48 53 48
48 53 37
48 53 3
48 53 25
48 53 10
48 53 20
48 53 27
48 53 2
48 53 23
48 53 12
48 53 26
48 53 4
48 53 48
48 53 8
48 53 41
48 53 41
49 54 9
49 54 47
49 54 7
49 54 6
49 54 27
49 54 22
49 54 46
49 54 8
49 54 32
49 54 18
49 54 22
49 54 8
49 54 44
49 54 37
49 54 19
49 54 48
49 54 15
49 54 4
49 54 19
49 54 31
49 54 37
49 54 5
49 54 40
49 54 32
49 54 7
49 54 41
49 54 27
49 54 32
49 54 19
49 54 44
49 54 24
49 54 16
49 54 33
49 54 12
49 54 41
49 54 44
49 54 32
49 54 35
49 54 5
49 54 20
49 54 29
49 54 38
49 54 18
49 54 34
49 54 29
49 54 49
49 54 39
49 54 45
49 54 48
49 54 44
49 54 23
49 54 15
49 54 48
49 54 45
49 54 29
49 54 50
49 54 34
49 54 16
49 54 37
49 54 10
49 54 3
49 54 7
49 54 40
49 54 39
49 54 27
49 54 16
49 54 46
49 54 12
49 54 9
49 54 29
49 54 17
49 54 33
49 54 30
49 54 14
49 54 27
49 54 8
49 54 36
49 54 44
49 54 38
49 54 28
49 54 25
49 54 28
49 54 7
49 54 41
49 54 6
49 54 24
49 54 32
49 54 17
49 54 32
49 54 9
49 54 17
49 54 41
49 54 44
49 54 21
49 54 20
49 54 13
49 54 22
49 54 43
49 54 33
49 54 23
49 54 41
49 54 37
49 54 3
49 54 26
49 54 45
50 55 44
50 55 12
50 55 34
50 55 13
50 55 46
50 55 4
50 55 38
50 55 38
50 55 46
50 55 44
50 55 35
50 55 28
50 55 25
50 55 24
50 55 37
50 55 26
50 55 28
50 55 44
50 55 19
50 55 17
50 55 48
50 55 10
50 55 35
50 55 8
50 55 30
50 55 4
50 55 16
50 55 49
50 55 13
50 55 39
50 55 7
50 55 11
50 55 3
50 55 42
50 55 9
50 55 30
50 55 37
50 55 50
50 55 13
50 55 26
50 55 50
50 55 20
50 55 49
50 55 26
50 55 43
50 55 18
50 55 17
50 55 45
50 55 21
50 55 8
50 55 26
50 55 47
50 55 43
50 55 48
50 55 7
50 55 42
50 55 47
50 55 31
50 55 2
50 55 42
50 55 2
50 55 41
50 55 21
50 55 21
50 55 33
50 55 29
50 55 37
50 55 35
50 55 47
50 55 37
50 55 27
50 55 6
50 55 50
50 55 39
50 55 34
50 55 43
50 55 13
50 55 3
50 55 39
50 55 12
50 55 35
50 55 48
50 55 2
50 55 36
50 55 43
50 55 24
50 55 50
50 55 11
50 55 26
50 55 30
50 55 21
50 55 27
50 55 20
51 56 34
51 56 29
51 56 15
51 56 44
51 56 6
51 56 31
51 56 43
51 56 27
51 56 11
51 56 24
51 56 15
51 56 23
51 56 49
51 56 3
51 56 36
51 56 38
51 56 3
51 56 9
51 56 34
51 56 4
51 56 23
51 56 32
51 56 13
51 56 32
51 56 15
51 56 5
51 56 18
51 56 37
51 56 13
51 56 21
51 56 26
51 56 4
51 56 12
51 56 12
51 56 35
51 56 34
51 56 41
51 56 41
51 56 6
51 56 45
51 56 49
51 56 22
51 56 47
51 56 27
51 56 26
51 56 15
51 56 47
51 56 5
51 56 38
51 56 34
51 56 16
51 56 8
51 56 48
51 56 46
51 56 32
51 56 46
51 56 16
51 56 28
51 56 9
51 56 4
51 56 18
51 56 13
51 56 27
51 56 41
51 56 14
51 56 9
51 56 29
51 56 37
51 56 37
51 56 21
51 56 41
51 56 16
51 56 21
51 56 12
51 56 18
51 56 17
51 56 7
51 56 50
51 56 42
51 56 36
51 56 9
51 56 16
51 56 27
51 56 30
51 56 41
51 56 47
51 56 48
51 56 36
51 56 41
51 56 17
51 56 47
51 56 19
51 56 4
51 56 25
51 56 44
51 56 47
51 56 38
51 56 49
51 56 32
51 56 11
51 56 46
51 56 34
51 56 3
51 56 10
51 56 17
51 56 46
51 56 6
51 56 29
51 56 33
51 56 47
51 56 34
51 56 20
52 57 34
52 57 14
52 57 43
52 57 49
52 57 10
52 57 37
52 57 43
52 57 46
52 57 11
52 57 46
52 57 24
52 57 14
52 57 34
52 57 17
52 57 5
52 57 23
52 57 31
52 57 30
52 57 35
52 57 21
52 57 12
52 57 25
52 57 26
52 57 9
52 57 7
52 57 9
52 57 10
52 57 25
52 57 35
52 57 19
52 57 33
52 57 27
52 57 29
52 57 10
52 57 15
52 57 46
52 57 7
52 57 46
52 57 48
52 57 46
52 57 4
52 57 38
52 57 43
52 57 33
52 57 42
52 57 20
52 57 24
52 57 18
52 57 2
52 57 22
52 57 28
52 57 39
52 57 31
52 57 48
52 57 3
52 57 49
52 57 13
52 57 22
52 57 50
52 57 45
52 57 27
52 57 12
52 57 15
52 57 50
52 57 9
52 57 35
52 57 24
52 57 18
52 57 41
52 57 36
52 57 42
52 57 14
52 57 44
52 57 29
52 57 49
52 57 49
52 57 5
52 57 41
52 57 40
52 57 16
52 57 14
52 57 31
52 57 23
52 57 28
52 57 16
52 57 29
52 57 4
52 57 30
52 57 2
52 57 7
52 57 4
52 57 25
52 57 5
52 57 6
52 57 16
52 57 49
52 57 40
52 57 30
52 57 17
52 57 20
52 57 33
52 57 30
52 57 19
53 58 12
53 58 7
53 58 12
53 58 30
53 58 25
53 58 43
53 58 26
53 58 1
53 58 29
53 58 31
53 58 32
53 58 39
53 58 5
53 58 48
53 58 45
53 58 6
53 58 23
53 58 35
53 58 42
53 58 50
53 58 2
53 58 49
53 58 32
53 58 33
53 58 6
53 58 4
53 58 46
53 58 49
53 58 30
53 58 40
53 58 20
53 58 35
53 58 48
53 58 23
53 58 24
53 58 44
53 58 46
53 58 14
53 58 18
53 58 30
53 58 12
53 58 21
53 58 29
53 58 18
53 58 10
53 58 47
53 58 13
53 58 19
53 58 20
53 58 48
53 58 10
53 58 47
53 58 46
53 58 48
53 58 48
53 58 19
53 58 17
53 58 22
53 58 48
53 58 36
53 58 49
53 58 42
53 58 12
53 58 31
53 58 27
53 58 9
53 58 26
53 58 49
53 58 11
53 58 32
53 58 10
53 58 39
53 58 39
53 58 18
53 58 10
53 58 48
53 58 38
53 58 30
53 58 44
53 58 20
53 58 38
53 58 1
53 58 24
53 58 22
53 58 4
53 58 9
53 58 39
53 58 14
53 58 2
53 58 14
53 58 23
53 58 50
53 58 3
53 58 18
53 58 49
53 58 7
53 58 37
53 58 9
53 58 47
53 58 31
54 59 19
54 59 50
54 59 15
54 59 30
54 59 4
54 59 9
54 59 45
54 59 11
54 59 40
54 59 21
54 59 11
54 59 43
54 59 36
54 59 33
54 59 27
54 59 1
54 59 6
54 59 46
54 59 23
54 59 15
54 59 29
54 59 40
54 59 14
54 59 26
54 59 49
54 59 33
54 59 40
54 59 12
54 59 15
54 59 45
54 59 9
54 59 1
54 59 4
54 59 26
54 59 47
54 59 22
54 59 16
54 59 47
54 59 41
54 59 17
54 59 18
54 59 8
54 59 36
54 59 3
54 59 8
54 59 15
54 59 23
54 59 28
54 59 28
54 59 12
54 59 24
54 59 46
54 59 39
54 59 8
54 59 22
54 59 8
54 59 20
54 59 28
54 59 4
54 59 18
54 59 14
54 59 12
54 59 1
54 59 3
54 59 48
54 59 44
54 59 5
54 59 18
54 59 32
54 59 20
54 59 32
54 59 47
54 59 2
54 59 44
54 59 50
54 59 29
54 59 3
54 59 5
54 59 12
54 59 12
54 59 38
54 59 21
54 59 4
54 59 30
54 59 12
54 59 11
54 59 46
54 59 45
54 59 41
54 59 11
54 59 17
54 59 13
54 59 47
54 59 9
54 59 3
54 59 28
54 59 14
54 59 22
54 59 25
54 59 22
54 59 45
54 59 23
54 59 7
54 59 25
54 59 27
54 59 36
55 60 34
55 60 46
55 60 50
55 60 40
55 60 37
55 60 26
55 60 36
55 60 42
55 60 2
55 60 9
55 60 5
55 60 29
55 60 24
55 60 39
55 60 20
55 60 24
55 60 17
55 60 34
55 60 5
55 60 14
55 60 10
55 60 50
55 60 31
55 60 24
55 60 19
55 60 48
55 60 26
55 60 13
55 60 35
55 60 22
55 60 38
55 60 14
55 60 16
55 60 44
55 60 32
55 60 11
55 60 11
55 60 40
55 60 24
55 60 32
55 60 35
55 60 15
55 60 30
55 60 2
55 60 42
55 60 46
55 60 1
55 60 15
55 60 35
55 60 18
55 60 24
55 60 34
55 60 50
55 60 18
55 60 1
55 60 30
55 60 46
55 60 23
55 60 15
55 60 12
55 60 15
55 60 6
55 60 9
55 60 5
55 60 44
55 60 20
55 60 45
55 60 48
55 60 6
55 60 23
55 60 48
55 60 23
55 60 35
55 60 35
55 60 24
55 60 10
55 60 34
55 60 11
55 60 10
55 60 2
55 60 47
55 60 17
55 60 5
55 60 5
55 60 21
55 60 46
55 60 5
55 60 27
55 60 12
55 60 43
55 60 24
55 60 34
55 60 40
55 60 9
55 60 33
55 60 11
55 60 22
56 61 16
56 61 3
56 61 37
56 61 2
56 61 39
56 61 11
56 61 8
56 61 25
56 61 34
56 61 17
56 61 46
56 61 39
56 61 10
56 61 1
56 61 14
56 61 41
56 61 7
56 61 44
56 61 48
56 61 34
56 61 30
56 61 48
56 61 45
56 61 3
56 61 11
56 61 24
56 61 24
56 61 50
56 61 22
56 61 48
56 61 3
56 61 18
56 61 33
56 61 27
56 61 14
56 61 18
56 61 13
56 61 11
56 61 9
56 61 33
56 61 18
56 61 47
56 61 31
56 61 28
56 61 17
56 61 43
56 61 36
56 61 18
56 61 47
56 61 46
56 61 40
56 61 48
56 61 41
56 61 45
56 61 14
56 61 33
56 61 49
56 61 27
56 61 43
56 61 22
56 61 29
56 61 2
56 61 44
56 61 2
56 61 46
56 61 39
56 61 8
56 61 3
56 61 9
56 61 28
56 61 39
56 61 1
56 61 19
56 61 29
56 61 17
56 61 1
56 61 26
56 61 17
56 61 38
56 61 26
56 61 28
56 61 27
56 61 32
56 61 49
56 61 20
56 61 26
56 61 6
56 61 21
56 61 22
56 61 18
56 61 2
56 61 47
56 61 11
56 61 23
56 61 50
56 61 5
56 61 48
56 61 17
57 62 42
57 62 25
57 62 7
57 62 4
57 62 23
57 62 5
57 62 49
57 62 37
57 62 3
57 62 8
57 62 18
57 62 4
57 62 27
57 62 41
57 62 47
57 62 48
57 62 6
57 62 50
57 62 29
57 62 47
57 62 5
57 62 49
57 62 35
57 62 31
57 62 13
57 62 26
57 62 30
57 62 28
57 62 7
57 62 24
57 62 16
57 62 11
57 62 4
57 62 30
57 62 50
57 62 47
57 62 48
57 62 23
57 62 10
57 62 47
57 62 13
57 62 38
57 62 35
57 62 31
57 62 42
57 62 36
57 62 45
57 62 26
57 62 30
57 62 9
57 62 30
57 62 45
57 62 10
57 62 23
57 62 15
57 62 2
57 62 11
57 62 2
57 62 4
57 62 9
57 62 18
57 62 41
57 62 8
57 62 30
57 62 30
57 62 4
57 62 29
57 62 4
57 62 13
57 62 11
57 62 18
57 62 24
57 62 6
57 62 21
57 62 5
57 62 19
57 62 21
57 62 29
57 62 47
57 62 46
57 62 15
57 62 12
57 62 15
57 62 23
57 62 17
57 62 6
57 62 43
57 62 28
57 62 27
57 62 50
57 62 7
57 62 48
57 62 28
57 62 40
57 62 19
57 62 40
57 62 45
57 62 36
58 63 36
58 63 28
58 63 38
58 63 27
58 63 3
58 63 29
58 63 35
58 63 25
58 63 26
58 63 39
58 63 20
58 63 35
58 63 4
58 63 5
58 63 46
58 63 50
58 63 29
58 63 29
58 63 17
58 63 44
58 63 19
58 63 39
58 63 14
58 63 28
58 63 42
58 63 15
58 63 46
58 63 46
58 63 34
58 63 8
58 63 13
58 63 50
58 63 1
58 63 47
58 63 10
58 63 36
58 63 32
58 63 48
58 63 17
58 63 48
58 63 35
58 63 48
58 63 21
58 63 28
58 63 50
58 63 44
58 63 31
58 63 6
58 63 47
58 63 48
58 63 10
58 63 44
58 63 33
58 63 12
58 63 14
58 63 43
58 63 42
58 63 26
58 63 12
58 63 31
58 63 10
58 63 25
58 63 26
58 63 39
58 63 32
58 63 45
58 63 29
58 63 22
58 63 7
58 63 11
58 63 3
58 63 9
58 63 10
58 63 17
58 63 38
58 63 19
58 63 33
58 63 25
58 63 12
58 63 11
58 63 3
58 63 8
58 63 15
58 63 33
58 63 40
58 63 32
58 63 33
58 63 22
58 63 29
58 63 5
58 63 3
58 63 24
58 63 22
58 63 44
58 63 39
58 63 15
58 63 17
58 63 43
58 63 21
58 63 37
58 63 3
58 63 35
59 64 13
59 64 37
59 64 44
59 64 45
59 64 36
59 64 8
59 64 7
59 64 27
59 64 10
59 64 35
59 64 16
59 64 23
59 64 25
59 64 24
59 64 3
59 64 1
59 64 7
59 64 37
59 64 8
59 64 50
59 64 1
59 64 39
59 64 33
59 64 11
59 64 8
59 64 50
59 64 17
59 64 16
59 64 42
59 64 3
59 64 29
59 64 13
59 64 48
59 64 18
59 64 12
59 64 20
59 64 40
59 64 12
59 64 44
59 64 46
59 64 41
59 64 36
59 64 31
59 64 38
59 64 23
59 64 31
59 64 16
59 64 7
59 64 17
59 64 9
59 64 24
59 64 26
59 64 9
59 64 7
59 64 31
59 64 20
59 64 44
59 64 20
59 64 8
59 64 11
59 64 7
59 64 27
59 64 13
59 64 50
59 64 8
59 64 33
59 64 9
59 64 41
59 64 46
59 64 7
59 64 19
59 64 21
59 64 3
59 64 23
59 64 46
59 64 11
59 64 20
59 64 8
59 64 8
59 64 46
59 64 38
59 64 9
59 64 18
59 64 46
59 64 30
60 65 45
60 65 49
60 65 15
60 65 37
60 65 48
60 65 36
60 65 12
60 65 5
60 65 28
60 65 9
60 65 11
60 65 16
60 65 20
60 65 9
60 65 9
60 65 10
60 65 46
60 65 26
60 65 6
60 65 42
60 65 40
60 65 44
60 65 35
60 65 27
60 65 7
60 65 30
60 65 46
60 65 23
60 65 45
60 65 7
60 65 5
60 65 5
60 65 23
60 65 17
60 65 19
60 65 5
60 65 10
60 65 26
60 65 50
60 65 4
60 65 40
60 65 31
60 65 8
60 65 31
60 65 28
60 65 8
60 65 38
60 65 36
60 65 33
60 65 43
60 65 12
60 65 14
60 65 12
60 65 47
60 65 48
60 65 47
60 65 23
60 65 35
60 65 38
60 65 45
60 65 1
60 65 22
60 65 34
60 65 17
60 65 10
60 65 22
60 65 24
60 65 35
60 65 2
60 65 34
60 65 24
60 65 43
60 65 6
60 65 22
60 65 28
60 65 45
60 65 18
60 65 14
60 65 31
60 65 7
60 65 3
60 65 2
60 65 15
60 65 45
60 65 31
60 65 20
60 65 44
60 65 29
60 65 29
60 65 23
60 65 9
60 65 36
60 65 48
60 65 24
60 65 3
60 65 12
60 65 28
60 65 27
60 65 15
61 66 42
61 66 23
61 66 17
61 66 3
61 66 3
61 66 5
61 66 4
61 66 2
61 66 4
61 66 46
61 66 22
61 66 20
61 66 32
61 66 32
61 66 28
61 66 35
61 66 24
61 66 8
61 66 13
61 66 5
61 66 29
61 66 31
61 66 36
61 66 4
61 66 14
61 66 20
61 66 30
61 66 49
61 66 47
61 66 26
61 66 6
61 66 18
61 66 43
61 66 11
61 66 24
61 66 3
61 66 43
61 66 9
61 66 17
61 66 28
61 66 1
61 66 14
61 66 35
61 66 39
61 66 18
61 66 33
61 66 42
61 66 27
61 66 4
61 66 4
61 66 16
61 66 14
61 66 38
61 66 50
61 66 30
61 66 11
61 66 46
61 66 46
61 66 27
61 66 36
61 66 18
61 66 24
61 66 38
61 66 23
61 66 50
61 66 34
61 66 35
61 66 10
61 66 45
61 66 12
61 66 42
61 66 26
61 66 38
61 66 20
61 66 17
61 66 22
61 66 41
61 66 39
61 66 47
61 66 26
61 66 15
61 66 16
61 66 36
61 66 1
61 66 9
61 66 38
61 66 20
61 66 10
61 66 20
61 66 19
61 66 21
61 66 40
61 66 13
61 66 34
61 66 7
61 66 35
61 66 31
61 66 11
61 66 15
61 66 46
61 66 50
61 66 29
61 66 16
61 66 29
61 66 45
61 66 16
61 66 8
61 66 38
61 66 15
61 66 21
61 66 31
61 66 28
61 66 38
61 66 11
61 66 46
62 67 41
62 67 46
62 67 3
62 67 4
62 67 1
62 67 49
62 67 49
62 67 28
62 67 9
62 67 32
62 67 24
62 67 46
62 67 24
62 67 38
62 67 16
62 67 24
62 67 50
62 67 13
62 67 35
62 67 39
62 67 6
62 67 8
62 67 10
62 67 3
62 67 10
62 67 6
62 67 17
62 67 23
62 67 43
62 67 38
62 67 43
62 67 37
62 67 2
62 67 5
62 67 18
62 67 50
62 67 49
62 67 14
62 67 21
62 67 34
62 67 49
62 67 17
62 67 48
62 67 41
62 67 35
62 67 29
62 67 42
62 67 28
62 67 18
62 67 21
62 67 28
62 67 50
62 67 46
62 67 11
62 67 20
62 67 47
62 67 19
62 67 20
62 67 5
62 67 26
62 67 33
62 67 32
62 67 49
62 67 46
62 67 16
62 67 16
62 67 24
62 67 31
62 67 41
62 67 24
62 67 16
62 67 49
62 67 5
62 67 35
62 67 27
62 67 11
62 67 40
62 67 10
62 67 20
62 67 29
62 67 27
62 67 9
62 67 42
62 67 25
62 67 50
62 67 8
62 67 26
62 67 43
62 67 19
62 67 22
62 67 36
62 67 44
62 67 3
62 67 6
62 67 41
62 67 2
62 67 44
62 67 36
62 67 39
62 67 42
62 67 16
62 67 16
62 67 47
63 68 24
63 68 35
63 68 42
63 68 37
63 68 8
63 68 40
63 68 27
63 68 27
63 68 5
63 68 25
63 68 49
63 68 44
63 68 12
63 68 34
63 68 18
63 68 3
63 68 9
63 68 40
63 68 5
63 68 19
63 68 15
63 68 28
63 68 10
63 68 37
63 68 30
63 68 3
63 68 49
63 68 31
63 68 17
63 68 34
63 68 45
63 68 6
63 68 2
63 68 10
63 68 41
63 68 45
63 68 46
63 68 13
63 68 14
63 68 44
63 68 29
63 68 6
63 68 7
63 68 19
63 68 42
63 68 27
63 68 27
63 68 3
63 68 20
63 68 3
63 68 7
63 68 18
63 68 35
63 68 36
63 68 5
63 68 14
63 68 46
63 68 3
63 68 10
63 68 8
63 68 45
63 68 5
63 68 1
63 68 44
63 68 25
63 68 17
63 68 14
63 68 4
63 68 38
63 68 33
63 68 43
63 68 37
63 68 19
63 68 4
63 68 34
63 68 19
63 68 23
63 68 27
63 68 45
63 68 25
63 68 29
63 68 41
63 68 7
63 68 18
63 68 25
63 68 22
63 68 30
63 68 1
63 68 48
63 68 16
63 68 37
63 68 11
63 68 50
63 68 4
63 68 20
63 68 39
63 68 18
63 68 18
63 68 19
63 68 9
63 68 33
63 68 37
63 68 30
63 68 23
63 68 37
63 68 33
64 69 6
64 69 35
64 69 14
64 69 10
64 69 27
64 69 8
64 69 15
64 69 12
64 69 17
64 69 11
64 69 34
64 69 38
64 69 45
64 69 6
64 69 36
64 69 47
64 69 49
64 69 38
64 69 15
64 69 41
64 69 48
64 69 40
64 69 6
64 69 14
64 69 40
64 69 26
64 69 28
64 69 13
64 69 12
64 69 43
64 69 20
64 69 27
64 69 23
64 69 13
64 69 27
64 69 30
64 69 35
64 69 10
64 69 9
64 69 5
64 69 25
64 69 20
64 69 16
64 69 18
64 69 50
64 69 18
64 69 32
64 69 8
64 69 10
64 69 32
64 69 11
64 69 45
64 69 37
64 69 41
64 69 47
64 69 3
64 69 23
64 69 43
64 69 30
64 69 20
64 69 2
64 69 4
64 69 20
64 69 35
64 69 29
64 69 1
64 69 27
64 69 29
64 69 2
64 69 10
64 69 50
64 69 4
64 69 50
64 69 16
64 69 28
64 69 28
64 69 5
64 69 33
64 69 9
64 69 24
64 69 39
64 69 34
64 69 41
64 69 3
64 69 23
64 69 29
65 70 5
65 70 47
65 70 17
65 70 23
65 70 14
65 70 22
65 70 4
65 70 23
65 70 2
65 70 14
65 70 33
65 70 7
65 70 41
65 70 1
65 70 47
65 70 13
65 70 28
65 70 40
65 70 41
65 70 8
65 70 24
65 70 7
65 70 12
65 70 40
65 70 16
65 70 49
65 70 44
65 70 14
65 70 31
65 70 5
65 70 10
65 70 4
65 70 42
65 70 30
65 70 16
65 70 15
65 70 12
65 70 44
65 70 47
65 70 13
65 70 48
65 70 21
65 70 28
65 70 50
65 70 1
65 70 17
65 70 5
65 70 40
65 70 13
65 70 43
65 70 44
65 70 40
65 70 41
65 70 26
65 70 17
65 70 7
65 70 15
65 70 32
65 70 33
65 70 50
65 70 18
65 70 16
65 70 38
65 70 4
65 70 35
65 70 47
65 70 19
65 70 39
65 70 40
65 70 18
65 70 7
65 70 28
65 70 26
65 70 8
65 70 19
65 70 42
65 70 20
65 70 21
65 70 4
65 70 39
65 70 36
65 70 25
65 70 40
65 70 36
65 70 49
65 70 31
65 70 11
65 70 23
65 70 44
65 70 2
65 70 40
65 70 33
65 70 14
66 71 45
66 71 39
66 71 23
66 71 7
66 71 17
66 71 8
66 71 44
66 71 38
66 71 39
66 71 20
66 71 1
66 71 29
66 71 26
66 71 6
66 71 24
66 71 42
66 71 35
66 71 45
66 71 20
66 71 28
66 71 42
66 71 42
66 71 27
66 71 26
66 71 32
66 71 33
66 71 46
66 71 26
66 71 1
66 71 34
66 71 42
66 71 42
66 71 16
66 71 7
66 71 37
66 71 47
66 71 48
66 71 25
66 71 33
66 71 35
66 71 9
66 71 7
66 71 44
66 71 38
66 71 28
66 71 43
66 71 41
66 71 31
66 71 44
66 71 24
66 71 5
66 71 34
66 71 33
66 71 16
66 71 40
66 71 48
66 71 14
66 71 24
66 71 40
66 71 47
66 71 42
66 71 3
66 71 33
66 71 10
66 71 9
66 71 22
66 71 32
66 71 16
66 71 15
66 71 30
66 71 48
66 71 49
66 71 38
66 71 20
66 71 10
66 71 13
66 71 32
66 71 18
66 71 35
66 71 43
66 71 1
66 71 38
66 71 13
66 71 22
66 71 4
66 71 38
66 71 26
66 71 44
66 71 26
66 71 20
66 71 42
66 71 42
66 71 49
67 72 50
67 72 15
67 72 42
67 72 49
67 72 44
67 72 22
67 72 33
67 72 27
67 72 25
67 72 6
67 72 21
67 72 30
67 72 8
67 72 39
67 72 50
67 72 5
67 72 25
67 72 50
67 72 23
67 72 38
67 72 34
67 72 49
67 72 31
67 72 14
67 72 6
67 72 30
67 72 36
67 72 31
67 72 25
67 72 22
67 72 14
67 72 15
67 72 49
67 72 31
67 72 47
67 72 23
67 72 7
67 72 24
67 72 17
67 72 44
67 72 4
67 72 6
67 72 23
67 72 12
67 72 7
67 72 16
67 72 4
67 72 36
67 72 20
67 72 14
67 72 16
67 72 8
67 72 44
67 72 36
67 72 32
67 72 10
67 72 46
67 72 4
67 72 18
67 72 25
67 72 43
67 72 15
67 72 9
67 72 48
67 72 49
67 72 45
67 72 9
67 72 46
67 72 26
67 72 40
67 72 20
67 72 43
67 72 8
67 72 8
67 72 9
67 72 18
67 72 41
67 72 38
67 72 16
67 72 19
67 72 33
67 72 37
67 72 6
67 72 4
67 72 31
67 72 25
67 72 39
67 72 22
67 72 49
67 72 9
67 72 19
67 72 30
67 72 18
67 72 7
67 72 21
67 72 17
67 72 31
67 72 36
67 72 29
67 72 11
67 72 25
68 73 5
68 73 34
68 73 41
68 73 23
68 73 9
68 73 15
68 73 39
68 73 38
68 73 25
68 73 40
68 73 20
68 73 17
68 73 28
68 73 16
68 73 34
68 73 42
68 73 9
68 73 46
68 73 37
68 73 45
68 73 45
68 73 34
68 73 18
68 73 20
68 73 11
68 73 6
68 73 37
68 73 31
68 73 7
68 73 15
68 73 23
68 73 11
68 73 26
68 73 24
68 73 15
68 73 29
68 73 46
68 73 13
68 73 13
68 73 37
68 73 44
68 73 34
68 73 8
68 73 26
68 73 9
68 73 7
68 73 1
68 73 34
68 73 8
68 73 28
68 73 5
68 73 42
68 73 46
68 73 3
68 73 2
68 73 11
68 73 1
68 73 41
68 73 22
68 73 26
68 73 10
68 73 47
68 73 9
68 73 2
68 73 13
68 73 47
68 73 35
68 73 27
68 73 2
68 73 32
68 73 23
68 73 43
68 73 20
68 73 21
68 73 12
68 73 36
68 73 2
68 73 4
68 73 35
68 73 40
68 73 34
68 73 15
68 73 28
68 73 23
68 73 49
68 73 11
68 73 10
68 73 41
68 73 42
68 73 16
68 73 9
68 73 50
68 73 2
68 73 25
68 73 44
68 73 30
68 73 5
68 73 26
68 73 19
68 73 28
68 73 11
68 73 43
68 73 48
68 73 43
68 73 21
68 73 42
68 73 39
68 73 18
68 73 21
68 73 29
68 73 24
68 73 47
69 74 45
69 74 11
69 74 11
69 74 3
69 74 32
69 74 28
69 74 38
69 74 15
69 74 39
69 74 28
69 74 9
69 74 5
69 74 31
69 74 45
69 74 25
69 74 14
69 74 30
69 74 48
69 74 18
69 74 36
69 74 47
69 74 29
69 74 43
69 74 15
69 74 5
69 74 26
69 74 5
69 74 19
69 74 22
69 74 20
69 74 37
69 74 36
69 74 49
69 74 36
69 74 22
69 74 7
69 74 47
69 74 40
69 74 15
69 74 46
69 74 37
69 74 16
69 74 44
69 74 48
69 74 48
69 74 14
69 74 6
69 74 25
69 74 31
69 74 43
69 74 18
69 74 21
69 74 1
69 74 9
69 74 36
69 74 35
69 74 39
69 74 6
69 74 4
69 74 28
69 74 20
69 74 33
69 74 1
69 74 29
69 74 47
69 74 37
69 74 34
69 74 7
69 74 32
69 74 45
69 74 9
69 74 6
69 74 11
69 74 44
69 74 23
69 74 10
69 74 7
69 74 22
69 74 24
69 74 21
69 74 4
69 74 9
69 74 30
69 74 15
69 74 33
69 74 48
69 74 26
69 74 8
69 74 35
69 74 5
69 74 30
69 74 30
69 74 44
69 74 46
69 74 34
69 74 10
69 74 38
69 74 35
69 74 1
69 74 15
69 74 35
69 74 30
69 74 20
69 74 18
69 74 1
69 74 45
69 74 43
69 74 43
69 74 48
69 74 44
70 75 7
70 75 25
70 75 30
70 75 26
70 75 41
70 75 13
70 75 43
70 75 24
70 75 16
70 75 45
70 75 24
70 75 24
70 75 9
70 75 23
70 75 37
70 75 21
70 75 39
70 75 22
70 75 22
70 75 29
70 75 2
70 75 49
70 75 14
70 75 38
70 75 45
70 75 2
70 75 18
70 75 11
70 75 6
70 75 11
70 75 3
70 75 36
70 75 7
70 75 40
70 75 39
70 75 7
70 75 22
70 75 34
70 75 42
70 75 3
70 75 21
70 75 20
70 75 15
70 75 35
70 75 4
70 75 13
70 75 2
70 75 26
70 75 1
70 75 7
70 75 15
70 75 27
70 75 48
70 75 48
70 75 20
70 75 2
70 75 35
70 75 22
70 75 19
70 75 44
70 75 46
70 75 12
70 75 37
70 75 18
70 75 30
70 75 36
70 75 3
70 75 7
70 75 49
70 75 48
70 75 28
70 75 38
70 75 17
70 75 38
70 75 47
70 75 32
70 75 19
70 75 11
70 75 34
70 75 1
70 75 25
70 75 4
70 75 39
70 75 23
70 75 1
70 75 10
70 75 41
70 75 29
71 76 21
71 76 29
71 76 33
71 76 39
71 76 29
71 76 47
71 76 40
71 76 47
71 76 35
71 76 39
71 76 31
71 76 45
71 76 39
71 76 37
71 76 4
71 76 33
71 76 6
71 76 29
71 76 25
71 76 39
71 76 12
71 76 44
71 76 20
71 76 49
71 76 2
71 76 16
71 76 46
71 76 4
71 76 17
71 76 19
71 76 10
71 76 47
71 76 8
71 76 46
71 76 15
71 76 3
71 76 44
71 76 44
71 76 32
71 76 16
71 76 23
71 76 9
71 76 38
71 76 7
71 76 5
71 76 44
71 76 48
71 76 36
71 76 26
71 76 29
71 76 49
71 76 26
71 76 41
71 76 50
71 76 11
71 76 13
71 76 25
71 76 18
71 76 16
71 76 36
71 76 28
71 76 19
71 76 35
71 76 47
71 76 46
71 76 20
71 76 7
71 76 31
71 76 26
71 76 48
71 76 22
71 76 6
71 76 8
71 76 15
71 76 14
71 76 27
71 76 44
71 76 32
71 76 27
71 76 10
71 76 13
71 76 28
71 76 45
71 76 48
71 76 38
71 76 38
71 76 41
71 76 11
71 76 50
71 76 47
71 76 44
71 76 28
71 76 50
71 76 33
71 76 21
71 76 5
71 76 28
71 76 12
71 76 1
71 76 45
71 76 43
71 76 40
71 76 19
71 76 43
72 77 1
72 77 20
72 77 24
72 77 23
72 77 19
72 77 22
72 77 43
72 77 27
72 77 23
72 77 23
72 77 43
72 77 32
72 77 3
72 77 2
72 77 31
72 77 47
72 77 1
72 77 22
72 77 11
72 77 34
72 77 39
72 77 16
72 77 34
72 77 46
72 77 48
72 77 3
72 77 35
72 77 42
72 77 28
72 77 18
72 77 4
72 77 14
72 77 48
72 77 23
72 77 22
72 77 15
72 77 23
72 77 44
72 77 8
72 77 26
72 77 14
72 77 50
72 77 39
72 77 17
72 77 44
72 77 8
72 77 28
72 77 36
72 77 3
72 77 13
72 77 38
72 77 4
72 77 2
72 77 7
72 77 5
72 77 30
72 77 22
72 77 18
72 77 31
72 77 49
72 77 29
72 77 48
72 77 18
72 77 32
72 77 40
72 77 24
72 77 4
72 77 39
72 77 15
72 77 20
72 77 16
72 77 25
72 77 5
72 77 47
72 77 23
72 77 12
72 77 20
72 77 46
72 77 20
72 77 36
72 77 19
72 77 48
72 77 8
72 77 21
72 77 29
72 77 18
72 77 23
72 77 8
72 77 5
72 77 15
72 77 2
72 77 18
72 77 29
72 77 30
72 77 21
72 77 10
72 77 15
72 77 13
72 77 9
72 77 48
72 77 41
72 77 24
72 77 21
72 77 12
72 77 13
72 77 9
72 77 47
72 77 41
72 77 24
72 77 42
73 78 32
73 78 12
73 78 27
73 78 44
73 78 24
73 78 18
73 78 43
73 78 33
73 78 7
73 78 8
73 78 21
73 78 47
73 78 36
73 78 17
73 78 14
73 78 13
73 78 5
73 78 15
73 78 37
73 78 44
73 78 41
73 78 5
73 78 16
73 78 7
73 78 11
73 78 26
73 78 11
73 78 3
73 78 14
73 78 40
73 78 28
73 78 46
73 78 43
73 78 9
73 78 50
73 78 24
73 78 46
73 78 47
73 78 23
73 78 14
73 78 26
73 78 22
73 78 41
73 78 46
73 78 35
73 78 35
73 78 3
73 78 28
73 78 12
73 78 9
73 78 30
73 78 45
73 78 48
73 78 31
73 78 5
73 78 2
73 78 13
73 78 48
73 78 10
73 78 16
73 78 12
73 78 8
73 78 38
73 78 43
73 78 42
73 78 8
73 78 32
73 78 11
73 78 26
73 78 47
73 78 2
73 78 40
73 78 35
73 78 23
73 78 4
73 78 49
73 78 26
73 78 32
73 78 16
73 78 29
73 78 25
73 78 46
73 78 50
73 78 46
73 78 4
73 78 15
73 78 39
73 78 33
73 78 36
73 78 13
73 78 43
73 78 50
73 78 17
73 78 4
73 78 44
73 78 28
73 78 27
73 78 10
73 78 46
73 78 34
73 78 36
73 78 30
73 78 23
73 78 44
73 78 33
74 79 36
74 79 7
74 79 5
74 79 42
74 79 45
74 79 6
74 79 29
74 79 41
74 79 28
74 79 1
74 79 4
74 79 47
74 79 24
74 79 8
74 79 49
74 79 40
74 79 41
74 79 35
74 79 34
74 79 37
74 79 31
74 79 43
74 79 22
74 79 12
74 79 44
74 79 19
74 79 38
74 79 8
74 79 46
74 79 44
74 79 33
74 79 5
74 79 18
74 79 11
74 79 47
74 79 30
74 79 43
74 79 17
74 79 17
74 79 45
74 79 15
74 79 8
74 79 29
74 79 31
74 79 11
74 79 31
74 79 24
74 79 18
74 79 34
74 79 20
74 79 46
74 79 28
74 79 28
74 79 25
74 79 9
74 79 30
74 79 26
74 79 27
74 79 48
74 79 40
74 79 5
74 79 41
74 79 34
74 79 32
74 79 5
74 79 19
74 79 8
74 79 24
74 79 26
74 79 3
74 79 33
74 79 20
74 79 19
74 79 11
74 79 48
74 79 9
74 79 40
74 79 5
74 79 1
74 79 8
74 79 3
74 79 14
74 79 6
74 79 2
74 79 43
74 79 13
74 79 33
74 79 6
74 79 4
74 79 47
74 79 6
74 79 38
74 79 34
74 79 15
74 79 5
74 79 44
74 79 22
74 79 38
74 79 34
74 79 28
74 79 35
74 79 33
74 79 47
74 79 13
74 79 28
74 79 11
74 79 9
74 79 33
75 80 3
75 80 16
75 80 40
75 80 22
75 80 14
75 80 44
75 80 3
75 80 41
75 80 21
75 80 25
75 80 44
75 80 14
75 80 8
75 80 9
75 80 18
75 80 32
75 80 44
75 80 29
75 80 42
75 80 11
75 80 13
75 80 45
75 80 9
75 80 16
75 80 4
75 80 33
75 80 21
75 80 49
75 80 2
75 80 46
75 80 35
75 80 50
75 80 29
75 80 9
75 80 8
75 80 17
75 80 29
75 80 47
75 80 39
75 80 47
75 80 28
75 80 28
75 80 33
75 80 35
75 80 12
75 80 23
75 80 44
75 80 40
75 80 8
75 80 47
75 80 43
75 80 21
75 80 11
75 80 12
75 80 23
75 80 28
75 80 21
75 80 4
75 80 10
75 80 27
75 80 44
75 80 37
75 80 39
75 80 36
75 80 22
75 80 43
75 80 17
75 80 20
75 80 4
75 80 8
75 80 24
75 80 2
75 80 16
75 80 26
75 80 43
75 80 46
75 80 47
75 80 32
76 81 27
76 81 38
76 81 34
76 81 45
76 81 25
76 81 25
76 81 12
76 81 27
76 81 48
76 81 38
76 81 26
76 81 31
76 81 19
76 81 7
76 81 11
76 81 29
76 81 27
76 81 11
76 81 11
76 81 50
76 81 42
76 81 28
76 81 10
76 81 17
76 81 5
76 81 26
76 81 29
76 81 36
76 81 22
76 81 10
76 81 9
76 81 50
76 81 21
76 81 30
76 81 24
76 81 1
76 81 23
76 81 42
76 81 14
76 81 7
76 81 38
76 81 28
76 81 37
76 81 41
76 81 5
76 81 16
76 81 30
76 81 3
76 81 45
76 81 40
76 81 50
76 81 21
76 81 18
76 81 8
76 81 3
76 81 41
76 81 41
76 81 29
76 81 1
76 81 2
76 81 4
76 81 31
76 81 37
76 81 46
76 81 35
76 81 19
76 81 41
76 81 45
76 81 6
76 81 50
76 81 12
76 81 36
76 81 32
76 81 12
76 81 48
76 81 42
76 81 36
76 81 18
76 81 39
76 81 30
76 81 24
76 81 40
76 81 27
76 81 30
76 81 37
76 81 14
76 81 35
76 81 22
76 81 25
76 81 28
76 81 18
76 81 14
76 81 21
76 81 35
76 81 36
76 81 32
76 81 30
76 81 44
76 81 42
76 81 5
76 81 32
76 81 26
76 81 41
76 81 5
76 81 27
76 81 29
76 81 37
76 81 46
76 81 2
77 82 46
77 82 18
77 82 1
77 82 45
77 82 24
77 82 17
77 82 20
77 82 19
77 82 10
77 82 26
77 82 44
77 82 13
77 82 10
77 82 41
77 82 28
77 82 10
77 82 3
77 82 17
77 82 37
77 82 39
77 82 29
77 82 7
77 82 28
77 82 13
77 82 35
77 82 26
77 82 8
77 82 34
77 82 18
77 82 2
77 82 43
77 82 48
77 82 30
77 82 5
77 82 20
77 82 46
77 82 23
77 82 43
77 82 27
77 82 46
77 82 41
77 82 46
77 82 44
77 82 44
77 82 40
77 82 14
77 82 10
77 82 28
77 82 29
77 82 26
77 82 18
77 82 40
77 82 14
77 82 41
77 82 40
77 82 15
77 82 29
77 82 31
77 82 19
77 82 8
77 82 34
77 82 43
77 82 49
77 82 36
77 82 29
77 82 20
77 82 9
77 82 46
77 82 25
77 82 37
77 82 6
77 82 29
77 82 35
77 82 45
77 82 8
77 82 11
77 82 35
77 82 10
77 82 46
77 82 10
77 82 11
77 82 3
77 82 29
77 82 28
77 82 47
77 82 8
77 82 3
77 82 45
77 82 36
77 82 24
77 82 42
77 82 3
77 82 46
77 82 28
77 82 48
77 82 14
77 82 21
77 82 42
77 82 36
77 82 10
77 82 34
77 82 7
77 82 33
77 82 33
77 82 18
77 82 38
77 82 25
77 82 24
77 82 23
77 82 29
77 82 27
77 82 11
77 82 23
77 82 46
78 83 32
78 83 14
78 83 46
78 83 6
78 83 39
78 83 39
78 83 23
78 83 32
78 83 26
78 83 6
78 83 17
78 83 25
78 83 50
78 83 18
78 83 11
78 83 35
78 83 42
78 83 17
78 83 14
78 83 12
78 83 8
78 83 16
78 83 8
78 83 29
78 83 18
78 83 9
78 83 3
78 83 5
78 83 29
78 83 32
78 83 48
78 83 43
78 83 21
78 83 21
78 83 18
78 83 49
78 83 3
78 83 34
78 83 2
78 83 18
78 83 45
78 83 45
78 83 44
78 83 10
78 83 14
78 83 17
78 83 6
78 83 44
78 83 35
78 83 40
78 83 22
78 83 36
78 83 2
78 83 4
78 83 39
78 83 44
78 83 42
78 83 4
78 83 13
78 83 8
78 83 7
78 83 17
78 83 26
78 83 32
78 83 39
78 83 10
78 83 19
78 83 17
78 83 5
78 83 33
78 83 41
78 83 11
78 83 29
78 83 45
78 83 8
78 83 33
78 83 35
78 83 3
78 83 26
78 83 22
78 83 31
78 83 17
78 83 8
78 83 37
78 83 13
78 83 26
78 83 35
78 83 31
78 83 49
78 83 27
78 83 23
78 83 18
78 83 37
78 83 19
78 83 42
78 83 18
78 83 6
78 83 17
78 83 30
78 83 32
78 83 38
78 83 18
78 83 12
78 83 13
78 83 9
78 83 45
78 83 19
78 83 32
78 83 18
78 83 24
78 83 49
79 84 21
79 84 38
79 84 44
79 84 6
79 84 49
79 84 44
79 84 16
79 84 46
79 84 17
79 84 29
79 84 36
79 84 6
79 84 29
79 84 1
79 84 20
79 84 9
79 84 31
79 84 38
79 84 26
79 84 50
79 84 14
79 84 24
79 84 20
79 84 2
79 84 33
79 84 28
79 84 38
79 84 38
79 84 47
79 84 45
79 84 37
79 84 17
79 84 4
79 84 15
79 84 7
79 84 6
79 84 38
79 84 20
79 84 40
79 84 39
79 84 14
79 84 11
79 84 4
79 84 47
79 84 45
79 84 40
79 84 18
79 84 12
79 84 26
79 84 3
79 84 34
79 84 34
79 84 12
79 84 2
79 84 10
79 84 26
79 84 50
79 84 8
79 84 48
79 84 1
79 84 22
79 84 17
79 84 15
79 84 15
79 84 10
79 84 3
79 84 30
79 84 9
79 84 15
79 84 31
79 84 50
79 84 26
79 84 7
79 84 48
79 84 19
79 84 31
79 84 32
79 84 9
79 84 32
79 84 23
79 84 30
79 84 41
79 84 46
79 84 5
79 84 27
79 84 33
79 84 22
79 84 5
79 84 32
79 84 20
79 84 2
79 84 23
79 84 40
79 84 29
79 84 49
79 84 26
79 84 14
79 84 2
79 84 42
79 84 16
79 84 12
79 84 39
79 84 22
79 84 21
79 84 14
79 84 50
79 84 26
79 84 31
79 84 35
79 84 9
79 84 34
79 84 2
79 84 3
80 85 25
80 85 21
80 85 10
80 85 29
80 85 19
80 85 45
80 85 19
80 85 20
80 85 19
80 85 29
80 85 36
80 85 21
80 85 24
80 85 21
80 85 16
80 85 11
80 85 31
80 85 46
80 85 27
80 85 48
80 85 11
80 85 21
80 85 40
80 85 31
80 85 28
80 85 22
80 85 26
80 85 35
80 85 50
80 85 34
80 85 7
80 85 33
80 85 37
80 85 41
80 85 20
80 85 22
80 85 31
80 85 33
80 85 36
80 85 9
80 85 35
80 85 9
80 85 1
80 85 8
80 85 25
80 85 20
80 85 15
80 85 42
80 85 46
80 85 34
80 85 36
80 85 33
80 85 17
80 85 19
80 85 31
80 85 45
80 85 1
80 85 2
80 85 14
80 85 32
80 85 4
80 85 47
80 85 44
80 85 1
80 85 1
80 85 29
80 85 35
80 85 19
80 85 11
80 85 15
80 85 1
80 85 26
80 85 45
80 85 19
80 85 36
80 85 37
80 85 25
80 85 24
80 85 24
80 85 31
80 85 21
80 85 27
80 85 44
80 85 27
80 85 40
80 85 39
80 85 22
80 85 46
80 85 28
80 85 13
80 85 5
80 85 16
80 85 27
80 85 34
80 85 6
80 85 43
81 86 43
81 86 28
81 86 9
81 86 42
81 86 5
81 86 14
81 86 47
81 86 20
81 86 5
81 86 18
81 86 27
81 86 31
81 86 49
81 86 15
81 86 35
81 86 4
81 86 5
81 86 3
81 86 40
81 86 45
81 86 18
81 86 21
81 86 44
81 86 32
81 86 30
81 86 35
81 86 3
81 86 6
81 86 39
81 86 21
81 86 19
81 86 20
81 86 1
81 86 6
81 86 13
81 86 8
81 86 47
81 86 41
81 86 29
81 86 15
81 86 16
81 86 39
81 86 14
81 86 11
81 86 1
81 86 34
81 86 1
81 86 41
81 86 47
81 86 43
81 86 23
81 86 11
81 86 22
81 86 42
81 86 2
81 86 44
81 86 41
81 86 21
81 86 10
81 86 43
81 86 3
81 86 1
81 86 34
81 86 27
81 86 18
81 86 50
81 86 23
81 86 45
81 86 13
81 86 37
81 86 43
81 86 34
81 86 39
81 86 50
81 86 34
81 86 9
81 86 18
81 86 16
81 86 11
81 86 13
81 86 23
81 86 3
81 86 10
81 86 34
81 86 39
81 86 22
81 86 14
81 86 2
81 86 45
81 86 30
81 86 1
81 86 26
81 86 18
81 86 27
81 86 22
81 86 20
82 87 8
82 87 24
82 87 23
82 87 20
82 87 29
82 87 31
82 87 46
82 87 38
82 87 29
82 87 50
82 87 15
82 87 37
82 87 29
82 87 35
82 87 8
82 87 7
82 87 45
82 87 49
82 87 34
82 87 37
82 87 43
82 87 18
82 87 7
82 87 42
82 87 17
82 87 26
82 87 7
82 87 49
82 87 28
82 87 47
82 87 11
82 87 48
82 87 33
82 87 21
82 87 11
82 87 4
82 87 29
82 87 49
82 87 29
82 87 35
82 87 12
82 87 16
82 87 24
82 87 31
82 87 10
82 87 8
82 87 5
82 87 40
82 87 9
82 87 26
82 87 38
82 87 21
82 87 8
82 87 44
82 87 17
82 87 30
82 87 26
82 87 37
82 87 46
82 87 11
82 87 17
82 87 6
82 87 13
82 87 30
82 87 42
82 87 26
82 87 14
82 87 27
82 87 10
82 87 34
82 87 39
82 87 19
82 87 42
82 87 4
82 87 3
82 87 37
82 87 42
82 87 28
82 87 35
82 87 39
82 87 21
82 87 12
82 87 14
82 87 16
82 87 40
82 87 41
82 87 18
82 87 17
82 87 13
82 87 30
82 87 29
82 87 36
82 87 39
82 87 13
82 87 13
82 87 14
83 88 7
83 88 41
83 88 18
83 88 48
83 88 9
83 88 21
83 88 18
83 88 19
83 88 14
83 88 27
83 88 26
83 88 26
83 88 17
83 88 23
83 88 43
83 88 45
83 88 24
83 88 18
83 88 2
83 88 3
83 88 2
83 88 5
83 88 28
83 88 36
83 88 45
83 88 5
83 88 36
83 88 50
83 88 50
83 88 15
83 88 10
83 88 10
83 88 38
83 88 33
83 88 42
83 88 13
83 88 27
83 88 18
83 88 41
83 88 25
83 88 6
83 88 43
83 88 31
83 88 2
83 88 34
83 88 12
83 88 43
83 88 49
83 88 38
83 88 38
83 88 20
83 88 12
83 88 36
83 88 31
83 88 30
83 88 22
83 88 17
83 88 45
83 88 23
83 88 3
83 88 26
83 88 13
83 88 31
83 88 2
83 88 36
83 88 28
83 88 39
83 88 45
83 88 41
83 88 33
83 88 6
83 88 14
83 88 46
83 88 41
83 88 49
83 88 25
83 88 12
83 88 37
83 88 38
83 88 36
83 88 22
83 88 34
83 88 28
83 88 37
83 88 2
83 88 35
83 88 10
83 88 47
83 88 22
83 88 3
83 88 45
83 88 50
83 88 30
83 88 37
83 88 42
84 89 43
84 89 34
84 89 20
84 89 50
84 89 29
84 89 4
84 89 15
84 89 38
84 89 29
84 89 1
84 89 39
84 89 13
84 89 35
84 89 21
84 89 38
84 89 24
84 89 4
84 89 36
84 89 23
84 89 7
84 89 40
84 89 29
84 89 8
84 89 27
84 89 2
84 89 37
84 89 21
84 89 13
84 89 24
84 89 37
84 89 20
84 89 41
84 89 21
84 89 12
84 89 18
84 89 4
84 89 3
84 89 32
84 89 1
84 89 32
84 89 29
84 89 42
84 89 1
84 89 16
84 89 26
84 89 33
84 89 37
84 89 17
84 89 23
84 89 36
84 89 5
84 89 13
84 89 42
84 89 34
84 89 32
84 89 43
84 89 24
84 89 33
84 89 1
84 89 43
84 89 8
84 89 13
84 89 36
84 89 41
84 89 47
84 89 24
84 89 4
84 89 9
84 89 9
84 89 25
84 89 2
84 89 48
84 89 17
84 89 3
84 89 5
84 89 43
84 89 28
84 89 21
84 89 31
84 89 7
84 89 19
84 89 27
84 89 3
84 89 28
84 89 46
84 89 35
84 89 39
84 89 28
84 89 1
84 89 47
84 89 41
84 89 1
84 89 17
84 89 27
84 89 50
84 89 15
84 89 21
84 89 2
84 89 41
84 89 2
84 89 20
84 89 24
84 89 47
84 89 8
84 89 2
84 89 16
84 89 20
84 89 35
84 89 12
84 89 25
84 89 44
84 89 12
84 89 29
84 89 24
84 89 26
84 89 6
84 89 12
84 89 32
84 89 26
84 89 45
84 89 45
84 89 8
84 89 35
84 89 3
85 90 27
85 90 32
85 90 33
85 90 44
85 90 49
85 90 33
85 90 13
85 90 19
85 90 16
85 90 26
85 90 8
85 90 50
85 90 40
85 90 35
85 90 47
85 90 8
85 90 27
85 90 20
85 90 29
85 90 9
85 90 43
85 90 6
85 90 25
85 90 41
85 90 3
85 90 33
85 90 31
85 90 14
85 90 7
85 90 23
85 90 44
85 90 42
85 90 6
85 90 27
85 90 45
85 90 11
85 90 14
85 90 21
85 90 48
85 90 38
85 90 28
85 90 36
85 90 14
85 90 6
85 90 48
85 90 13
85 90 44
85 90 30
85 90 5
85 90 24
85 90 1
85 90 34
85 90 29
85 90 6
85 90 14
85 90 47
85 90 39
85 90 17
85 90 42
85 90 20
85 90 42
85 90 22
85 90 20
85 90 19
85 90 16
85 90 42
85 90 38
85 90 38
85 90 48
85 90 18
85 90 49
85 90 46
85 90 43
85 90 31
85 90 23
85 90 19
85 90 44
85 90 18
85 90 29
85 90 12
85 90 14
85 90 34
85 90 33
85 90 33
85 90 26
85 90 50
85 90 3
85 90 14
85 90 11
85 90 26
85 90 14
85 90 36
85 90 3
85 90 15
85 90 47
85 90 45
86 91 20
86 91 31
86 91 10
86 91 8
86 91 31
86 91 44
86 91 50
86 91 9
86 91 16
86 91 43
86 91 39
86 91 29
86 91 19
86 91 50
86 91 44
86 91 10
86 91 3
86 91 21
86 91 28
86 91 31
86 91 33
86 91 50
86 91 35
86 91 4
86 91 28
86 91 46
86 91 46
86 91 39
86 91 14
86 91 33
86 91 21
86 91 35
86 91 47
86 91 27
86 91 25
86 91 20
86 91 19
86 91 11
86 91 50
86 91 36
86 91 25
86 91 33
86 91 5
86 91 36
86 91 2
86 91 39
86 91 43
86 91 5
86 91 47
86 91 37
86 91 31
86 91 36
86 91 12
86 91 47
86 91 48
86 91 22
86 91 24
86 91 40
86 91 3
86 91 31
86 91 42
86 91 28
86 91 48
86 91 13
86 91 7
86 91 42
86 91 32
86 91 17
86 91 21
86 91 25
86 91 4
86 91 2
86 91 41
86 91 42
86 91 26
86 91 4
86 91 27
86 91 35
86 91 1
86 91 25
86 91 45
86 91 26
86 91 20
86 91 41
86 91 12
86 91 12
86 91 25
86 91 24
86 91 2
87 92 13
87 92 33
87 92 22
87 92 22
87 92 34
87 92 39
87 92 7
87 92 4
87 92 6
87 92 47
87 92 33
87 92 13
87 92 16
87 92 7
87 92 46
87 92 5
87 92 47
87 92 8
87 92 19
87 92 23
87 92 10
87 92 40
87 92 28
87 92 27
87 92 7
87 92 20
87 92 15
87 92 45
87 92 34
87 92 8
87 92 36
87 92 34
87 92 8
87 92 20
87 92 15
87 92 27
87 92 37
87 92 36
87 92 21
87 92 40
87 92 41
87 92 49
87 92 2
87 92 42
87 92 15
87 92 7
87 92 45
87 92 12
87 92 42
87 92 2
87 92 17
87 92 15
87 92 29
87 92 10
87 92 32
87 92 24
87 92 19
87 92 33
87 92 9
87 92 14
87 92 3
87 92 38
87 92 5
87 92 17
87 92 31
87 92 38
87 92 13
87 92 46
87 92 18
87 92 22
87 92 42
87 92 3
87 92 27
87 92 42
87 92 29
87 92 27
87 92 49
87 92 46
87 92 9
87 92 9
87 92 38
87 92 29
87 92 40
87 92 42
87 92 12
87 92 6
87 92 25
87 92 24
87 92 24
87 92 45
87 92 8
87 92 45
87 92 50
87 92 37
87 92 45
87 92 37
87 92 28
87 92 37
87 92 28
87 92 19
87 92 23
87 92 14
87 92 37
87 92 10
87 92 37
87 92 41
87 92 41
87 92 5
87 92 11
87 92 3
87 92 29
87 92 38
87 92 31
87 92 36
87 92 47
88 93 4
88 93 20
88 93 21
88 93 24
88 93 48
88 93 48
88 93 38
88 93 28
88 93 12
88 93 13
88 93 5
88 93 44
88 93 1
88 93 17
88 93 46
88 93 41
88 93 24
88 93 42
88 93 35
88 93 44
88 93 9
88 93 20
88 93 40
88 93 44
88 93 35
88 93 50
88 93 36
88 93 15
88 93 42
88 93 8
88 93 20
88 93 20
88 93 18
88 93 10
88 93 39
88 93 20
88 93 47
88 93 14
88 93 44
88 93 22
88 93 5
88 93 12
88 93 20
88 93 23
88 93 21
88 93 50
88 93 47
88 93 14
88 93 50
88 93 20
88 93 49
88 93 2
88 93 18
88 93 12
88 93 40
88 93 37
88 93 24
88 93 47
88 93 6
88 93 20
88 93 13
88 93 37
88 93 28
88 93 15
88 93 45
88 93 41
88 93 28
88 93 46
88 93 39
88 93 14
88 93 50
88 93 42
88 93 41
88 93 47
88 93 2
88 93 18
88 93 2
88 93 24
88 93 3
88 93 44
88 93 2
88 93 42
88 93 40
88 93 48
88 93 20
88 93 27
88 93 42
88 93 42
88 93 43
88 93 1
88 93 35
88 93 36
88 93 23
88 93 46
88 93 46
88 93 21
88 93 42
88 93 21
88 93 47
89 94 37
89 94 14
89 94 26
89 94 22
89 94 24
89 94 29
89 94 47
89 94 29
89 94 12
89 94 1
89 94 4
89 94 19
89 94 47
89 94 29
89 94 13
89 94 48
89 94 30
89 94 19
89 94 15
89 94 35
89 94 39
89 94 37
89 94 32
89 94 49
89 94 26
89 94 11
89 94 31
89 94 47
89 94 3
89 94 7
89 94 49
89 94 3
89 94 47
89 94 24
89 94 31
89 94 15
89 94 37
89 94 12
89 94 30
89 94 39
89 94 35
89 94 35
89 94 32
89 94 46
89 94 43
89 94 18
89 94 25
89 94 47
89 94 16
89 94 40
89 94 45
89 94 4
89 94 31
89 94 15
89 94 30
89 94 40
89 94 20
89 94 37
89 94 46
89 94 10
89 94 35
89 94 42
89 94 18
89 94 19
89 94 28
89 94 26
89 94 13
89 94 43
89 94 5
89 94 12
89 94 50
89 94 24
89 94 45
89 94 42
89 94 22
89 94 3
89 94 33
89 94 42
89 94 26
89 94 47
89 94 14
89 94 38
89 94 43
89 94 44
89 94 28
89 94 7
89 94 33
89 94 9
89 94 47
89 94 43
89 94 47
89 94 2
89 94 2
89 94 4
89 94 32
89 94 6
89 94 37
89 94 18
89 94 50
89 94 42
89 94 35
90 95 34
90 95 5
90 95 35
90 95 49
90 95 34
90 95 30
90 95 17
90 95 36
90 95 12
90 95 19
90 95 27
90 95 22
90 95 24
90 95 45
90 95 44
90 95 4
90 95 43
90 95 36
90 95 4
90 95 5
90 95 43
90 95 8
90 95 39
90 95 18
90 95 25
90 95 10
90 95 45
90 95 39
90 95 11
90 95 19
90 95 26
90 95 23
90 95 38
90 95 49
90 95 40
90 95 50
90 95 48
90 95 45
90 95 32
90 95 6
90 95 34
90 95 4
90 95 34
90 95 42
90 95 38
90 95 11
90 95 11
90 95 49
90 95 47
90 95 46
90 95 2
90 95 2
90 95 24
90 95 41
90 95 29
90 95 46
90 95 7
90 95 15
90 95 49
90 95 48
90 95 3
90 95 5
90 95 24
90 95 14
90 95 14
90 95 5
90 95 2
90 95 31
90 95 31
90 95 49
90 95 27
90 95 28
90 95 19
90 95 50
90 95 28
90 95 5
90 95 32
90 95 49
90 95 47
90 95 29
90 95 9
90 95 28
90 95 5
90 95 41
90 95 24
90 95 37
90 95 42
90 95 30
90 95 10
90 95 14
90 95 44
90 95 3
90 95 36
90 95 2
90 95 46
90 95 6
90 95 8
90 95 6
90 95 23
90 95 48
90 95 46
90 95 39
90 95 30
90 95 39
90 95 13
90 95 14
90 95 14
90 95 9
90 95 50
90 95 45
90 95 39
90 95 45
90 95 12
90 95 20
90 95 10
90 95 14
90 95 47
90 95 49
91 96 44
91 96 19
91 96 19
91 96 47
91 96 26
91 96 3
91 96 38
91 96 5
91 96 1
91 96 46
91 96 33
91 96 44
91 96 38
91 96 26
91 96 47
91 96 11
91 96 5
91 96 11
91 96 29
91 96 22
91 96 20
91 96 12
91 96 5
91 96 46
91 96 3
91 96 42
91 96 18
91 96 45
91 96 39
91 96 31
91 96 37
91 96 16
91 96 16
91 96 1
91 96 35
91 96 23
91 96 40
91 96 45
91 96 18
91 96 29
91 96 41
91 96 25
91 96 29
91 96 20
91 96 12
91 96 18
91 96 47
91 96 10
91 96 49
91 96 16
91 96 47
91 96 37
91 96 32
91 96 20
91 96 25
91 96 38
91 96 43
91 96 13
91 96 34
91 96 39
91 96 1
91 96 1
91 96 48
91 96 18
91 96 33
91 96 36
91 96 22
91 96 2
91 96 42
91 96 29
91 96 15
91 96 1
91 96 43
91 96 35
91 96 46
91 96 24
91 96 48
91 96 21
91 96 25
91 96 47
91 96 45
91 96 4
91 96 27
91 96 3
91 96 47
91 96 32
91 96 1
91 96 14
91 96 11
91 96 31
91 96 21
92 97 30
92 97 6
92 97 49
92 97 42
92 97 9
92 97 18
92 97 6
92 97 22
92 97 45
92 97 7
92 97 38
92 97 40
92 97 14
92 97 11
92 97 16
92 97 20
92 97 45
92 97 5
92 97 26
92 97 47
92 97 43
92 97 5
92 97 33
92 97 26
92 97 28
92 97 23
92 97 10
92 97 4
92 97 29
92 97 46
92 97 21
92 97 22
92 97 42
92 97 46
92 97 39
92 97 19
92 97 1
92 97 21
92 97 6
92 97 18
92 97 5
92 97 43
92 97 8
92 97 18
92 97 19
92 97 29
92 97 37
92 97 38
92 97 10
92 97 30
92 97 30
92 97 14
92 97 20
92 97 5
92 97 45
92 97 41
92 97 30
92 97 48
92 97 28
92 97 28
92 97 11
92 97 5
92 97 39
92 97 21
92 97 3
92 97 20
92 97 49
92 97 20
92 97 25
92 97 23
92 97 50
92 97 36
92 97 23
92 97 45
92 97 34
92 97 42
92 97 3
92 97 37
92 97 11
92 97 3
92 97 29
92 97 4
92 97 21
92 97 19
92 97 16
92 97 22
92 97 9
92 97 37
92 97 50
92 97 43
92 97 39
92 97 34
92 97 7
92 97 29
92 97 31
92 97 33
93 98 7
93 98 16
93 98 44
93 98 23
93 98 15
93 98 3
93 98 49
93 98 50
93 98 17
93 98 18
93 98 22
93 98 46
93 98 43
93 98 29
93 98 34
93 98 25
93 98 42
93 98 45
93 98 39
93 98 17
93 98 18
93 98 12
93 98 21
93 98 1
93 98 11
93 98 50
93 98 8
93 98 8
93 98 45
93 98 28
93 98 42
93 98 8
93 98 5
93 98 5
93 98 14
93 98 17
93 98 3
93 98 44
93 98 23
93 98 15
93 98 39
93 98 11
93 98 30
93 98 44
93 98 46
93 98 8
93 98 8
93 98 22
93 98 2
93 98 8
93 98 15
93 98 40
93 98 50
93 98 49
93 98 11
93 98 49
93 98 46
93 98 37
93 98 50
93 98 49
93 98 23
93 98 22
93 98 20
93 98 47
93 98 41
93 98 24
93 98 45
93 98 4
93 98 39
93 98 25
93 98 47
93 98 7
93 98 20
93 98 3
93 98 25
93 98 7
93 98 34
93 98 33
93 98 25
93 98 50
93 98 21
93 98 50
93 98 15
93 98 2
93 98 50
93 98 19
93 98 32
93 98 42
93 98 47
93 98 7
93 98 3
93 98 15
93 98 5
93 98 18
93 98 43
93 98 28
93 98 21
93 98 5
94 99 4
94 99 44
94 99 31
94 99 38
94 99 34
94 99 26
94 99 46
94 99 3
94 99 27
94 99 34
94 99 43
94 99 46
94 99 11
94 99 15
94 99 49
94 99 30
94 99 43
94 99 34
94 99 4
94 99 13
94 99 34
94 99 6
94 99 22
94 99 29
94 99 15
94 99 34
94 99 46
94 99 35
94 99 9
94 99 34
94 99 30
94 99 40
94 99 26
94 99 17
94 99 17
94 99 47
94 99 34
94 99 28
94 99 4
94 99 30
94 99 5
94 99 26
94 99 8
94 99 47
94 99 6
94 99 41
94 99 11
94 99 41
94 99 12
94 99 33
94 99 47
94 99 14
94 99 35
94 99 28
94 99 45
94 99 36
94 99 40
94 99 34
94 99 39
94 99 39
94 99 33
94 99 1
94 99 41
94 99 29
94 99 11
94 99 12
94 99 44
94 99 20
94 99 26
94 99 19
94 99 26
94 99 39
94 99 20
94 99 1
94 99 38
94 99 19
94 99 27
94 99 12
94 99 29
94 99 48
94 99 49
95 100 10
95 100 7
95 100 4
95 100 6
95 100 18
95 100 17
95 100 2
95 100 38
95 100 50
95 100 22
95 100 22
95 100 38
95 100 40
95 100 11
95 100 7
95 100 29
95 100 47
95 100 14
95 100 41
95 100 50
95 100 30
95 100 33
95 100 15
95 100 21
95 100 31
95 100 7
95 100 49
95 100 48
95 100 14
95 100 28
95 100 25
95 100 12
95 100 11
95 100 26
95 100 5
95 100 10
95 100 32
95 100 32
95 100 34
95 100 3
95 100 3
95 100 9
95 100 2
95 100 34
95 100 38
95 100 28
95 100 29
95 100 14
95 100 15
95 100 30
95 100 30
95 100 1
95 100 22
95 100 26
95 100 43
95 100 3
95 100 25
95 100 12
95 100 24
95 100 9
95 100 2
95 100 2
95 100 16
95 100 23
95 100 2
95 100 17
95 100 19
95 100 16
95 100 29
95 100 5
95 100 3
95 100 17
95 100 47
95 100 18
95 100 28
95 100 22
95 100 39
95 100 15
95 100 49
95 100 33
95 100 7
95 100 30
95 100 22
95 100 3
95 100 30
95 100 50
95 100 10
95 100 1
95 100 25
95 100 47
95 100 20
95 100 21
95 100 36
95 100 49
95 100 48
95 100 4
95 100 49
95 100 21
95 100 11
95 100 47
95 100 30
95 100 8
95 100 22
95 100 30
95 100 26
95 100 11
96 101 14
96 101 17
96 101 4
96 101 10
96 101 32
96 101 31
96 101 5
96 101 40
96 101 12
96 101 14
96 101 36
96 101 37
96 101 23
96 101 25
96 101 8
96 101 7
96 101 8
96 101 22
96 101 44
96 101 4
96 101 34
96 101 39
96 101 7
96 101 35
96 101 39
96 101 4
96 101 5
96 101 24
96 101 34
96 101 42
96 101 9
96 101 24
96 101 20
96 101 34
96 101 23
96 101 17
96 101 47
96 101 40
96 101 15
96 101 5
96 101 41
96 101 11
96 101 29
96 101 15
96 101 37
96 101 11
96 101 23
96 101 33
96 101 17
96 101 34
96 101 3
96 101 19
96 101 46
96 101 39
96 101 43
96 101 36
96 101 37
96 101 12
96 101 14
96 101 14
96 101 49
96 101 14
96 101 34
96 101 5
96 101 41
96 101 49
96 101 27
96 101 10
96 101 23
96 101 29
96 101 4
96 101 34
96 101 15
96 101 12
96 101 38
96 101 27
96 101 38
96 101 34
96 101 8
96 101 33
96 101 40
96 101 40
96 101 30
96 101 31
96 101 20
96 101 29
96 101 25
96 101 25
96 101 13
96 101 20
96 101 26
96 101 45
96 101 36
96 101 9
96 101 35
97 102 47
97 102 1
97 102 42
97 102 31
97 102 23
97 102 32
97 102 47
97 102 8
97 102 33
97 102 14
97 102 37
97 102 7
97 102 22
97 102 38
97 102 38
97 102 35
97 102 21
97 102 29
97 102 38
97 102 44
97 102 19
97 102 15
97 102 39
97 102 29
97 102 37
97 102 38
97 102 11
97 102 7
97 102 30
97 102 27
97 102 50
97 102 19
97 102 5
97 102 15
97 102 38
97 102 39
97 102 28
97 102 12
97 102 12
97 102 13
97 102 21
97 102 24
97 102 23
97 102 14
97 102 40
97 102 21
97 102 12
97 102 7
97 102 31
97 102 5
97 102 18
97 102 11
97 102 8
97 102 33
97 102 43
97 102 6
97 102 23
97 102 39
97 102 28
97 102 6
97 102 42
97 102 45
97 102 29
97 102 37
97 102 40
97 102 36
97 102 4
97 102 30
97 102 12
97 102 29
97 102 39
97 102 4
97 102 19
97 102 40
97 102 41
97 102 3
97 102 24
97 102 35
97 102 10
97 102 23
97 102 42
97 102 2
97 102 37
97 102 20
97 102 1
97 102 31
97 102 15
97 102 3
97 102 28
97 102 36
97 102 45
97 102 45
97 102 27
97 102 6
97 102 1
97 102 42
97 102 19
97 102 34
97 102 20
97 102 36
97 102 49
97 102 15
97 102 9
97 102 44
97 102 46
98 103 3
98 103 40
98 103 12
98 103 25
98 103 40
98 103 30
98 103 38
98 103 19
98 103 43
98 103 16
98 103 32
98 103 26
98 103 41
98 103 25
98 103 32
98 103 26
98 103 13
98 103 4
98 103 7
98 103 4
98 103 29
98 103 39
98 103 48
98 103 33
98 103 35
98 103 7
98 103 47
98 103 35
98 103 44
98 103 40
98 103 17
98 103 32
98 103 17
98 103 28
98 103 34
98 103 31
98 103 50
98 103 26
98 103 1
98 103 30
98 103 47
98 103 40
98 103 29
98 103 43
98 103 15
98 103 17
98 103 17
98 103 47
98 103 40
98 103 23
98 103 38
98 103 47
98 103 34
98 103 8
98 103 8
98 103 47
98 103 21
98 103 32
98 103 22
98 103 6
98 103 12
98 103 10
98 103 49
98 103 11
98 103 41
98 103 22
98 103 37
98 103 9
98 103 15
98 103 32
98 103 10
98 103 32
98 103 29
98 103 21
98 103 30
98 103 41
98 103 48
98 103 21
98 103 26
98 103 43
98 103 32
98 103 32
98 103 32
98 103 31
98 103 19
98 103 7
98 103 45
98 103 45
98 103 35
98 103 7
98 103 5
98 103 35
98 103 24
98 103 22
98 103 11
98 103 20
98 103 50
98 103 36
98 103 33
98 103 25
98 103 31
98 103 21
98 103 21
98 103 10
98 103 36
99 104 42
99 104 44
99 104 27
99 104 22
99 104 31
99 104 12
99 104 1
99 104 38
99 104 27
99 104 33
99 104 27
99 104 12
99 104 38
99 104 32
99 104 19
99 104 28
99 104 12
99 104 20
99 104 45
99 104 45
99 104 4
99 104 35
99 104 12
99 104 44
99 104 31
99 104 33
99 104 29
99 104 42
99 104 31
99 104 18
99 104 10
99 104 15
99 104 6
99 104 32
99 104 33
99 104 26
99 104 27
99 104 18
99 104 34
99 104 12
99 104 14
99 104 5
99 104 47
99 104 4
99 104 45
99 104 30
99 104 14
99 104 35
99 104 20
99 104 22
99 104 18
99 104 31
99 104 23
99 104 28
99 104 32
99 104 31
99 104 45
99 104 15
99 104 46
99 104 5
99 104 41
99 104 11
99 104 17
99 104 38
99 104 21
99 104 38
99 104 34
99 104 49
99 104 46
99 104 49
99 104 32
99 104 23
99 104 40
99 104 1
99 104 22
99 104 38
99 104 33
99 104 18
99 104 35
99 104 36
99 104 3
99 104 10
99 104 10
99 104 4
99 104 42
99 104 50
99 104 15
99 104 19
99 104 20
99 104 49
99 104 48
99 104 45
99 104 49
99 104 23
99 104 27
99 104 49
99 104 5
99 104 35
99 104 13
99 104 16
99 104 23
99 104 34
99 104 20
99 104 12
99 104 31
99 104 23
99 104 19
99 104 22
99 104 15
99 104 19
99 104 18
99 104 19
100 105 46
100 105 31
100 105 5
100 105 43
100 105 6
100 105 32
100 105 9
100 105 15
100 105 1
100 105 46
100 105 41
100 105 26
100 105 38
100 105 48
100 105 12
100 105 41
100 105 43
100 105 26
100 105 7
100 105 45
100 105 18
100 105 33
100 105 8
100 105 24
100 105 27
100 105 4
100 105 39
100 105 16
100 105 31
100 105 49
100 105 27
100 105 36
100 105 30
100 105 48
100 105 48
100 105 24
100 105 14
100 105 29
100 105 20
100 105 49
100 105 11
100 105 25
100 105 11
100 105 41
100 105 13
100 105 10
100 105 17
100 105 16
100 105 46
100 105 22
100 105 38
100 105 23
100 105 41
100 105 30
100 105 48
100 105 44
100 105 50
100 105 47
100 105 33
100 105 44
100 105 16
100 105 1
100 105 27
100 105 42
100 105 14
100 105 37
100 105 28
100 105 17
100 105 17
100 105 41
100 105 14
100 105 44
100 105 48
100 105 34
100 105 31
100 105 10
100 105 24
100 105 23
100 105 43
100 105 48
100 105 22
100 105 40
100 105 21
100 105 19
100 105 16
100 105 18
100 105 22
100 105 42
100 105 2
100 105 44
100 105 47
100 105 38
