5000 127632
1 6 99
1 6 85
1 6 3
1 6 193
1 6 138
1 6 109
1 6 52
1 6 110
1 6 24
1 6 12
1 6 56
1 6 126
1 6 96
1 6 160
1 6 46
1 6 150
1 6 185
1 6 62
1 6 137
1 6 196
1 6 188
1 6 147
1 6 88
1 6 126
1 6 101
1 6 9
1 6 191
1 6 26
1 6 141
1 6 79
1 6 10
1 6 111
1 6 168
1 6 132
1 6 71
1 6 131
1 6 181
1 6 58
2 7 94
2 7 142
2 7 197
2 7 146
2 7 76
2 7 71
2 7 39
2 7 65
2 7 168
2 7 40
2 7 90
2 7 130
2 7 51
2 7 12
2 7 157
2 7 103
2 7 9
2 7 153
2 7 59
2 7 41
2 7 56
2 7 186
2 7 187
2 7 193
2 7 179
2 7 18
2 7 52
2 7 183
2 7 95
2 7 119
2 7 183
2 7 56
2 7 112
2 7 199
2 7 51
2 7 4
2 7 79
2 7 69
2 7 188
2 7 196
2 7 139
2 7 183
2 7 103
2 7 174
2 7 98
2 7 158
2 7 74
2 7 190
2 7 180
2 7 162
2 7 148
2 7 186
2 7 86
2 7 187
2 7 163
2 7 142
2 7 175
2 7 22
2 7 80
2 7 187
2 7 97
2 7 134
3 8 9
3 8 133
3 8 181
3 8 87
3 8 134
3 8 87
3 8 188
3 8 85
3 8 130
3 8 13
3 8 25
3 8 198
3 8 83
3 8 64
3 8 2
3 8 65
3 8 113
3 8 52
3 8 22
3 8 106
3 8 174
3 8 71
3 8 66
3 8 25
3 8 183
3 8 14
3 8 27
3 8 187
3 8 58
3 8 49
3 8 191
3 8 105
3 8 120
3 8 162
3 8 95
3 8 153
3 8 17
3 8 97
3 8 36
3 8 22
3 8 150
3 8 148
3 8 91
3 8 45
3 8 79
3 8 12
3 8 82
4 9 78
4 9 101
4 9 162
4 9 141
4 9 177
4 9 126
4 9 6
4 9 16
4 9 120
4 9 149
4 9 161
4 9 130
4 9 174
4 9 13
4 9 138
4 9 189
4 9 148
4 9 91
4 9 190
4 9 156
4 9 130
4 9 64
4 9 102
4 9 59
4 9 15
4 9 75
4 9 181
4 9 73
4 9 132
4 9 109
4 9 183
4 9 182
4 9 188
4 9 182
4 9 170
4 9 141
4 9 128
4 9 132
4 9 14
4 9 91
4 9 32
4 9 157
4 9 9
4 9 184
4 9 48
4 9 91
4 9 153
5 10 139
5 10 100
5 10 63
5 10 27
5 10 112
5 10 21
5 10 145
5 10 161
5 10 86
5 10 172
5 10 37
5 10 109
5 10 109
5 10 87
5 10 47
5 10 143
5 10 45
5 10 164
5 10 192
5 10 43
5 10 25
5 10 47
5 10 182
5 10 33
5 10 179
5 10 112
5 10 70
5 10 115
5 10 121
5 10 116
5 10 94
5 10 191
5 10 55
5 10 136
5 10 174
5 10 108
5 10 181
5 10 143
5 10 101
5 10 63
5 10 125
5 10 182
5 10 63
5 10 56
6 11 23
6 11 169
6 11 182
6 11 196
6 11 77
6 11 79
6 11 44
6 11 141
6 11 186
6 11 159
6 11 184
6 11 50
6 11 145
6 11 91
6 11 9
6 11 77
6 11 176
6 11 198
6 11 79
6 11 13
6 11 60
6 11 10
6 11 48
6 11 127
6 11 189
6 11 60
6 11 6
6 11 162
6 11 90
6 11 23
6 11 127
6 11 31
6 11 93
6 11 13
6 11 30
6 11 195
6 11 139
6 11 115
6 11 118
6 11 112
6 11 55
6 11 189
6 11 93
6 11 194
6 11 46
6 11 141
6 11 40
6 11 46
6 11 138
6 11 175
7 12 57
7 12 92
7 12 164
7 12 86
7 12 72
7 12 44
7 12 142
7 12 198
7 12 66
7 12 165
7 12 64
7 12 89
7 12 191
7 12 171
7 12 65
7 12 134
7 12 155
7 12 91
7 12 132
7 12 162
7 12 129
7 12 177
7 12 190
7 12 38
7 12 185
7 12 158
7 12 10
7 12 123
7 12 81
7 12 110
7 12 193
7 12 70
7 12 119
7 12 177
7 12 142
7 12 118
7 12 82
7 12 152
7 12 154
7 12 168
7 12 35
7 12 41
7 12 64
7 12 59
7 12 3
7 12 188
7 12 40
7 12 4
7 12 124
7 12 90
8 13 158
8 13 25
8 13 122
8 13 45
8 13 119
8 13 86
8 13 31
8 13 17
8 13 98
8 13 150
8 13 188
8 13 75
8 13 102
8 13 133
8 13 159
8 13 130
8 13 72
8 13 179
8 13 36
8 13 146
8 13 173
8 13 47
8 13 76
8 13 60
8 13 110
8 13 193
8 13 67
8 13 90
8 13 172
8 13 44
8 13 135
8 13 41
8 13 64
8 13 70
8 13 63
8 13 4
8 13 197
8 13 117
8 13 13
8 13 60
8 13 183
8 13 184
8 13 186
8 13 142
8 13 145
8 13 106
8 13 78
9 14 167
9 14 53
9 14 2
9 14 108
9 14 168
9 14 78
9 14 102
9 14 157
9 14 114
9 14 22
9 14 157
9 14 119
9 14 92
9 14 98
9 14 137
9 14 53
9 14 72
9 14 55
9 14 74
9 14 71
9 14 52
9 14 13
9 14 110
9 14 65
9 14 72
9 14 35
9 14 52
9 14 136
9 14 191
9 14 110
9 14 25
9 14 165
9 14 26
9 14 87
9 14 87
9 14 102
9 14 54
9 14 58
9 14 156
9 14 184
9 14 101
9 14 111
9 14 75
9 14 194
9 14 59
9 14 127
9 14 52
10 15 82
10 15 70
10 15 166
10 15 21
10 15 38
10 15 106
10 15 20
10 15 43
10 15 160
10 15 105
10 15 189
10 15 13
10 15 191
10 15 195
10 15 122
10 15 126
10 15 147
10 15 162
10 15 163
10 15 192
10 15 3
10 15 144
10 15 8
10 15 78
10 15 122
10 15 74
10 15 41
10 15 131
10 15 175
10 15 171
10 15 105
10 15 139
10 15 161
10 15 60
10 15 81
10 15 111
10 15 51
10 15 9
10 15 74
10 15 54
10 15 84
10 15 137
10 15 144
10 15 193
10 15 130
10 15 171
10 15 118
10 15 124
10 15 103
10 15 118
11 16 117
11 16 12
11 16 81
11 16 172
11 16 37
11 16 107
11 16 157
11 16 124
11 16 165
11 16 65
11 16 161
11 16 129
11 16 131
11 16 25
11 16 108
11 16 175
11 16 53
11 16 29
11 16 175
11 16 85
11 16 45
11 16 163
11 16 150
11 16 180
11 16 1
11 16 92
11 16 97
11 16 142
11 16 187
11 16 190
11 16 189
11 16 69
11 16 83
11 16 109
11 16 37
11 16 186
11 16 45
11 16 170
11 16 2
11 16 173
11 16 148
11 16 178
11 16 49
11 16 99
11 16 70
11 16 59
11 16 158
11 16 100
11 16 59
11 16 125
11 16 140
11 16 42
11 16 51
11 16 106
11 16 18
11 16 56
11 16 100
11 16 89
11 16 118
11 16 133
11 16 52
11 16 83
11 16 43
11 16 171
12 17 189
12 17 169
12 17 137
12 17 83
12 17 177
12 17 82
12 17 98
12 17 21
12 17 35
12 17 177
12 17 14
12 17 181
12 17 60
12 17 19
12 17 29
12 17 5
12 17 85
12 17 186
12 17 69
12 17 154
12 17 177
12 17 14
12 17 31
12 17 23
12 17 68
12 17 149
12 17 179
12 17 45
12 17 136
12 17 142
12 17 167
12 17 188
12 17 171
12 17 83
13 18 195
13 18 94
13 18 146
13 18 14
13 18 7
13 18 28
13 18 135
13 18 52
13 18 79
13 18 152
13 18 145
13 18 194
13 18 59
13 18 5
13 18 114
13 18 62
13 18 176
13 18 127
13 18 77
13 18 34
13 18 156
13 18 180
13 18 130
13 18 185
13 18 144
13 18 139
13 18 18
13 18 183
13 18 77
13 18 78
13 18 154
13 18 172
13 18 32
13 18 33
13 18 81
13 18 156
13 18 146
13 18 89
13 18 151
13 18 155
13 18 136
13 18 11
13 18 138
13 18 141
13 18 84
13 18 31
13 18 185
13 18 68
13 18 173
13 18 120
13 18 142
14 19 120
14 19 123
14 19 71
14 19 3
14 19 35
14 19 102
14 19 152
14 19 69
14 19 65
14 19 84
14 19 87
14 19 42
14 19 80
14 19 34
14 19 120
14 19 106
14 19 125
14 19 48
14 19 26
14 19 159
14 19 155
14 19 44
14 19 110
14 19 61
14 19 157
14 19 4
14 19 113
14 19 185
14 19 114
14 19 46
14 19 7
14 19 65
14 19 153
14 19 143
14 19 4
14 19 63
14 19 75
14 19 63
14 19 136
14 19 157
14 19 134
14 19 135
15 20 19
15 20 153
15 20 19
15 20 172
15 20 109
15 20 42
15 20 107
15 20 71
15 20 64
15 20 66
15 20 89
15 20 104
15 20 140
15 20 58
15 20 129
15 20 136
15 20 146
15 20 152
15 20 17
15 20 51
15 20 170
15 20 116
15 20 136
15 20 13
15 20 146
15 20 176
15 20 126
15 20 27
15 20 78
15 20 189
15 20 108
15 20 102
15 20 118
15 20 13
15 20 97
15 20 45
15 20 63
15 20 149
15 20 96
15 20 115
15 20 100
15 20 110
15 20 146
16 21 155
16 21 189
16 21 153
16 21 114
16 21 108
16 21 18
16 21 99
16 21 200
16 21 81
16 21 87
16 21 94
16 21 43
16 21 16
16 21 103
16 21 142
16 21 123
16 21 120
16 21 72
16 21 169
16 21 81
16 21 2
16 21 74
16 21 117
16 21 57
16 21 115
16 21 42
16 21 149
16 21 83
16 21 55
16 21 68
16 21 103
16 21 116
16 21 77
16 21 151
16 21 82
16 21 75
16 21 64
16 21 160
16 21 70
16 21 158
16 21 58
16 21 156
16 21 5
16 21 107
16 21 46
17 22 48
17 22 47
17 22 151
17 22 178
17 22 165
17 22 193
17 22 57
17 22 49
17 22 192
17 22 95
17 22 148
17 22 137
17 22 43
17 22 79
17 22 33
17 22 180
17 22 54
17 22 31
17 22 106
17 22 8
17 22 35
17 22 34
17 22 2
17 22 125
17 22 7
17 22 200
17 22 5
17 22 20
17 22 186
17 22 102
17 22 132
17 22 85
17 22 113
17 22 160
17 22 24
17 22 75
17 22 107
17 22 28
17 22 164
17 22 99
17 22 102
17 22 66
17 22 36
17 22 6
17 22 31
18 23 153
18 23 190
18 23 85
18 23 139
18 23 153
18 23 78
18 23 14
18 23 83
18 23 48
18 23 172
18 23 65
18 23 189
18 23 5
18 23 150
18 23 17
18 23 11
18 23 22
18 23 97
18 23 60
18 23 89
18 23 171
18 23 193
18 23 125
18 23 69
18 23 34
18 23 133
18 23 31
18 23 39
18 23 61
18 23 159
18 23 140
18 23 185
18 23 74
18 23 72
18 23 60
18 23 72
18 23 70
18 23 60
18 23 43
18 23 83
18 23 13
18 23 163
18 23 108
18 23 146
18 23 120
18 23 101
18 23 198
18 23 174
18 23 150
18 23 121
18 23 100
18 23 188
18 23 162
18 23 193
18 23 173
18 23 133
18 23 53
18 23 39
19 24 76
19 24 22
19 24 126
19 24 106
19 24 100
19 24 174
19 24 90
19 24 23
19 24 138
19 24 150
19 24 54
19 24 175
19 24 120
19 24 124
19 24 84
19 24 3
19 24 110
19 24 2
19 24 133
19 24 10
19 24 179
19 24 100
19 24 110
19 24 92
19 24 107
19 24 175
19 24 140
19 24 86
19 24 137
19 24 142
19 24 110
19 24 115
19 24 173
19 24 18
19 24 199
19 24 89
19 24 18
19 24 151
19 24 52
19 24 132
19 24 101
19 24 142
19 24 97
19 24 110
19 24 192
19 24 171
20 25 58
20 25 2
20 25 22
20 25 20
20 25 17
20 25 167
20 25 183
20 25 160
20 25 38
20 25 192
20 25 10
20 25 187
20 25 140
20 25 147
20 25 112
20 25 34
20 25 165
20 25 107
20 25 3
20 25 168
20 25 57
20 25 109
20 25 177
20 25 101
20 25 5
20 25 73
20 25 157
20 25 5
20 25 128
20 25 195
20 25 21
20 25 91
20 25 175
20 25 175
20 25 176
20 25 122
20 25 21
20 25 71
20 25 89
20 25 59
20 25 102
20 25 50
20 25 135
20 25 127
20 25 57
21 26 71
21 26 173
21 26 186
21 26 156
21 26 166
21 26 91
21 26 70
21 26 44
21 26 41
21 26 122
21 26 11
21 26 135
21 26 112
21 26 33
21 26 162
21 26 158
21 26 89
21 26 140
21 26 100
21 26 56
21 26 36
21 26 7
21 26 115
21 26 183
21 26 133
21 26 122
21 26 43
21 26 53
21 26 146
21 26 173
21 26 170
21 26 100
21 26 165
21 26 77
21 26 92
21 26 8
21 26 112
21 26 44
21 26 44
21 26 147
21 26 103
21 26 3
21 26 162
21 26 59
21 26 119
21 26 10
21 26 104
21 26 28
21 26 140
22 27 159
22 27 86
22 27 54
22 27 86
22 27 38
22 27 175
22 27 136
22 27 180
22 27 169
22 27 59
22 27 57
22 27 105
22 27 89
22 27 114
22 27 117
22 27 98
22 27 67
22 27 134
22 27 191
22 27 143
22 27 20
22 27 136
22 27 168
22 27 160
22 27 103
22 27 182
22 27 138
22 27 164
22 27 14
22 27 169
22 27 38
22 27 67
22 27 97
22 27 200
22 27 180
22 27 183
22 27 107
22 27 142
22 27 93
22 27 59
22 27 170
22 27 1
22 27 53
22 27 190
22 27 68
22 27 105
22 27 54
22 27 87
23 28 46
23 28 188
23 28 154
23 28 29
23 28 111
23 28 53
23 28 55
23 28 145
23 28 67
23 28 121
23 28 23
23 28 84
23 28 129
23 28 157
23 28 126
23 28 134
23 28 1
23 28 109
23 28 151
23 28 160
23 28 192
23 28 159
23 28 111
23 28 166
23 28 39
23 28 158
23 28 114
23 28 6
23 28 83
23 28 143
23 28 157
23 28 97
23 28 108
23 28 48
23 28 199
23 28 112
23 28 93
23 28 116
23 28 132
23 28 36
23 28 128
23 28 63
23 28 134
23 28 84
23 28 18
23 28 182
23 28 68
23 28 38
23 28 41
23 28 44
23 28 192
24 29 39
24 29 87
24 29 154
24 29 101
24 29 57
24 29 126
24 29 10
24 29 127
24 29 74
24 29 183
24 29 121
24 29 163
24 29 128
24 29 118
24 29 87
24 29 83
24 29 160
24 29 194
24 29 117
24 29 9
24 29 54
24 29 183
24 29 178
24 29 127
24 29 130
24 29 151
24 29 94
24 29 97
24 29 103
24 29 165
24 29 77
24 29 36
24 29 92
24 29 102
24 29 25
24 29 95
24 29 29
24 29 89
24 29 127
24 29 161
24 29 139
24 29 25
24 29 177
24 29 143
24 29 14
24 29 32
24 29 45
24 29 105
24 29 154
24 29 178
24 29 174
24 29 53
24 29 57
24 29 30
24 29 136
24 29 129
25 30 159
25 30 88
25 30 149
25 30 50
25 30 103
25 30 166
25 30 194
25 30 145
25 30 61
25 30 16
25 30 125
25 30 136
25 30 117
25 30 116
25 30 116
25 30 2
25 30 98
25 30 3
25 30 107
25 30 105
25 30 181
25 30 77
25 30 97
25 30 19
25 30 75
25 30 57
25 30 177
25 30 165
25 30 18
25 30 12
25 30 118
25 30 24
25 30 65
25 30 59
25 30 125
25 30 43
25 30 133
25 30 80
25 30 42
25 30 65
25 30 113
25 30 45
25 30 133
25 30 98
25 30 119
25 30 110
25 30 67
25 30 84
25 30 129
25 30 71
25 30 10
25 30 70
25 30 185
26 31 49
26 31 91
26 31 37
26 31 2
26 31 179
26 31 134
26 31 88
26 31 47
26 31 191
26 31 183
26 31 186
26 31 124
26 31 135
26 31 196
26 31 172
26 31 170
26 31 40
26 31 182
26 31 171
26 31 168
26 31 36
26 31 192
26 31 165
26 31 63
26 31 56
26 31 95
26 31 196
26 31 43
26 31 13
26 31 117
26 31 40
26 31 129
26 31 33
26 31 15
26 31 166
26 31 58
26 31 181
26 31 42
26 31 184
26 31 169
26 31 12
26 31 89
26 31 100
26 31 107
27 32 195
27 32 61
27 32 3
27 32 161
27 32 139
27 32 86
27 32 127
27 32 177
27 32 3
27 32 54
27 32 79
27 32 70
27 32 84
27 32 162
27 32 110
27 32 1
27 32 60
27 32 65
27 32 119
27 32 87
27 32 166
27 32 95
27 32 117
27 32 159
27 32 70
27 32 24
27 32 181
27 32 93
27 32 134
27 32 191
27 32 56
27 32 116
27 32 122
27 32 160
27 32 26
27 32 34
27 32 102
27 32 32
27 32 35
27 32 166
27 32 135
27 32 125
27 32 21
27 32 178
27 32 24
27 32 122
27 32 193
27 32 87
27 32 162
27 32 147
28 33 49
28 33 189
28 33 38
28 33 185
28 33 63
28 33 121
28 33 112
28 33 148
28 33 96
28 33 192
28 33 144
28 33 79
28 33 71
28 33 42
28 33 140
28 33 62
28 33 124
28 33 89
28 33 79
28 33 106
28 33 53
28 33 168
28 33 58
28 33 3
28 33 10
28 33 60
28 33 26
28 33 79
28 33 21
28 33 157
28 33 87
28 33 59
28 33 134
28 33 46
28 33 138
28 33 147
28 33 119
28 33 185
28 33 193
28 33 51
28 33 133
28 33 128
29 34 96
29 34 96
29 34 48
29 34 46
29 34 175
29 34 153
29 34 146
29 34 174
29 34 4
29 34 36
29 34 21
29 34 194
29 34 126
29 34 52
29 34 164
29 34 123
29 34 115
29 34 131
29 34 53
29 34 40
29 34 59
29 34 55
29 34 31
29 34 73
29 34 160
29 34 96
29 34 8
29 34 145
29 34 119
29 34 118
29 34 140
29 34 78
29 34 125
29 34 104
29 34 117
29 34 187
29 34 104
29 34 25
29 34 50
29 34 160
29 34 161
29 34 44
29 34 139
29 34 163
29 34 183
29 34 137
29 34 46
30 35 130
30 35 193
30 35 125
30 35 57
30 35 132
30 35 23
30 35 195
30 35 102
30 35 56
30 35 61
30 35 24
30 35 49
30 35 145
30 35 43
30 35 183
30 35 184
30 35 105
30 35 166
30 35 113
30 35 39
30 35 182
30 35 50
30 35 10
30 35 3
30 35 154
30 35 168
30 35 47
30 35 141
30 35 184
30 35 117
30 35 82
30 35 102
30 35 185
30 35 102
30 35 26
30 35 94
30 35 4
30 35 22
30 35 92
30 35 90
30 35 10
30 35 94
30 35 101
30 35 132
30 35 100
30 35 14
30 35 190
30 35 88
30 35 169
30 35 53
30 35 122
30 35 194
30 35 177
30 35 10
30 35 165
30 35 115
30 35 140
30 35 8
30 35 89
31 36 176
31 36 120
31 36 183
31 36 97
31 36 141
31 36 77
31 36 58
31 36 22
31 36 183
31 36 85
31 36 33
31 36 11
31 36 60
31 36 36
31 36 9
31 36 192
31 36 112
31 36 138
31 36 132
31 36 49
31 36 31
31 36 191
31 36 192
31 36 120
31 36 185
31 36 193
31 36 198
31 36 13
31 36 65
31 36 74
31 36 173
31 36 67
31 36 171
31 36 118
31 36 22
31 36 60
31 36 118
31 36 24
31 36 31
31 36 166
31 36 164
31 36 163
31 36 88
31 36 144
31 36 200
31 36 194
31 36 33
31 36 41
32 37 161
32 37 39
32 37 105
32 37 152
32 37 107
32 37 7
32 37 162
32 37 78
32 37 169
32 37 150
32 37 167
32 37 173
32 37 198
32 37 180
32 37 63
32 37 78
32 37 92
32 37 89
32 37 52
32 37 32
32 37 124
32 37 158
32 37 137
32 37 54
32 37 84
32 37 112
32 37 123
32 37 146
32 37 176
32 37 127
32 37 39
32 37 88
32 37 33
32 37 160
32 37 3
32 37 5
32 37 50
32 37 22
32 37 197
32 37 166
32 37 128
32 37 99
32 37 149
32 37 108
32 37 113
32 37 166
33 38 137
33 38 116
33 38 58
33 38 170
33 38 65
33 38 155
33 38 179
33 38 24
33 38 61
33 38 168
33 38 3
33 38 119
33 38 141
33 38 39
33 38 125
33 38 113
33 38 25
33 38 57
33 38 27
33 38 39
33 38 8
33 38 168
33 38 7
33 38 34
33 38 191
33 38 24
33 38 110
33 38 44
33 38 2
33 38 182
33 38 61
33 38 21
33 38 129
33 38 30
33 38 29
33 38 183
33 38 158
33 38 65
33 38 40
33 38 192
33 38 151
33 38 194
33 38 65
33 38 89
33 38 165
34 39 6
34 39 95
34 39 67
34 39 157
34 39 65
34 39 28
34 39 157
34 39 62
34 39 125
34 39 180
34 39 18
34 39 85
34 39 102
34 39 54
34 39 8
34 39 152
34 39 47
34 39 185
34 39 158
34 39 160
34 39 141
34 39 164
34 39 19
34 39 69
34 39 132
34 39 61
34 39 141
34 39 66
34 39 79
34 39 111
34 39 34
34 39 63
34 39 143
34 39 169
34 39 15
34 39 44
34 39 76
34 39 88
34 39 49
34 39 183
34 39 192
34 39 14
34 39 81
34 39 11
34 39 71
34 39 17
34 39 34
34 39 6
34 39 183
34 39 162
34 39 65
34 39 180
34 39 162
34 39 128
34 39 136
34 39 163
34 39 192
34 39 6
34 39 69
34 39 148
34 39 199
34 39 143
34 39 164
34 39 184
34 39 153
35 40 153
35 40 45
35 40 40
35 40 180
35 40 123
35 40 169
35 40 28
35 40 30
35 40 92
35 40 71
35 40 153
35 40 160
35 40 82
35 40 13
35 40 147
35 40 105
35 40 162
35 40 153
35 40 95
35 40 181
35 40 65
35 40 188
35 40 178
35 40 175
35 40 73
35 40 146
35 40 159
35 40 91
35 40 77
35 40 42
35 40 70
35 40 100
35 40 52
35 40 120
35 40 153
35 40 85
35 40 82
35 40 196
35 40 85
35 40 193
35 40 144
35 40 23
35 40 192
35 40 188
35 40 20
35 40 138
35 40 150
35 40 107
35 40 92
35 40 140
36 41 190
36 41 77
36 41 44
36 41 179
36 41 64
36 41 58
36 41 161
36 41 197
36 41 144
36 41 181
36 41 92
36 41 29
36 41 160
36 41 98
36 41 154
36 41 145
36 41 113
36 41 30
36 41 15
36 41 20
36 41 49
36 41 133
36 41 162
36 41 113
36 41 37
36 41 42
36 41 141
36 41 69
36 41 182
36 41 5
36 41 39
36 41 108
36 41 18
36 41 101
36 41 193
36 41 158
36 41 127
36 41 133
36 41 154
36 41 167
36 41 191
36 41 195
36 41 78
36 41 105
36 41 124
36 41 96
36 41 4
36 41 34
36 41 110
36 41 117
36 41 22
36 41 48
36 41 26
36 41 52
36 41 86
36 41 147
36 41 63
36 41 90
37 42 24
37 42 87
37 42 104
37 42 64
37 42 15
37 42 76
37 42 67
37 42 53
37 42 152
37 42 121
37 42 189
37 42 36
37 42 46
37 42 96
37 42 11
37 42 52
37 42 180
37 42 120
37 42 9
37 42 130
37 42 93
37 42 127
37 42 142
37 42 170
37 42 108
37 42 125
37 42 24
37 42 73
37 42 158
37 42 140
37 42 50
37 42 35
37 42 5
37 42 180
37 42 123
37 42 47
37 42 145
37 42 60
37 42 31
37 42 137
37 42 46
37 42 175
37 42 140
37 42 98
37 42 95
37 42 119
37 42 87
37 42 115
37 42 72
37 42 117
37 42 54
37 42 189
37 42 51
37 42 22
37 42 136
37 42 164
37 42 82
38 43 58
38 43 161
38 43 183
38 43 192
38 43 36
38 43 89
38 43 79
38 43 166
38 43 98
38 43 79
38 43 158
38 43 106
38 43 151
38 43 188
38 43 190
38 43 192
38 43 86
38 43 88
38 43 182
38 43 14
38 43 8
38 43 88
38 43 38
38 43 83
38 43 84
38 43 26
38 43 159
38 43 19
38 43 87
38 43 145
38 43 174
38 43 124
38 43 42
38 43 19
38 43 39
38 43 64
38 43 181
38 43 168
38 43 106
38 43 121
38 43 27
38 43 124
38 43 88
38 43 87
38 43 75
38 43 38
38 43 18
39 44 65
39 44 43
39 44 41
39 44 21
39 44 165
39 44 16
39 44 115
39 44 162
39 44 96
39 44 30
39 44 30
39 44 11
39 44 29
39 44 143
39 44 84
39 44 87
39 44 199
39 44 67
39 44 156
39 44 199
39 44 160
39 44 93
39 44 3
39 44 80
39 44 36
39 44 109
39 44 28
39 44 195
39 44 57
39 44 147
39 44 6
39 44 27
39 44 105
39 44 11
39 44 117
39 44 149
39 44 105
39 44 64
39 44 86
39 44 124
39 44 64
39 44 128
39 44 159
39 44 197
39 44 141
39 44 199
39 44 68
39 44 49
39 44 4
39 44 23
40 45 28
40 45 55
40 45 166
40 45 120
40 45 130
40 45 22
40 45 138
40 45 146
40 45 59
40 45 74
40 45 182
40 45 44
40 45 23
40 45 76
40 45 135
40 45 1
40 45 70
40 45 29
40 45 49
40 45 86
40 45 42
40 45 38
40 45 25
40 45 89
40 45 184
40 45 161
40 45 73
40 45 36
40 45 80
40 45 13
40 45 171
40 45 13
40 45 135
40 45 168
40 45 129
40 45 169
40 45 6
40 45 50
40 45 183
40 45 98
40 45 72
40 45 11
40 45 110
40 45 54
40 45 122
40 45 178
40 45 86
40 45 34
40 45 150
40 45 21
40 45 157
41 46 16
41 46 194
41 46 191
41 46 169
41 46 103
41 46 45
41 46 26
41 46 16
41 46 54
41 46 31
41 46 12
41 46 124
41 46 41
41 46 124
41 46 72
41 46 58
41 46 79
41 46 162
41 46 46
41 46 31
41 46 170
41 46 200
41 46 33
41 46 89
41 46 21
41 46 130
41 46 50
41 46 71
41 46 162
41 46 119
41 46 87
41 46 195
41 46 78
41 46 149
41 46 64
41 46 175
41 46 148
41 46 170
41 46 88
41 46 13
41 46 171
41 46 145
41 46 35
41 46 145
41 46 28
41 46 114
41 46 176
41 46 52
41 46 72
41 46 102
41 46 107
41 46 170
42 47 58
42 47 29
42 47 107
42 47 77
42 47 1
42 47 188
42 47 67
42 47 86
42 47 6
42 47 12
42 47 196
42 47 128
42 47 196
42 47 141
42 47 181
42 47 69
42 47 62
42 47 62
42 47 159
42 47 146
42 47 23
42 47 40
42 47 170
42 47 154
42 47 117
42 47 148
42 47 134
42 47 60
42 47 159
42 47 114
42 47 55
42 47 118
42 47 63
42 47 77
42 47 40
42 47 131
42 47 142
42 47 146
42 47 13
42 47 1
42 47 30
42 47 78
43 48 116
43 48 142
43 48 73
43 48 3
43 48 179
43 48 192
43 48 87
43 48 37
43 48 108
43 48 2
43 48 76
43 48 68
43 48 89
43 48 33
43 48 158
43 48 21
43 48 174
43 48 8
43 48 91
43 48 146
43 48 178
43 48 2
43 48 148
43 48 164
43 48 165
43 48 25
43 48 89
43 48 94
43 48 49
43 48 31
43 48 106
43 48 101
43 48 176
43 48 143
43 48 128
43 48 125
43 48 13
43 48 48
43 48 112
43 48 132
43 48 84
43 48 130
43 48 160
43 48 113
43 48 165
43 48 137
43 48 197
43 48 51
43 48 22
43 48 107
43 48 115
43 48 151
43 48 107
43 48 33
43 48 112
43 48 61
43 48 163
44 49 78
44 49 5
44 49 45
44 49 142
44 49 156
44 49 169
44 49 184
44 49 106
44 49 13
44 49 171
44 49 62
44 49 102
44 49 87
44 49 159
44 49 94
44 49 24
44 49 162
44 49 45
44 49 117
44 49 84
44 49 200
44 49 45
44 49 85
44 49 107
44 49 197
44 49 165
44 49 178
44 49 7
44 49 153
44 49 53
44 49 121
44 49 87
44 49 76
44 49 161
44 49 89
44 49 110
44 49 72
44 49 181
44 49 159
44 49 137
44 49 181
44 49 151
44 49 189
44 49 168
44 49 196
44 49 33
44 49 148
44 49 5
44 49 1
44 49 157
44 49 200
44 49 55
44 49 103
45 50 57
45 50 95
45 50 68
45 50 5
45 50 156
45 50 57
45 50 154
45 50 159
45 50 5
45 50 26
45 50 158
45 50 85
45 50 174
45 50 152
45 50 69
45 50 151
45 50 179
45 50 39
45 50 42
45 50 168
45 50 25
45 50 52
45 50 26
45 50 45
45 50 152
45 50 18
45 50 15
45 50 53
45 50 159
45 50 185
45 50 171
45 50 168
45 50 47
45 50 163
45 50 73
45 50 198
45 50 192
45 50 144
45 50 111
45 50 142
45 50 26
45 50 116
45 50 46
45 50 180
45 50 59
45 50 51
45 50 18
45 50 39
45 50 147
45 50 48
45 50 17
45 50 22
45 50 15
45 50 194
45 50 45
45 50 39
46 51 188
46 51 171
46 51 197
46 51 170
46 51 129
46 51 152
46 51 11
46 51 16
46 51 180
46 51 191
46 51 23
46 51 183
46 51 200
46 51 167
46 51 96
46 51 191
46 51 75
46 51 150
46 51 56
46 51 20
46 51 86
46 51 26
46 51 40
46 51 93
46 51 107
46 51 189
46 51 54
46 51 131
46 51 56
46 51 157
46 51 90
46 51 107
46 51 3
46 51 124
46 51 134
46 51 129
46 51 58
46 51 59
46 51 191
46 51 42
46 51 138
46 51 55
46 51 69
46 51 180
46 51 189
46 51 31
47 52 21
47 52 76
47 52 34
47 52 30
47 52 15
47 52 134
47 52 41
47 52 40
47 52 169
47 52 120
47 52 83
47 52 42
47 52 111
47 52 2
47 52 98
47 52 60
47 52 128
47 52 158
47 52 68
47 52 174
47 52 8
47 52 40
47 52 1
47 52 73
47 52 59
47 52 25
47 52 86
47 52 104
47 52 140
47 52 185
47 52 145
47 52 10
47 52 167
47 52 40
47 52 80
47 52 142
47 52 75
47 52 148
47 52 182
47 52 36
47 52 79
47 52 100
47 52 62
47 52 147
47 52 153
47 52 37
47 52 93
47 52 48
47 52 38
47 52 177
47 52 29
47 52 48
47 52 81
47 52 89
47 52 18
47 52 6
47 52 13
47 52 43
48 53 60
48 53 91
48 53 115
48 53 161
48 53 100
48 53 93
48 53 147
48 53 129
48 53 93
48 53 132
48 53 14
48 53 35
48 53 134
48 53 96
48 53 94
48 53 155
48 53 67
48 53 97
48 53 33
48 53 53
48 53 61
48 53 153
48 53 97
48 53 90
48 53 41
48 53 109
48 53 62
48 53 174
48 53 41
48 53 29
48 53 32
48 53 100
48 53 120
48 53 164
48 53 99
48 53 183
48 53 64
48 53 121
48 53 171
48 53 86
48 53 185
49 54 99
49 54 132
49 54 6
49 54 14
49 54 85
49 54 166
49 54 173
49 54 145
49 54 34
49 54 58
49 54 41
49 54 158
49 54 58
49 54 9
49 54 137
49 54 115
49 54 153
49 54 163
49 54 32
49 54 154
49 54 182
49 54 175
49 54 72
49 54 43
49 54 22
49 54 83
49 54 175
49 54 136
49 54 173
49 54 106
49 54 94
49 54 15
49 54 2
49 54 160
49 54 78
49 54 185
49 54 175
49 54 44
49 54 199
49 54 200
49 54 60
49 54 116
49 54 59
49 54 194
49 54 31
49 54 99
50 55 22
50 55 125
50 55 44
50 55 110
50 55 180
50 55 167
50 55 101
50 55 125
50 55 35
50 55 105
50 55 160
50 55 70
50 55 21
50 55 108
50 55 113
50 55 196
50 55 89
50 55 75
50 55 13
50 55 116
50 55 83
50 55 13
50 55 164
50 55 102
50 55 124
50 55 105
50 55 85
50 55 115
50 55 10
50 55 15
50 55 171
50 55 142
50 55 121
50 55 191
50 55 64
50 55 150
50 55 25
50 55 49
50 55 33
50 55 44
50 55 153
50 55 106
50 55 22
50 55 42
50 55 147
50 55 63
50 55 54
50 55 195
50 55 95
50 55 92
50 55 172
50 55 198
50 55 94
50 55 166
50 55 100
50 55 159
51 56 122
51 56 199
51 56 21
51 56 48
51 56 77
51 56 64
51 56 43
51 56 141
51 56 10
51 56 81
51 56 159
51 56 122
51 56 50
51 56 169
51 56 141
51 56 163
51 56 15
51 56 9
51 56 132
51 56 190
51 56 72
51 56 45
51 56 138
51 56 84
51 56 174
51 56 168
51 56 74
51 56 120
51 56 26
51 56 89
51 56 19
51 56 84
51 56 91
51 56 30
51 56 124
51 56 28
51 56 111
51 56 23
51 56 161
51 56 168
51 56 46
51 56 107
51 56 43
51 56 37
51 56 177
51 56 155
51 56 129
51 56 196
51 56 68
52 57 78
52 57 76
52 57 107
52 57 172
52 57 113
52 57 130
52 57 166
52 57 63
52 57 102
52 57 157
52 57 157
52 57 8
52 57 119
52 57 196
52 57 96
52 57 194
52 57 45
52 57 110
52 57 193
52 57 110
52 57 181
52 57 1
52 57 198
52 57 164
52 57 96
52 57 125
52 57 7
52 57 138
52 57 42
52 57 103
52 57 54
52 57 128
52 57 119
52 57 114
52 57 178
52 57 161
52 57 129
52 57 171
52 57 60
52 57 101
52 57 30
52 57 63
52 57 171
52 57 133
52 57 28
52 57 133
52 57 139
52 57 70
52 57 159
52 57 159
52 57 171
52 57 137
52 57 82
52 57 68
52 57 90
52 57 141
52 57 127
52 57 155
52 57 136
53 58 139
53 58 87
53 58 150
53 58 112
53 58 74
53 58 111
53 58 116
53 58 31
53 58 197
53 58 7
53 58 86
53 58 115
53 58 139
53 58 39
53 58 200
53 58 75
53 58 3
53 58 5
53 58 7
53 58 26
53 58 169
53 58 191
53 58 77
53 58 152
53 58 71
53 58 172
53 58 64
53 58 124
53 58 35
53 58 163
53 58 28
53 58 73
53 58 118
53 58 191
53 58 123
53 58 30
53 58 92
53 58 107
54 59 67
54 59 113
54 59 139
54 59 30
54 59 69
54 59 70
54 59 101
54 59 41
54 59 25
54 59 130
54 59 109
54 59 81
54 59 17
54 59 95
54 59 26
54 59 130
54 59 52
54 59 63
54 59 58
54 59 6
54 59 101
54 59 108
54 59 172
54 59 33
54 59 99
54 59 89
54 59 131
54 59 104
54 59 92
54 59 23
54 59 128
54 59 76
54 59 109
54 59 189
54 59 186
54 59 134
54 59 78
54 59 114
54 59 200
54 59 55
54 59 146
54 59 84
54 59 172
54 59 21
54 59 195
54 59 189
54 59 87
54 59 89
54 59 135
54 59 186
54 59 53
55 60 73
55 60 87
55 60 125
55 60 131
55 60 107
55 60 2
55 60 193
55 60 120
55 60 100
55 60 188
55 60 147
55 60 66
55 60 67
55 60 151
55 60 169
55 60 193
55 60 55
55 60 19
55 60 101
55 60 172
55 60 92
55 60 150
55 60 136
55 60 138
55 60 12
55 60 182
55 60 51
55 60 103
55 60 82
55 60 139
55 60 33
55 60 67
55 60 123
55 60 184
55 60 28
55 60 109
55 60 94
55 60 185
55 60 199
55 60 150
55 60 112
55 60 49
56 61 194
56 61 68
56 61 90
56 61 168
56 61 86
56 61 85
56 61 61
56 61 176
56 61 52
56 61 191
56 61 26
56 61 71
56 61 171
56 61 26
56 61 120
56 61 137
56 61 143
56 61 99
56 61 146
56 61 2
56 61 119
56 61 44
56 61 5
56 61 157
56 61 9
56 61 4
56 61 30
56 61 160
56 61 72
56 61 54
56 61 117
56 61 182
56 61 19
56 61 1
56 61 174
56 61 21
56 61 167
56 61 179
56 61 200
56 61 90
56 61 51
56 61 165
56 61 190
56 61 6
56 61 78
56 61 163
56 61 89
56 61 90
56 61 193
56 61 6
56 61 54
56 61 191
56 61 34
56 61 128
56 61 125
56 61 132
56 61 121
57 62 158
57 62 131
57 62 18
57 62 51
57 62 78
57 62 134
57 62 1
57 62 23
57 62 63
57 62 36
57 62 122
57 62 45
57 62 74
57 62 52
57 62 170
57 62 175
57 62 17
57 62 180
57 62 129
57 62 5
57 62 40
57 62 94
57 62 142
57 62 98
57 62 139
57 62 170
57 62 63
57 62 19
57 62 100
57 62 37
57 62 56
57 62 171
57 62 54
57 62 92
57 62 70
57 62 200
57 62 157
57 62 179
57 62 85
57 62 57
57 62 139
57 62 4
57 62 69
57 62 34
57 62 48
57 62 145
57 62 55
57 62 188
57 62 67
57 62 34
58 63 16
58 63 158
58 63 18
58 63 32
58 63 52
58 63 68
58 63 199
58 63 186
58 63 117
58 63 142
58 63 83
58 63 158
58 63 8
58 63 159
58 63 107
58 63 38
58 63 26
58 63 149
58 63 19
58 63 160
58 63 190
58 63 52
58 63 53
58 63 67
58 63 91
58 63 80
58 63 49
58 63 169
58 63 103
58 63 4
58 63 165
58 63 105
58 63 200
58 63 74
58 63 113
58 63 23
58 63 198
58 63 67
58 63 147
58 63 182
58 63 30
58 63 89
58 63 171
58 63 95
58 63 198
58 63 4
58 63 127
58 63 86
58 63 131
58 63 13
58 63 115
58 63 48
59 64 135
59 64 30
59 64 132
59 64 88
59 64 162
59 64 112
59 64 82
59 64 16
59 64 52
59 64 186
59 64 159
59 64 148
59 64 6
59 64 8
59 64 6
59 64 27
59 64 135
59 64 145
59 64 188
59 64 109
59 64 25
59 64 157
59 64 176
59 64 161
59 64 4
59 64 172
59 64 192
59 64 36
59 64 189
59 64 177
59 64 62
59 64 170
59 64 124
59 64 37
59 64 55
59 64 185
59 64 192
59 64 16
59 64 175
59 64 53
59 64 160
59 64 94
59 64 37
59 64 194
59 64 81
59 64 135
59 64 130
59 64 36
60 65 145
60 65 104
60 65 174
60 65 110
60 65 12
60 65 44
60 65 175
60 65 24
60 65 187
60 65 142
60 65 58
60 65 164
60 65 130
60 65 181
60 65 75
60 65 107
60 65 47
60 65 151
60 65 5
60 65 173
60 65 63
60 65 49
60 65 37
60 65 107
60 65 62
60 65 5
60 65 134
60 65 50
60 65 178
60 65 118
60 65 85
60 65 146
60 65 59
60 65 1
60 65 52
60 65 79
60 65 187
60 65 118
60 65 147
60 65 9
60 65 123
60 65 19
60 65 200
60 65 109
60 65 153
61 66 99
61 66 171
61 66 184
61 66 1
61 66 98
61 66 97
61 66 45
61 66 118
61 66 97
61 66 5
61 66 128
61 66 37
61 66 109
61 66 157
61 66 177
61 66 10
61 66 67
61 66 146
61 66 71
61 66 196
61 66 82
61 66 52
61 66 17
61 66 79
61 66 147
61 66 186
61 66 117
61 66 167
61 66 178
61 66 125
61 66 23
61 66 125
61 66 153
61 66 140
61 66 184
61 66 54
61 66 112
61 66 53
61 66 48
61 66 165
61 66 96
61 66 118
61 66 54
61 66 197
61 66 7
61 66 1
61 66 133
61 66 151
61 66 59
61 66 62
61 66 155
61 66 69
62 67 103
62 67 83
62 67 48
62 67 121
62 67 43
62 67 176
62 67 37
62 67 71
62 67 59
62 67 97
62 67 116
62 67 65
62 67 20
62 67 143
62 67 118
62 67 99
62 67 200
62 67 93
62 67 116
62 67 171
62 67 77
62 67 173
62 67 109
62 67 89
62 67 164
62 67 64
62 67 140
62 67 78
62 67 63
62 67 96
62 67 17
62 67 190
62 67 195
62 67 144
62 67 93
62 67 66
62 67 41
62 67 22
62 67 16
62 67 75
62 67 186
62 67 124
62 67 76
62 67 173
62 67 77
62 67 152
62 67 137
62 67 92
62 67 192
62 67 178
62 67 140
62 67 182
63 68 140
63 68 145
63 68 172
63 68 90
63 68 162
63 68 184
63 68 23
63 68 94
63 68 95
63 68 7
63 68 33
63 68 87
63 68 46
63 68 81
63 68 121
63 68 153
63 68 199
63 68 24
63 68 63
63 68 199
63 68 19
63 68 4
63 68 198
63 68 54
63 68 69
63 68 38
63 68 168
63 68 37
63 68 70
63 68 162
63 68 143
63 68 187
63 68 165
63 68 128
63 68 92
63 68 77
63 68 115
63 68 170
63 68 68
63 68 139
63 68 73
63 68 149
63 68 116
63 68 52
63 68 3
63 68 137
63 68 49
63 68 196
64 69 88
64 69 137
64 69 165
64 69 11
64 69 102
64 69 77
64 69 113
64 69 157
64 69 142
64 69 155
64 69 46
64 69 95
64 69 159
64 69 153
64 69 194
64 69 25
64 69 124
64 69 16
64 69 32
64 69 92
64 69 98
64 69 71
64 69 36
64 69 169
64 69 75
64 69 25
64 69 40
64 69 137
64 69 190
64 69 2
64 69 67
64 69 75
64 69 66
64 69 43
64 69 66
64 69 120
64 69 181
64 69 95
64 69 65
64 69 93
64 69 164
64 69 157
64 69 172
64 69 113
64 69 103
64 69 164
64 69 61
64 69 77
64 69 177
64 69 182
64 69 41
64 69 47
64 69 101
64 69 65
64 69 115
64 69 13
64 69 42
64 69 27
64 69 116
64 69 155
64 69 17
65 70 3
65 70 41
65 70 118
65 70 20
65 70 23
65 70 5
65 70 34
65 70 2
65 70 179
65 70 176
65 70 97
65 70 141
65 70 162
65 70 115
65 70 62
65 70 119
65 70 37
65 70 124
65 70 179
65 70 146
65 70 29
65 70 35
65 70 6
65 70 11
65 70 90
65 70 38
65 70 166
65 70 86
65 70 133
65 70 71
65 70 43
65 70 66
65 70 78
65 70 190
65 70 44
65 70 79
65 70 36
65 70 152
65 70 183
65 70 162
65 70 126
65 70 174
65 70 192
65 70 8
65 70 3
65 70 128
65 70 150
65 70 173
65 70 108
65 70 70
66 71 52
66 71 126
66 71 18
66 71 163
66 71 16
66 71 33
66 71 22
66 71 166
66 71 34
66 71 180
66 71 3
66 71 77
66 71 123
66 71 192
66 71 49
66 71 77
66 71 84
66 71 160
66 71 48
66 71 95
66 71 186
66 71 142
66 71 117
66 71 187
66 71 39
66 71 113
66 71 86
66 71 68
66 71 116
66 71 112
66 71 80
66 71 60
66 71 109
66 71 113
66 71 129
66 71 112
66 71 140
66 71 163
66 71 30
66 71 28
66 71 40
66 71 8
66 71 168
66 71 74
66 71 122
66 71 123
66 71 18
66 71 33
66 71 187
66 71 87
66 71 135
66 71 155
67 72 11
67 72 107
67 72 118
67 72 191
67 72 68
67 72 56
67 72 122
67 72 57
67 72 16
67 72 197
67 72 60
67 72 69
67 72 45
67 72 54
67 72 140
67 72 43
67 72 159
67 72 132
67 72 101
67 72 1
67 72 97
67 72 104
67 72 111
67 72 134
67 72 105
67 72 86
67 72 16
67 72 99
67 72 73
67 72 85
67 72 159
67 72 164
67 72 55
67 72 57
67 72 196
67 72 181
67 72 177
67 72 165
67 72 55
67 72 105
67 72 56
67 72 181
67 72 91
67 72 133
67 72 170
67 72 113
67 72 96
67 72 70
67 72 164
67 72 127
67 72 93
68 73 134
68 73 5
68 73 24
68 73 200
68 73 95
68 73 29
68 73 43
68 73 153
68 73 64
68 73 69
68 73 101
68 73 171
68 73 88
68 73 30
68 73 165
68 73 34
68 73 148
68 73 151
68 73 56
68 73 54
68 73 183
68 73 87
68 73 64
68 73 19
68 73 20
68 73 8
68 73 158
68 73 81
68 73 184
68 73 163
68 73 97
68 73 163
68 73 1
68 73 74
68 73 160
68 73 56
68 73 81
68 73 42
68 73 118
68 73 146
68 73 35
68 73 145
68 73 166
68 73 19
68 73 102
68 73 118
68 73 96
68 73 124
68 73 10
68 73 136
68 73 145
68 73 45
68 73 146
68 73 111
68 73 42
68 73 12
68 73 119
68 73 195
69 74 88
69 74 15
69 74 11
69 74 9
69 74 72
69 74 166
69 74 60
69 74 105
69 74 17
69 74 82
69 74 76
69 74 199
69 74 5
69 74 21
69 74 22
69 74 155
69 74 89
69 74 45
69 74 31
69 74 94
69 74 14
69 74 35
69 74 66
69 74 44
69 74 115
69 74 151
69 74 72
69 74 112
69 74 32
69 74 102
69 74 83
69 74 121
70 75 113
70 75 148
70 75 164
70 75 1
70 75 10
70 75 200
70 75 46
70 75 73
70 75 19
70 75 46
70 75 138
70 75 63
70 75 81
70 75 83
70 75 171
70 75 80
70 75 127
70 75 24
70 75 50
70 75 68
70 75 61
70 75 69
70 75 66
70 75 48
70 75 136
70 75 191
70 75 121
70 75 168
70 75 16
70 75 132
70 75 15
70 75 199
70 75 21
70 75 33
70 75 100
70 75 62
70 75 88
70 75 122
70 75 138
70 75 117
70 75 139
70 75 5
70 75 58
70 75 81
70 75 130
70 75 88
70 75 90
70 75 34
71 76 171
71 76 14
71 76 170
71 76 19
71 76 113
71 76 50
71 76 70
71 76 129
71 76 181
71 76 46
71 76 164
71 76 74
71 76 138
71 76 14
71 76 64
71 76 38
71 76 1
71 76 133
71 76 141
71 76 94
71 76 154
71 76 22
71 76 127
71 76 141
71 76 134
71 76 89
71 76 171
71 76 81
71 76 94
71 76 106
71 76 127
71 76 36
71 76 150
71 76 97
71 76 160
71 76 95
71 76 127
71 76 106
71 76 152
71 76 17
71 76 157
71 76 114
71 76 199
71 76 9
71 76 92
71 76 11
71 76 99
71 76 91
72 77 143
72 77 138
72 77 108
72 77 9
72 77 42
72 77 86
72 77 89
72 77 39
72 77 58
72 77 153
72 77 133
72 77 78
72 77 28
72 77 23
72 77 159
72 77 47
72 77 67
72 77 109
72 77 88
72 77 194
72 77 93
72 77 70
72 77 112
72 77 23
72 77 112
72 77 2
72 77 65
72 77 70
72 77 110
72 77 121
72 77 46
72 77 130
72 77 23
72 77 198
72 77 44
72 77 12
72 77 78
72 77 159
72 77 155
72 77 150
72 77 151
72 77 198
72 77 121
73 78 108
73 78 178
73 78 133
73 78 64
73 78 55
73 78 52
73 78 45
73 78 177
73 78 40
73 78 6
73 78 3
73 78 122
73 78 77
73 78 85
73 78 193
73 78 174
73 78 176
73 78 133
73 78 74
73 78 8
73 78 25
73 78 7
73 78 160
73 78 95
73 78 81
73 78 140
73 78 48
73 78 143
73 78 130
73 78 166
73 78 192
73 78 116
73 78 99
73 78 28
73 78 11
73 78 25
73 78 169
73 78 115
73 78 176
73 78 148
73 78 96
73 78 87
73 78 64
73 78 160
73 78 29
73 78 51
73 78 191
73 78 3
73 78 181
73 78 149
73 78 182
74 79 47
74 79 151
74 79 90
74 79 196
74 79 173
74 79 15
74 79 62
74 79 1
74 79 49
74 79 93
74 79 162
74 79 177
74 79 72
74 79 146
74 79 180
74 79 55
74 79 96
74 79 119
74 79 28
74 79 136
74 79 27
74 79 82
74 79 110
74 79 61
74 79 89
74 79 73
74 79 144
74 79 89
74 79 199
74 79 42
74 79 169
74 79 179
74 79 197
74 79 135
74 79 41
74 79 180
74 79 18
74 79 131
74 79 139
74 79 87
74 79 190
74 79 8
74 79 8
74 79 122
74 79 153
74 79 199
75 80 104
75 80 65
75 80 148
75 80 69
75 80 105
75 80 199
75 80 101
75 80 141
75 80 105
75 80 175
75 80 124
75 80 144
75 80 54
75 80 50
75 80 157
75 80 55
75 80 174
75 80 128
75 80 120
75 80 23
75 80 161
75 80 116
75 80 107
75 80 96
75 80 194
75 80 191
75 80 132
75 80 81
75 80 32
75 80 110
75 80 2
75 80 156
75 80 155
75 80 77
75 80 28
75 80 191
75 80 59
75 80 187
75 80 128
75 80 6
75 80 102
75 80 191
75 80 140
75 80 31
75 80 99
75 80 72
75 80 66
75 80 87
75 80 79
75 80 26
75 80 162
75 80 166
75 80 73
75 80 129
75 80 117
76 81 115
76 81 90
76 81 176
76 81 28
76 81 159
76 81 91
76 81 121
76 81 198
76 81 175
76 81 82
76 81 195
76 81 153
76 81 57
76 81 179
76 81 148
76 81 3
76 81 42
76 81 200
76 81 125
76 81 86
76 81 110
76 81 143
76 81 161
76 81 111
76 81 120
76 81 147
76 81 52
76 81 136
76 81 151
76 81 19
76 81 43
76 81 108
76 81 76
76 81 82
76 81 79
76 81 155
76 81 158
76 81 79
76 81 8
76 81 9
76 81 114
76 81 196
76 81 45
76 81 174
76 81 8
76 81 124
76 81 48
76 81 115
76 81 72
76 81 51
76 81 68
76 81 104
76 81 51
76 81 196
76 81 38
76 81 167
76 81 114
76 81 189
76 81 128
76 81 154
77 82 138
77 82 98
77 82 126
77 82 13
77 82 122
77 82 73
77 82 189
77 82 179
77 82 101
77 82 97
77 82 54
77 82 115
77 82 98
77 82 161
77 82 51
77 82 181
77 82 118
77 82 63
77 82 175
77 82 49
77 82 182
77 82 60
77 82 185
77 82 34
77 82 152
77 82 138
77 82 113
77 82 77
77 82 37
77 82 198
77 82 30
77 82 190
77 82 134
77 82 148
77 82 68
77 82 182
77 82 41
77 82 53
77 82 102
77 82 179
77 82 6
77 82 95
77 82 94
77 82 68
77 82 87
77 82 54
77 82 80
77 82 73
77 82 109
77 82 31
77 82 57
77 82 135
77 82 21
77 82 185
77 82 149
77 82 137
78 83 119
78 83 34
78 83 43
78 83 120
78 83 124
78 83 91
78 83 73
78 83 198
78 83 35
78 83 75
78 83 102
78 83 45
78 83 183
78 83 93
78 83 32
78 83 42
78 83 168
78 83 74
78 83 109
78 83 182
78 83 148
78 83 22
78 83 16
78 83 188
78 83 15
78 83 79
78 83 190
78 83 185
78 83 18
78 83 60
78 83 159
78 83 40
78 83 53
78 83 40
78 83 37
78 83 173
78 83 158
78 83 6
78 83 48
78 83 87
78 83 109
78 83 73
78 83 76
78 83 82
78 83 74
78 83 143
78 83 144
78 83 112
78 83 39
78 83 170
78 83 166
78 83 103
78 83 4
78 83 10
78 83 53
78 83 117
78 83 158
78 83 48
78 83 34
79 84 105
79 84 160
79 84 186
79 84 173
79 84 44
79 84 50
79 84 55
79 84 152
79 84 38
79 84 166
79 84 51
79 84 129
79 84 189
79 84 102
79 84 33
79 84 53
79 84 9
79 84 157
79 84 76
79 84 186
79 84 17
79 84 152
79 84 82
79 84 135
79 84 3
79 84 161
79 84 74
79 84 112
79 84 91
79 84 140
79 84 105
79 84 90
79 84 151
79 84 52
79 84 102
79 84 155
79 84 60
79 84 35
79 84 37
79 84 14
80 85 198
80 85 193
80 85 108
80 85 153
80 85 79
80 85 65
80 85 133
80 85 108
80 85 124
80 85 52
80 85 182
80 85 61
80 85 5
80 85 179
80 85 169
80 85 199
80 85 22
80 85 139
80 85 93
80 85 107
80 85 8
80 85 35
80 85 67
80 85 16
80 85 147
80 85 161
80 85 58
80 85 58
80 85 92
80 85 119
80 85 137
80 85 40
80 85 141
80 85 142
80 85 48
80 85 74
80 85 184
80 85 74
80 85 104
80 85 96
81 86 165
81 86 79
81 86 101
81 86 13
81 86 70
81 86 158
81 86 9
81 86 97
81 86 154
81 86 197
81 86 84
81 86 46
81 86 98
81 86 134
81 86 120
81 86 188
81 86 26
81 86 71
81 86 60
81 86 65
81 86 35
81 86 70
81 86 100
81 86 3
81 86 173
81 86 197
81 86 146
81 86 27
81 86 183
81 86 75
81 86 174
81 86 110
81 86 88
81 86 90
81 86 41
81 86 72
81 86 183
82 87 190
82 87 122
82 87 193
82 87 95
82 87 23
82 87 47
82 87 144
82 87 94
82 87 18
82 87 69
82 87 191
82 87 171
82 87 75
82 87 171
82 87 160
82 87 36
82 87 60
82 87 189
82 87 106
82 87 71
82 87 59
82 87 12
82 87 82
82 87 141
82 87 37
82 87 61
82 87 49
82 87 104
82 87 90
82 87 137
82 87 68
82 87 62
82 87 128
82 87 79
82 87 16
82 87 195
82 87 68
82 87 199
82 87 76
82 87 75
82 87 184
82 87 162
82 87 188
82 87 85
82 87 9
82 87 56
82 87 107
82 87 23
82 87 116
82 87 144
83 88 6
83 88 120
83 88 171
83 88 71
83 88 4
83 88 85
83 88 127
83 88 199
83 88 108
83 88 190
83 88 52
83 88 163
83 88 65
83 88 183
83 88 22
83 88 154
83 88 4
83 88 131
83 88 141
83 88 74
83 88 168
83 88 29
83 88 49
83 88 137
83 88 57
83 88 3
83 88 66
83 88 116
83 88 197
83 88 171
83 88 153
83 88 4
83 88 123
83 88 118
83 88 3
83 88 25
83 88 6
83 88 102
83 88 42
83 88 33
83 88 8
83 88 106
83 88 115
83 88 52
84 89 143
84 89 64
84 89 74
84 89 15
84 89 121
84 89 170
84 89 39
84 89 41
84 89 187
84 89 45
84 89 93
84 89 52
84 89 109
84 89 83
84 89 172
84 89 134
84 89 126
84 89 109
84 89 118
84 89 30
84 89 17
84 89 46
84 89 87
84 89 169
84 89 1
84 89 64
84 89 100
84 89 98
84 89 126
84 89 121
84 89 98
84 89 55
84 89 137
84 89 165
84 89 40
84 89 145
84 89 180
84 89 7
84 89 85
84 89 146
84 89 12
84 89 77
85 90 57
85 90 109
85 90 190
85 90 37
85 90 150
85 90 1
85 90 112
85 90 172
85 90 70
85 90 52
85 90 190
85 90 71
85 90 83
85 90 160
85 90 18
85 90 178
85 90 94
85 90 154
85 90 166
85 90 177
85 90 180
85 90 50
85 90 83
85 90 116
85 90 196
85 90 194
85 90 95
85 90 192
85 90 71
85 90 156
85 90 147
85 90 162
85 90 47
85 90 162
85 90 68
85 90 52
85 90 178
85 90 97
85 90 79
85 90 194
85 90 104
85 90 61
85 90 146
85 90 21
85 90 136
85 90 83
85 90 3
85 90 5
85 90 109
85 90 17
85 90 125
85 90 33
85 90 88
85 90 17
85 90 178
85 90 85
85 90 115
85 90 34
86 91 176
86 91 80
86 91 145
86 91 54
86 91 36
86 91 124
86 91 159
86 91 22
86 91 174
86 91 21
86 91 148
86 91 100
86 91 117
86 91 36
86 91 28
86 91 77
86 91 171
86 91 158
86 91 125
86 91 104
86 91 107
86 91 20
86 91 78
86 91 143
86 91 199
86 91 75
86 91 192
86 91 54
86 91 158
86 91 178
86 91 67
86 91 81
86 91 125
86 91 164
86 91 6
86 91 98
86 91 149
86 91 122
86 91 109
86 91 15
86 91 194
86 91 185
86 91 138
86 91 157
86 91 24
86 91 41
86 91 86
86 91 85
86 91 44
86 91 111
86 91 71
86 91 72
86 91 136
86 91 127
87 92 100
87 92 54
87 92 4
87 92 142
87 92 71
87 92 181
87 92 90
87 92 33
87 92 58
87 92 141
87 92 189
87 92 33
87 92 11
87 92 159
87 92 191
87 92 108
87 92 33
87 92 84
87 92 126
87 92 51
87 92 80
87 92 111
87 92 188
87 92 54
87 92 155
87 92 111
87 92 96
87 92 150
87 92 39
87 92 54
87 92 197
87 92 14
87 92 29
87 92 23
87 92 16
87 92 10
87 92 143
87 92 180
87 92 115
87 92 122
87 92 199
87 92 6
87 92 119
87 92 175
87 92 64
87 92 178
87 92 105
87 92 3
87 92 56
87 92 69
87 92 31
88 93 81
88 93 49
88 93 146
88 93 136
88 93 174
88 93 55
88 93 32
88 93 141
88 93 14
88 93 79
88 93 67
88 93 174
88 93 7
88 93 180
88 93 19
88 93 112
88 93 77
88 93 22
88 93 175
88 93 78
88 93 118
88 93 161
88 93 140
88 93 140
88 93 196
88 93 156
88 93 199
88 93 27
88 93 126
88 93 23
88 93 39
88 93 23
88 93 195
88 93 181
88 93 104
88 93 58
88 93 178
88 93 138
88 93 155
88 93 191
88 93 183
88 93 171
88 93 36
88 93 104
88 93 70
88 93 101
88 93 142
88 93 106
88 93 29
88 93 118
89 94 166
89 94 23
89 94 71
89 94 50
89 94 31
89 94 50
89 94 78
89 94 133
89 94 77
89 94 120
89 94 193
89 94 117
89 94 53
89 94 178
89 94 186
89 94 51
89 94 14
89 94 90
89 94 7
89 94 181
89 94 198
89 94 75
89 94 28
89 94 56
89 94 191
89 94 106
89 94 165
89 94 48
89 94 120
89 94 94
89 94 97
89 94 98
89 94 58
89 94 107
89 94 130
89 94 8
89 94 19
89 94 158
89 94 96
89 94 82
89 94 121
89 94 104
89 94 150
89 94 141
89 94 179
89 94 73
89 94 14
89 94 123
89 94 24
89 94 26
89 94 21
89 94 132
89 94 127
89 94 24
89 94 10
89 94 178
89 94 88
89 94 5
89 94 35
89 94 19
89 94 97
89 94 141
89 94 43
89 94 11
89 94 176
89 94 174
90 95 27
90 95 77
90 95 4
90 95 148
90 95 114
90 95 137
90 95 189
90 95 45
90 95 60
90 95 53
90 95 200
90 95 69
90 95 117
90 95 1
90 95 147
90 95 140
90 95 56
90 95 39
90 95 118
90 95 98
90 95 199
90 95 125
90 95 191
90 95 163
90 95 130
90 95 90
90 95 136
90 95 34
90 95 76
90 95 153
90 95 176
90 95 45
90 95 121
90 95 81
90 95 113
90 95 125
90 95 86
90 95 136
90 95 60
90 95 102
90 95 91
90 95 169
90 95 191
90 95 51
90 95 119
90 95 32
90 95 143
90 95 156
90 95 56
90 95 102
91 96 8
91 96 124
91 96 91
91 96 60
91 96 149
91 96 23
91 96 63
91 96 119
91 96 72
91 96 112
91 96 146
91 96 122
91 96 119
91 96 180
91 96 57
91 96 120
91 96 75
91 96 118
91 96 106
91 96 83
91 96 66
91 96 120
91 96 112
91 96 81
91 96 89
91 96 123
91 96 55
91 96 48
91 96 171
91 96 125
91 96 162
91 96 117
91 96 161
91 96 144
91 96 134
91 96 128
91 96 81
91 96 81
91 96 47
91 96 13
91 96 115
91 96 194
91 96 150
91 96 34
91 96 157
91 96 177
91 96 172
91 96 175
91 96 100
91 96 60
92 97 41
92 97 58
92 97 13
92 97 192
92 97 131
92 97 75
92 97 119
92 97 84
92 97 79
92 97 166
92 97 170
92 97 102
92 97 130
92 97 82
92 97 193
92 97 132
92 97 49
92 97 109
92 97 50
92 97 53
92 97 167
92 97 158
92 97 79
92 97 9
92 97 41
92 97 179
92 97 67
92 97 45
92 97 56
92 97 164
92 97 10
92 97 28
92 97 52
92 97 13
92 97 77
92 97 58
92 97 180
92 97 77
92 97 140
92 97 5
92 97 22
92 97 133
92 97 200
92 97 25
92 97 2
92 97 11
92 97 87
92 97 176
92 97 17
93 98 88
93 98 144
93 98 166
93 98 57
93 98 43
93 98 156
93 98 27
93 98 153
93 98 89
93 98 132
93 98 34
93 98 70
93 98 52
93 98 114
93 98 108
93 98 122
93 98 146
93 98 168
93 98 56
93 98 4
93 98 55
93 98 93
93 98 66
93 98 186
93 98 91
93 98 78
93 98 73
93 98 69
93 98 57
93 98 33
93 98 136
93 98 199
93 98 3
93 98 114
93 98 98
93 98 102
93 98 74
93 98 15
93 98 80
93 98 137
93 98 108
93 98 154
93 98 91
93 98 173
93 98 104
93 98 65
93 98 4
93 98 21
93 98 132
93 98 99
94 99 187
94 99 56
94 99 83
94 99 62
94 99 139
94 99 167
94 99 26
94 99 42
94 99 200
94 99 34
94 99 61
94 99 190
94 99 8
94 99 11
94 99 91
94 99 150
94 99 126
94 99 110
94 99 57
94 99 12
94 99 144
94 99 64
94 99 51
94 99 174
94 99 58
94 99 169
94 99 140
94 99 170
94 99 144
94 99 193
94 99 165
94 99 135
94 99 63
94 99 118
94 99 119
94 99 32
94 99 123
94 99 86
94 99 194
94 99 194
94 99 130
94 99 24
94 99 106
94 99 18
94 99 5
94 99 108
94 99 1
94 99 41
94 99 41
94 99 166
94 99 7
94 99 42
94 99 133
94 99 174
94 99 45
94 99 135
94 99 199
94 99 68
94 99 29
94 99 26
94 99 172
95 100 123
95 100 58
95 100 66
95 100 173
95 100 10
95 100 24
95 100 35
95 100 97
95 100 106
95 100 15
95 100 200
95 100 107
95 100 98
95 100 26
95 100 108
95 100 179
95 100 148
95 100 179
95 100 39
95 100 200
95 100 32
95 100 85
95 100 14
95 100 68
95 100 161
95 100 3
95 100 118
95 100 132
95 100 4
95 100 19
95 100 174
95 100 5
95 100 20
95 100 81
95 100 155
95 100 42
95 100 110
95 100 162
95 100 181
95 100 58
95 100 58
95 100 152
95 100 170
95 100 63
95 100 180
95 100 168
95 100 174
95 100 100
95 100 17
95 100 102
95 100 182
95 100 4
95 100 188
95 100 150
95 100 92
95 100 149
95 100 11
95 100 77
95 100 61
95 100 36
95 100 167
95 100 63
96 101 3
96 101 177
96 101 124
96 101 110
96 101 148
96 101 132
96 101 83
96 101 117
96 101 51
96 101 154
96 101 28
96 101 188
96 101 194
96 101 72
96 101 98
96 101 11
96 101 47
96 101 75
96 101 174
96 101 39
96 101 21
96 101 85
96 101 57
96 101 31
96 101 75
96 101 112
96 101 154
96 101 112
96 101 102
96 101 53
96 101 114
96 101 16
96 101 180
96 101 4
96 101 101
96 101 117
96 101 69
96 101 39
96 101 59
96 101 174
96 101 97
96 101 117
96 101 145
96 101 106
96 101 58
96 101 139
96 101 170
96 101 147
96 101 196
96 101 161
96 101 105
96 101 50
96 101 31
96 101 95
96 101 120
96 101 18
96 101 47
96 101 21
96 101 115
96 101 109
96 101 31
96 101 146
96 101 138
97 102 94
97 102 34
97 102 107
97 102 4
97 102 54
97 102 19
97 102 107
97 102 19
97 102 15
97 102 20
97 102 91
97 102 164
97 102 129
97 102 115
97 102 2
97 102 160
97 102 83
97 102 82
97 102 121
97 102 183
97 102 160
97 102 181
97 102 82
97 102 44
97 102 135
97 102 184
97 102 140
97 102 51
97 102 157
97 102 68
97 102 66
97 102 106
97 102 75
97 102 37
97 102 40
97 102 51
97 102 185
97 102 53
97 102 174
97 102 116
98 103 104
98 103 46
98 103 38
98 103 92
98 103 194
98 103 185
98 103 153
98 103 126
98 103 189
98 103 80
98 103 101
98 103 99
98 103 128
98 103 189
98 103 189
98 103 30
98 103 3
98 103 120
98 103 9
98 103 153
98 103 98
98 103 66
98 103 83
98 103 161
98 103 21
98 103 103
98 103 141
98 103 1
98 103 162
98 103 8
98 103 117
98 103 82
98 103 83
98 103 115
98 103 110
98 103 15
98 103 195
98 103 2
98 103 51
98 103 14
98 103 197
98 103 133
98 103 123
98 103 107
98 103 196
98 103 95
98 103 6
98 103 111
98 103 91
98 103 102
98 103 75
98 103 37
98 103 16
98 103 155
98 103 25
98 103 11
98 103 174
99 104 21
99 104 15
99 104 157
99 104 5
99 104 44
99 104 26
99 104 4
99 104 112
99 104 166
99 104 106
99 104 176
99 104 91
99 104 192
99 104 68
99 104 132
99 104 108
99 104 200
99 104 193
99 104 139
99 104 62
99 104 179
99 104 104
99 104 41
99 104 143
99 104 171
99 104 141
99 104 57
99 104 32
99 104 73
99 104 74
99 104 172
99 104 13
99 104 75
99 104 140
99 104 83
99 104 157
99 104 64
99 104 108
99 104 105
99 104 154
99 104 41
99 104 17
99 104 86
99 104 188
99 104 13
100 105 34
100 105 70
100 105 124
100 105 11
100 105 180
100 105 121
100 105 61
100 105 22
100 105 90
100 105 111
100 105 144
100 105 94
100 105 173
100 105 14
100 105 191
100 105 68
100 105 12
100 105 180
100 105 188
100 105 122
100 105 194
100 105 194
100 105 82
100 105 19
100 105 79
100 105 38
100 105 30
100 105 85
100 105 10
100 105 112
100 105 153
100 105 92
100 105 199
100 105 15
100 105 100
100 105 135
100 105 195
100 105 57
100 105 129
100 105 61
100 105 149
100 105 129
100 105 53
100 105 18
100 105 44
100 105 159
100 105 31
100 105 95
100 105 2
100 105 138
