5000 127117
1 6 200
1 6 200
1 6 200
1 6 200
1 6 200
1 6 200
1 6 200
1 6 200
1 6 200
1 6 200
1 6 200
1 6 200
1 6 200
1 6 200
1 6 200
1 6 200
1 6 200
1 6 200
1 6 200
1 6 200
1 6 200
1 6 200
1 6 200
1 6 200
1 6 200
1 6 200
1 6 200
1 6 200
1 6 200
1 6 200
1 6 200
1 6 200
1 6 200
1 6 200
1 6 200
1 6 200
1 6 200
1 6 200
1 6 200
1 6 200
1 6 200
1 6 200
1 6 200
1 6 200
1 6 200
1 6 200
1 6 200
1 6 200
1 6 200
1 6 200
1 6 200
1 6 200
2 7 200
2 7 200
2 7 200
2 7 200
2 7 200
2 7 200
2 7 200
2 7 200
2 7 200
2 7 200
2 7 200
2 7 200
2 7 200
2 7 200
2 7 200
2 7 200
2 7 200
2 7 200
2 7 200
2 7 200
2 7 200
2 7 200
2 7 200
2 7 200
2 7 200
2 7 200
2 7 200
2 7 200
2 7 200
2 7 200
2 7 200
2 7 200
2 7 200
2 7 200
2 7 200
2 7 200
2 7 200
2 7 200
2 7 200
2 7 200
2 7 200
2 7 200
2 7 200
2 7 200
3 8 200
3 8 200
3 8 200
3 8 200
3 8 200
3 8 200
3 8 200
3 8 200
3 8 200
3 8 200
3 8 200
3 8 200
3 8 200
3 8 200
3 8 200
3 8 200
3 8 200
3 8 200
3 8 200
3 8 200
3 8 200
3 8 200
3 8 200
3 8 200
3 8 200
3 8 200
3 8 200
3 8 200
3 8 200
3 8 200
3 8 200
3 8 200
3 8 200
3 8 200
3 8 200
3 8 200
3 8 200
3 8 200
3 8 200
3 8 200
3 8 200
3 8 200
3 8 200
3 8 200
3 8 200
3 8 200
3 8 200
3 8 200
3 8 200
3 8 200
3 8 200
4 9 200
4 9 200
4 9 200
4 9 200
4 9 200
4 9 200
4 9 200
4 9 200
4 9 200
4 9 200
4 9 200
4 9 200
4 9 200
4 9 200
4 9 200
4 9 200
4 9 200
4 9 200
4 9 200
4 9 200
4 9 200
4 9 200
4 9 200
4 9 200
4 9 200
4 9 200
4 9 200
4 9 200
4 9 200
4 9 200
4 9 200
4 9 200
4 9 200
4 9 200
4 9 200
4 9 200
4 9 200
4 9 200
4 9 200
4 9 200
4 9 200
4 9 200
4 9 200
4 9 200
4 9 200
4 9 200
4 9 200
5 10 200
5 10 200
5 10 200
5 10 200
5 10 200
5 10 200
5 10 200
5 10 200
5 10 200
5 10 200
5 10 200
5 10 200
5 10 200
5 10 200
5 10 200
5 10 200
5 10 200
5 10 200
5 10 200
5 10 200
5 10 200
5 10 200
5 10 200
5 10 200
5 10 200
5 10 200
5 10 200
5 10 200
5 10 200
5 10 200
5 10 200
5 10 200
5 10 200
5 10 200
5 10 200
5 10 200
5 10 200
5 10 200
5 10 200
5 10 200
5 10 200
5 10 200
5 10 200
5 10 200
5 10 200
6 11 200
6 11 200
6 11 200
6 11 200
6 11 200
6 11 200
6 11 200
6 11 200
6 11 200
6 11 200
6 11 200
6 11 200
6 11 200
6 11 200
6 11 200
6 11 200
6 11 200
6 11 200
6 11 200
6 11 200
6 11 200
6 11 200
6 11 200
6 11 200
6 11 200
6 11 200
6 11 200
6 11 200
6 11 200
6 11 200
6 11 200
6 11 200
6 11 200
6 11 200
6 11 200
6 11 200
6 11 200
6 11 200
6 11 200
6 11 200
6 11 200
6 11 200
6 11 200
6 11 200
6 11 200
6 11 200
6 11 200
6 11 200
6 11 200
6 11 200
6 11 200
6 11 200
7 12 200
7 12 200
7 12 200
7 12 200
7 12 200
7 12 200
7 12 200
7 12 200
7 12 200
7 12 200
7 12 200
7 12 200
7 12 200
7 12 200
7 12 200
7 12 200
7 12 200
7 12 200
7 12 200
7 12 200
7 12 200
7 12 200
7 12 200
7 12 200
7 12 200
7 12 200
7 12 200
7 12 200
7 12 200
7 12 200
7 12 200
7 12 200
7 12 200
7 12 200
7 12 200
7 12 200
7 12 200
7 12 200
7 12 200
7 12 200
7 12 200
7 12 200
7 12 200
7 12 200
7 12 200
8 13 200
8 13 200
8 13 200
8 13 200
8 13 200
8 13 200
8 13 200
8 13 200
8 13 200
8 13 200
8 13 200
8 13 200
8 13 200
8 13 200
8 13 200
8 13 200
8 13 200
8 13 200
8 13 200
8 13 200
8 13 200
8 13 200
8 13 200
8 13 200
8 13 200
8 13 200
8 13 200
8 13 200
8 13 200
8 13 200
8 13 200
8 13 200
8 13 200
8 13 200
8 13 200
8 13 200
8 13 200
8 13 200
8 13 200
8 13 200
8 13 200
8 13 200
8 13 200
8 13 200
8 13 200
8 13 200
8 13 200
8 13 200
9 14 200
9 14 200
9 14 200
9 14 200
9 14 200
9 14 200
9 14 200
9 14 200
9 14 200
9 14 200
9 14 200
9 14 200
9 14 200
9 14 200
9 14 200
9 14 200
9 14 200
9 14 200
9 14 200
9 14 200
9 14 200
9 14 200
9 14 200
9 14 200
9 14 200
9 14 200
9 14 200
9 14 200
9 14 200
9 14 200
9 14 200
9 14 200
9 14 200
9 14 200
9 14 200
9 14 200
9 14 200
9 14 200
9 14 200
9 14 200
9 14 200
9 14 200
9 14 200
9 14 200
9 14 200
9 14 200
9 14 200
9 14 200
9 14 200
9 14 200
9 14 200
9 14 200
9 14 200
9 14 200
9 14 200
10 15 200
10 15 200
10 15 200
10 15 200
10 15 200
10 15 200
10 15 200
10 15 200
10 15 200
10 15 200
10 15 200
10 15 200
10 15 200
10 15 200
10 15 200
10 15 200
10 15 200
10 15 200
10 15 200
10 15 200
10 15 200
10 15 200
10 15 200
10 15 200
10 15 200
10 15 200
10 15 200
10 15 200
10 15 200
10 15 200
10 15 200
10 15 200
10 15 200
10 15 200
10 15 200
10 15 200
10 15 200
10 15 200
10 15 200
10 15 200
10 15 200
11 16 200
11 16 200
11 16 200
11 16 200
11 16 200
11 16 200
11 16 200
11 16 200
11 16 200
11 16 200
11 16 200
11 16 200
11 16 200
11 16 200
11 16 200
11 16 200
11 16 200
11 16 200
11 16 200
11 16 200
11 16 200
11 16 200
11 16 200
11 16 200
11 16 200
11 16 200
11 16 200
11 16 200
11 16 200
11 16 200
11 16 200
11 16 200
11 16 200
11 16 200
11 16 200
11 16 200
11 16 200
11 16 200
11 16 200
11 16 200
11 16 200
11 16 200
11 16 200
11 16 200
11 16 200
11 16 200
11 16 200
11 16 200
11 16 200
11 16 200
11 16 200
11 16 200
11 16 200
11 16 200
11 16 200
11 16 200
11 16 200
11 16 200
12 17 200
12 17 200
12 17 200
12 17 200
12 17 200
12 17 200
12 17 200
12 17 200
12 17 200
12 17 200
12 17 200
12 17 200
12 17 200
12 17 200
12 17 200
12 17 200
12 17 200
12 17 200
12 17 200
12 17 200
12 17 200
12 17 200
12 17 200
12 17 200
12 17 200
12 17 200
12 17 200
12 17 200
12 17 200
12 17 200
12 17 200
12 17 200
12 17 200
12 17 200
12 17 200
12 17 200
12 17 200
12 17 200
12 17 200
12 17 200
12 17 200
12 17 200
12 17 200
12 17 200
13 18 200
13 18 200
13 18 200
13 18 200
13 18 200
13 18 200
13 18 200
13 18 200
13 18 200
13 18 200
13 18 200
13 18 200
13 18 200
13 18 200
13 18 200
13 18 200
13 18 200
13 18 200
13 18 200
13 18 200
13 18 200
13 18 200
13 18 200
13 18 200
13 18 200
13 18 200
13 18 200
13 18 200
13 18 200
13 18 200
13 18 200
13 18 200
13 18 200
13 18 200
13 18 200
13 18 200
13 18 200
13 18 200
13 18 200
13 18 200
13 18 200
13 18 200
13 18 200
13 18 200
13 18 200
13 18 200
13 18 200
13 18 200
13 18 200
13 18 200
13 18 200
13 18 200
13 18 200
13 18 200
13 18 200
13 18 200
13 18 200
13 18 200
13 18 200
13 18 200
13 18 200
13 18 200
13 18 200
14 19 200
14 19 200
14 19 200
14 19 200
14 19 200
14 19 200
14 19 200
14 19 200
14 19 200
14 19 200
14 19 200
14 19 200
14 19 200
14 19 200
14 19 200
14 19 200
14 19 200
14 19 200
14 19 200
14 19 200
14 19 200
14 19 200
14 19 200
14 19 200
14 19 200
14 19 200
14 19 200
14 19 200
14 19 200
14 19 200
14 19 200
14 19 200
14 19 200
14 19 200
14 19 200
14 19 200
14 19 200
14 19 200
14 19 200
14 19 200
14 19 200
14 19 200
14 19 200
14 19 200
14 19 200
14 19 200
14 19 200
14 19 200
14 19 200
14 19 200
14 19 200
14 19 200
14 19 200
15 20 200
15 20 200
15 20 200
15 20 200
15 20 200
15 20 200
15 20 200
15 20 200
15 20 200
15 20 200
15 20 200
15 20 200
15 20 200
15 20 200
15 20 200
15 20 200
15 20 200
15 20 200
15 20 200
15 20 200
15 20 200
15 20 200
15 20 200
15 20 200
15 20 200
15 20 200
15 20 200
15 20 200
15 20 200
15 20 200
15 20 200
15 20 200
16 21 200
16 21 200
16 21 200
16 21 200
16 21 200
16 21 200
16 21 200
16 21 200
16 21 200
16 21 200
16 21 200
16 21 200
16 21 200
16 21 200
16 21 200
16 21 200
16 21 200
16 21 200
16 21 200
16 21 200
16 21 200
16 21 200
16 21 200
16 21 200
16 21 200
16 21 200
16 21 200
16 21 200
16 21 200
16 21 200
16 21 200
16 21 200
16 21 200
16 21 200
16 21 200
16 21 200
16 21 200
16 21 200
16 21 200
16 21 200
16 21 200
16 21 200
16 21 200
16 21 200
16 21 200
16 21 200
16 21 200
16 21 200
16 21 200
16 21 200
16 21 200
16 21 200
16 21 200
16 21 200
16 21 200
16 21 200
16 21 200
16 21 200
17 22 200
17 22 200
17 22 200
17 22 200
17 22 200
17 22 200
17 22 200
17 22 200
17 22 200
17 22 200
17 22 200
17 22 200
17 22 200
17 22 200
17 22 200
17 22 200
17 22 200
17 22 200
17 22 200
17 22 200
17 22 200
17 22 200
17 22 200
17 22 200
17 22 200
17 22 200
17 22 200
17 22 200
17 22 200
17 22 200
17 22 200
17 22 200
17 22 200
17 22 200
17 22 200
17 22 200
17 22 200
17 22 200
17 22 200
17 22 200
17 22 200
17 22 200
17 22 200
17 22 200
17 22 200
18 23 200
18 23 200
18 23 200
18 23 200
18 23 200
18 23 200
18 23 200
18 23 200
18 23 200
18 23 200
18 23 200
18 23 200
18 23 200
18 23 200
18 23 200
18 23 200
18 23 200
18 23 200
18 23 200
18 23 200
18 23 200
18 23 200
18 23 200
18 23 200
18 23 200
18 23 200
18 23 200
18 23 200
18 23 200
18 23 200
18 23 200
18 23 200
18 23 200
18 23 200
18 23 200
18 23 200
18 23 200
18 23 200
18 23 200
18 23 200
18 23 200
18 23 200
18 23 200
18 23 200
18 23 200
18 23 200
18 23 200
18 23 200
18 23 200
19 24 200
19 24 200
19 24 200
19 24 200
19 24 200
19 24 200
19 24 200
19 24 200
19 24 200
19 24 200
19 24 200
19 24 200
19 24 200
19 24 200
19 24 200
19 24 200
19 24 200
19 24 200
19 24 200
19 24 200
19 24 200
19 24 200
19 24 200
19 24 200
19 24 200
19 24 200
19 24 200
19 24 200
19 24 200
19 24 200
19 24 200
19 24 200
19 24 200
19 24 200
19 24 200
19 24 200
19 24 200
19 24 200
19 24 200
19 24 200
19 24 200
19 24 200
19 24 200
19 24 200
19 24 200
19 24 200
19 24 200
19 24 200
19 24 200
19 24 200
19 24 200
19 24 200
19 24 200
20 25 200
20 25 200
20 25 200
20 25 200
20 25 200
20 25 200
20 25 200
20 25 200
20 25 200
20 25 200
20 25 200
20 25 200
20 25 200
20 25 200
20 25 200
20 25 200
20 25 200
20 25 200
20 25 200
20 25 200
20 25 200
20 25 200
20 25 200
20 25 200
20 25 200
20 25 200
20 25 200
20 25 200
20 25 200
20 25 200
20 25 200
20 25 200
20 25 200
20 25 200
20 25 200
20 25 200
20 25 200
20 25 200
20 25 200
20 25 200
20 25 200
20 25 200
20 25 200
20 25 200
20 25 200
20 25 200
20 25 200
20 25 200
20 25 200
20 25 200
20 25 200
21 26 200
21 26 200
21 26 200
21 26 200
21 26 200
21 26 200
21 26 200
21 26 200
21 26 200
21 26 200
21 26 200
21 26 200
21 26 200
21 26 200
21 26 200
21 26 200
21 26 200
21 26 200
21 26 200
21 26 200
21 26 200
21 26 200
21 26 200
21 26 200
21 26 200
21 26 200
21 26 200
21 26 200
21 26 200
21 26 200
21 26 200
21 26 200
21 26 200
21 26 200
21 26 200
21 26 200
21 26 200
21 26 200
21 26 200
21 26 200
21 26 200
21 26 200
21 26 200
21 26 200
21 26 200
21 26 200
22 27 200
22 27 200
22 27 200
22 27 200
22 27 200
22 27 200
22 27 200
22 27 200
22 27 200
22 27 200
22 27 200
22 27 200
22 27 200
22 27 200
22 27 200
22 27 200
22 27 200
22 27 200
22 27 200
22 27 200
22 27 200
22 27 200
22 27 200
22 27 200
22 27 200
22 27 200
22 27 200
22 27 200
22 27 200
22 27 200
22 27 200
22 27 200
22 27 200
22 27 200
22 27 200
22 27 200
22 27 200
22 27 200
22 27 200
23 28 200
23 28 200
23 28 200
23 28 200
23 28 200
23 28 200
23 28 200
23 28 200
23 28 200
23 28 200
23 28 200
23 28 200
23 28 200
23 28 200
23 28 200
23 28 200
23 28 200
23 28 200
23 28 200
23 28 200
23 28 200
23 28 200
23 28 200
23 28 200
23 28 200
23 28 200
23 28 200
23 28 200
23 28 200
23 28 200
23 28 200
23 28 200
23 28 200
23 28 200
23 28 200
23 28 200
23 28 200
23 28 200
23 28 200
23 28 200
24 29 200
24 29 200
24 29 200
24 29 200
24 29 200
24 29 200
24 29 200
24 29 200
24 29 200
24 29 200
24 29 200
24 29 200
24 29 200
24 29 200
24 29 200
24 29 200
24 29 200
24 29 200
24 29 200
24 29 200
24 29 200
24 29 200
24 29 200
24 29 200
24 29 200
24 29 200
24 29 200
24 29 200
24 29 200
24 29 200
24 29 200
24 29 200
24 29 200
24 29 200
24 29 200
24 29 200
24 29 200
24 29 200
24 29 200
24 29 200
24 29 200
24 29 200
24 29 200
24 29 200
24 29 200
24 29 200
24 29 200
24 29 200
24 29 200
24 29 200
24 29 200
24 29 200
24 29 200
24 29 200
24 29 200
24 29 200
25 30 200
25 30 200
25 30 200
25 30 200
25 30 200
25 30 200
25 30 200
25 30 200
25 30 200
25 30 200
25 30 200
25 30 200
25 30 200
25 30 200
25 30 200
25 30 200
25 30 200
25 30 200
25 30 200
25 30 200
25 30 200
25 30 200
25 30 200
25 30 200
25 30 200
25 30 200
25 30 200
25 30 200
25 30 200
25 30 200
25 30 200
25 30 200
25 30 200
25 30 200
25 30 200
25 30 200
25 30 200
25 30 200
25 30 200
25 30 200
25 30 200
25 30 200
25 30 200
25 30 200
25 30 200
25 30 200
25 30 200
25 30 200
26 31 200
26 31 200
26 31 200
26 31 200
26 31 200
26 31 200
26 31 200
26 31 200
26 31 200
26 31 200
26 31 200
26 31 200
26 31 200
26 31 200
26 31 200
26 31 200
26 31 200
26 31 200
26 31 200
26 31 200
26 31 200
26 31 200
26 31 200
26 31 200
26 31 200
26 31 200
26 31 200
26 31 200
26 31 200
26 31 200
26 31 200
26 31 200
26 31 200
26 31 200
26 31 200
26 31 200
26 31 200
26 31 200
26 31 200
26 31 200
26 31 200
26 31 200
26 31 200
26 31 200
26 31 200
26 31 200
27 32 200
27 32 200
27 32 200
27 32 200
27 32 200
27 32 200
27 32 200
27 32 200
27 32 200
27 32 200
27 32 200
27 32 200
27 32 200
27 32 200
27 32 200
27 32 200
27 32 200
27 32 200
27 32 200
27 32 200
27 32 200
27 32 200
27 32 200
27 32 200
27 32 200
27 32 200
27 32 200
27 32 200
27 32 200
27 32 200
27 32 200
27 32 200
27 32 200
27 32 200
27 32 200
27 32 200
27 32 200
27 32 200
27 32 200
27 32 200
27 32 200
27 32 200
27 32 200
27 32 200
27 32 200
27 32 200
27 32 200
27 32 200
27 32 200
27 32 200
27 32 200
27 32 200
28 33 200
28 33 200
28 33 200
28 33 200
28 33 200
28 33 200
28 33 200
28 33 200
28 33 200
28 33 200
28 33 200
28 33 200
28 33 200
28 33 200
28 33 200
28 33 200
28 33 200
28 33 200
28 33 200
28 33 200
28 33 200
28 33 200
28 33 200
28 33 200
28 33 200
28 33 200
28 33 200
28 33 200
28 33 200
28 33 200
28 33 200
28 33 200
28 33 200
28 33 200
28 33 200
28 33 200
28 33 200
28 33 200
28 33 200
28 33 200
28 33 200
28 33 200
28 33 200
28 33 200
28 33 200
28 33 200
28 33 200
28 33 200
28 33 200
28 33 200
28 33 200
28 33 200
28 33 200
28 33 200
29 34 200
29 34 200
29 34 200
29 34 200
29 34 200
29 34 200
29 34 200
29 34 200
29 34 200
29 34 200
29 34 200
29 34 200
29 34 200
29 34 200
29 34 200
29 34 200
29 34 200
29 34 200
29 34 200
29 34 200
29 34 200
29 34 200
29 34 200
29 34 200
29 34 200
29 34 200
29 34 200
29 34 200
29 34 200
29 34 200
29 34 200
29 34 200
29 34 200
29 34 200
29 34 200
29 34 200
29 34 200
29 34 200
29 34 200
29 34 200
29 34 200
29 34 200
29 34 200
29 34 200
29 34 200
29 34 200
29 34 200
29 34 200
29 34 200
29 34 200
29 34 200
30 35 200
30 35 200
30 35 200
30 35 200
30 35 200
30 35 200
30 35 200
30 35 200
30 35 200
30 35 200
30 35 200
30 35 200
30 35 200
30 35 200
30 35 200
30 35 200
30 35 200
30 35 200
30 35 200
30 35 200
30 35 200
30 35 200
30 35 200
30 35 200
30 35 200
30 35 200
30 35 200
30 35 200
30 35 200
30 35 200
30 35 200
30 35 200
30 35 200
30 35 200
30 35 200
30 35 200
30 35 200
30 35 200
30 35 200
30 35 200
30 35 200
30 35 200
30 35 200
30 35 200
30 35 200
30 35 200
30 35 200
30 35 200
30 35 200
31 36 200
31 36 200
31 36 200
31 36 200
31 36 200
31 36 200
31 36 200
31 36 200
31 36 200
31 36 200
31 36 200
31 36 200
31 36 200
31 36 200
31 36 200
31 36 200
31 36 200
31 36 200
31 36 200
31 36 200
31 36 200
31 36 200
31 36 200
31 36 200
31 36 200
31 36 200
31 36 200
31 36 200
31 36 200
31 36 200
31 36 200
31 36 200
31 36 200
31 36 200
31 36 200
31 36 200
31 36 200
31 36 200
31 36 200
31 36 200
31 36 200
31 36 200
31 36 200
31 36 200
31 36 200
31 36 200
31 36 200
31 36 200
31 36 200
31 36 200
31 36 200
31 36 200
31 36 200
32 37 200
32 37 200
32 37 200
32 37 200
32 37 200
32 37 200
32 37 200
32 37 200
32 37 200
32 37 200
32 37 200
32 37 200
32 37 200
32 37 200
32 37 200
32 37 200
32 37 200
32 37 200
32 37 200
32 37 200
32 37 200
32 37 200
32 37 200
32 37 200
32 37 200
32 37 200
32 37 200
32 37 200
32 37 200
32 37 200
32 37 200
32 37 200
32 37 200
32 37 200
32 37 200
32 37 200
32 37 200
32 37 200
32 37 200
32 37 200
32 37 200
32 37 200
32 37 200
32 37 200
32 37 200
32 37 200
32 37 200
32 37 200
32 37 200
33 38 200
33 38 200
33 38 200
33 38 200
33 38 200
33 38 200
33 38 200
33 38 200
33 38 200
33 38 200
33 38 200
33 38 200
33 38 200
33 38 200
33 38 200
33 38 200
33 38 200
33 38 200
33 38 200
33 38 200
33 38 200
33 38 200
33 38 200
33 38 200
33 38 200
33 38 200
33 38 200
33 38 200
33 38 200
33 38 200
33 38 200
33 38 200
33 38 200
33 38 200
33 38 200
33 38 200
33 38 200
33 38 200
33 38 200
33 38 200
33 38 200
33 38 200
33 38 200
33 38 200
33 38 200
33 38 200
33 38 200
33 38 200
33 38 200
33 38 200
33 38 200
33 38 200
33 38 200
33 38 200
33 38 200
33 38 200
33 38 200
33 38 200
33 38 200
34 39 200
34 39 200
34 39 200
34 39 200
34 39 200
34 39 200
34 39 200
34 39 200
34 39 200
34 39 200
34 39 200
34 39 200
34 39 200
34 39 200
34 39 200
34 39 200
34 39 200
34 39 200
34 39 200
34 39 200
34 39 200
34 39 200
34 39 200
34 39 200
34 39 200
34 39 200
34 39 200
34 39 200
34 39 200
34 39 200
34 39 200
34 39 200
34 39 200
34 39 200
34 39 200
34 39 200
34 39 200
34 39 200
34 39 200
34 39 200
34 39 200
35 40 200
35 40 200
35 40 200
35 40 200
35 40 200
35 40 200
35 40 200
35 40 200
35 40 200
35 40 200
35 40 200
35 40 200
35 40 200
35 40 200
35 40 200
35 40 200
35 40 200
35 40 200
35 40 200
35 40 200
35 40 200
35 40 200
35 40 200
35 40 200
35 40 200
35 40 200
35 40 200
35 40 200
35 40 200
35 40 200
35 40 200
35 40 200
35 40 200
35 40 200
35 40 200
35 40 200
35 40 200
35 40 200
35 40 200
35 40 200
35 40 200
35 40 200
35 40 200
35 40 200
35 40 200
35 40 200
35 40 200
35 40 200
35 40 200
35 40 200
35 40 200
35 40 200
35 40 200
35 40 200
35 40 200
35 40 200
35 40 200
36 41 200
36 41 200
36 41 200
36 41 200
36 41 200
36 41 200
36 41 200
36 41 200
36 41 200
36 41 200
36 41 200
36 41 200
36 41 200
36 41 200
36 41 200
36 41 200
36 41 200
36 41 200
36 41 200
36 41 200
36 41 200
36 41 200
36 41 200
36 41 200
36 41 200
36 41 200
36 41 200
36 41 200
36 41 200
36 41 200
36 41 200
36 41 200
36 41 200
36 41 200
36 41 200
36 41 200
36 41 200
36 41 200
36 41 200
36 41 200
36 41 200
36 41 200
36 41 200
36 41 200
36 41 200
36 41 200
36 41 200
36 41 200
36 41 200
36 41 200
36 41 200
37 42 200
37 42 200
37 42 200
37 42 200
37 42 200
37 42 200
37 42 200
37 42 200
37 42 200
37 42 200
37 42 200
37 42 200
37 42 200
37 42 200
37 42 200
37 42 200
37 42 200
37 42 200
37 42 200
37 42 200
37 42 200
37 42 200
37 42 200
37 42 200
37 42 200
37 42 200
37 42 200
37 42 200
37 42 200
37 42 200
37 42 200
37 42 200
37 42 200
37 42 200
37 42 200
37 42 200
37 42 200
37 42 200
37 42 200
37 42 200
37 42 200
37 42 200
37 42 200
37 42 200
37 42 200
37 42 200
37 42 200
37 42 200
37 42 200
37 42 200
37 42 200
37 42 200
37 42 200
37 42 200
37 42 200
37 42 200
37 42 200
37 42 200
37 42 200
38 43 200
38 43 200
38 43 200
38 43 200
38 43 200
38 43 200
38 43 200
38 43 200
38 43 200
38 43 200
38 43 200
38 43 200
38 43 200
38 43 200
38 43 200
38 43 200
38 43 200
38 43 200
38 43 200
38 43 200
38 43 200
38 43 200
38 43 200
38 43 200
38 43 200
38 43 200
38 43 200
38 43 200
38 43 200
38 43 200
38 43 200
38 43 200
38 43 200
38 43 200
38 43 200
38 43 200
38 43 200
38 43 200
38 43 200
38 43 200
38 43 200
38 43 200
38 43 200
38 43 200
38 43 200
38 43 200
38 43 200
38 43 200
38 43 200
38 43 200
38 43 200
38 43 200
38 43 200
38 43 200
38 43 200
38 43 200
38 43 200
38 43 200
38 43 200
38 43 200
38 43 200
38 43 200
38 43 200
39 44 200
39 44 200
39 44 200
39 44 200
39 44 200
39 44 200
39 44 200
39 44 200
39 44 200
39 44 200
39 44 200
39 44 200
39 44 200
39 44 200
39 44 200
39 44 200
39 44 200
39 44 200
39 44 200
39 44 200
39 44 200
39 44 200
39 44 200
39 44 200
39 44 200
39 44 200
39 44 200
39 44 200
39 44 200
39 44 200
39 44 200
39 44 200
39 44 200
39 44 200
39 44 200
39 44 200
39 44 200
39 44 200
39 44 200
39 44 200
39 44 200
39 44 200
39 44 200
39 44 200
39 44 200
39 44 200
40 45 200
40 45 200
40 45 200
40 45 200
40 45 200
40 45 200
40 45 200
40 45 200
40 45 200
40 45 200
40 45 200
40 45 200
40 45 200
40 45 200
40 45 200
40 45 200
40 45 200
40 45 200
40 45 200
40 45 200
40 45 200
40 45 200
40 45 200
40 45 200
40 45 200
40 45 200
40 45 200
40 45 200
40 45 200
40 45 200
40 45 200
40 45 200
40 45 200
40 45 200
40 45 200
40 45 200
40 45 200
40 45 200
40 45 200
40 45 200
40 45 200
40 45 200
40 45 200
40 45 200
40 45 200
40 45 200
41 46 200
41 46 200
41 46 200
41 46 200
41 46 200
41 46 200
41 46 200
41 46 200
41 46 200
41 46 200
41 46 200
41 46 200
41 46 200
41 46 200
41 46 200
41 46 200
41 46 200
41 46 200
41 46 200
41 46 200
41 46 200
41 46 200
41 46 200
41 46 200
41 46 200
41 46 200
41 46 200
41 46 200
41 46 200
41 46 200
41 46 200
41 46 200
41 46 200
41 46 200
41 46 200
41 46 200
41 46 200
41 46 200
41 46 200
41 46 200
41 46 200
41 46 200
42 47 200
42 47 200
42 47 200
42 47 200
42 47 200
42 47 200
42 47 200
42 47 200
42 47 200
42 47 200
42 47 200
42 47 200
42 47 200
42 47 200
42 47 200
42 47 200
42 47 200
42 47 200
42 47 200
42 47 200
42 47 200
42 47 200
42 47 200
42 47 200
42 47 200
42 47 200
42 47 200
42 47 200
42 47 200
42 47 200
42 47 200
42 47 200
42 47 200
42 47 200
42 47 200
42 47 200
42 47 200
42 47 200
42 47 200
42 47 200
42 47 200
42 47 200
42 47 200
42 47 200
42 47 200
42 47 200
42 47 200
42 47 200
42 47 200
42 47 200
42 47 200
42 47 200
42 47 200
42 47 200
43 48 200
43 48 200
43 48 200
43 48 200
43 48 200
43 48 200
43 48 200
43 48 200
43 48 200
43 48 200
43 48 200
43 48 200
43 48 200
43 48 200
43 48 200
43 48 200
43 48 200
43 48 200
43 48 200
43 48 200
43 48 200
43 48 200
43 48 200
43 48 200
43 48 200
43 48 200
43 48 200
43 48 200
43 48 200
43 48 200
43 48 200
43 48 200
43 48 200
43 48 200
43 48 200
43 48 200
43 48 200
43 48 200
43 48 200
43 48 200
43 48 200
43 48 200
43 48 200
43 48 200
43 48 200
43 48 200
43 48 200
43 48 200
43 48 200
43 48 200
43 48 200
43 48 200
43 48 200
43 48 200
43 48 200
43 48 200
44 49 200
44 49 200
44 49 200
44 49 200
44 49 200
44 49 200
44 49 200
44 49 200
44 49 200
44 49 200
44 49 200
44 49 200
44 49 200
44 49 200
44 49 200
44 49 200
44 49 200
44 49 200
44 49 200
44 49 200
44 49 200
44 49 200
44 49 200
44 49 200
44 49 200
44 49 200
44 49 200
44 49 200
44 49 200
44 49 200
44 49 200
44 49 200
44 49 200
44 49 200
44 49 200
44 49 200
44 49 200
44 49 200
44 49 200
44 49 200
44 49 200
44 49 200
44 49 200
44 49 200
44 49 200
44 49 200
44 49 200
44 49 200
44 49 200
44 49 200
44 49 200
44 49 200
44 49 200
44 49 200
44 49 200
45 50 200
45 50 200
45 50 200
45 50 200
45 50 200
45 50 200
45 50 200
45 50 200
45 50 200
45 50 200
45 50 200
45 50 200
45 50 200
45 50 200
45 50 200
45 50 200
45 50 200
45 50 200
45 50 200
45 50 200
45 50 200
45 50 200
45 50 200
45 50 200
45 50 200
45 50 200
45 50 200
45 50 200
45 50 200
45 50 200
45 50 200
45 50 200
45 50 200
45 50 200
45 50 200
45 50 200
45 50 200
45 50 200
45 50 200
45 50 200
45 50 200
45 50 200
45 50 200
45 50 200
45 50 200
45 50 200
45 50 200
45 50 200
46 51 200
46 51 200
46 51 200
46 51 200
46 51 200
46 51 200
46 51 200
46 51 200
46 51 200
46 51 200
46 51 200
46 51 200
46 51 200
46 51 200
46 51 200
46 51 200
46 51 200
46 51 200
46 51 200
46 51 200
46 51 200
46 51 200
46 51 200
46 51 200
46 51 200
46 51 200
46 51 200
46 51 200
46 51 200
46 51 200
46 51 200
46 51 200
46 51 200
46 51 200
46 51 200
46 51 200
46 51 200
46 51 200
46 51 200
46 51 200
46 51 200
46 51 200
46 51 200
46 51 200
46 51 200
46 51 200
46 51 200
47 52 200
47 52 200
47 52 200
47 52 200
47 52 200
47 52 200
47 52 200
47 52 200
47 52 200
47 52 200
47 52 200
47 52 200
47 52 200
47 52 200
47 52 200
47 52 200
47 52 200
47 52 200
47 52 200
47 52 200
47 52 200
47 52 200
47 52 200
47 52 200
47 52 200
47 52 200
47 52 200
47 52 200
47 52 200
47 52 200
47 52 200
47 52 200
47 52 200
47 52 200
48 53 200
48 53 200
48 53 200
48 53 200
48 53 200
48 53 200
48 53 200
48 53 200
48 53 200
48 53 200
48 53 200
48 53 200
48 53 200
48 53 200
48 53 200
48 53 200
48 53 200
48 53 200
48 53 200
48 53 200
48 53 200
48 53 200
48 53 200
48 53 200
48 53 200
48 53 200
48 53 200
48 53 200
48 53 200
48 53 200
48 53 200
48 53 200
48 53 200
48 53 200
48 53 200
48 53 200
48 53 200
48 53 200
48 53 200
48 53 200
48 53 200
48 53 200
48 53 200
48 53 200
48 53 200
48 53 200
48 53 200
48 53 200
48 53 200
48 53 200
48 53 200
48 53 200
48 53 200
48 53 200
48 53 200
48 53 200
48 53 200
48 53 200
48 53 200
48 53 200
48 53 200
48 53 200
48 53 200
48 53 200
49 54 200
49 54 200
49 54 200
49 54 200
49 54 200
49 54 200
49 54 200
49 54 200
49 54 200
49 54 200
49 54 200
49 54 200
49 54 200
49 54 200
49 54 200
49 54 200
49 54 200
49 54 200
49 54 200
49 54 200
49 54 200
49 54 200
49 54 200
49 54 200
49 54 200
49 54 200
49 54 200
49 54 200
49 54 200
49 54 200
49 54 200
49 54 200
49 54 200
49 54 200
49 54 200
49 54 200
49 54 200
49 54 200
49 54 200
49 54 200
49 54 200
49 54 200
49 54 200
49 54 200
49 54 200
49 54 200
49 54 200
49 54 200
49 54 200
49 54 200
49 54 200
49 54 200
49 54 200
49 54 200
50 55 200
50 55 200
50 55 200
50 55 200
50 55 200
50 55 200
50 55 200
50 55 200
50 55 200
50 55 200
50 55 200
50 55 200
50 55 200
50 55 200
50 55 200
50 55 200
50 55 200
50 55 200
50 55 200
50 55 200
50 55 200
50 55 200
50 55 200
50 55 200
50 55 200
50 55 200
50 55 200
50 55 200
50 55 200
50 55 200
50 55 200
50 55 200
50 55 200
50 55 200
50 55 200
50 55 200
50 55 200
51 56 200
51 56 200
51 56 200
51 56 200
51 56 200
51 56 200
51 56 200
51 56 200
51 56 200
51 56 200
51 56 200
51 56 200
51 56 200
51 56 200
51 56 200
51 56 200
51 56 200
51 56 200
51 56 200
51 56 200
51 56 200
51 56 200
51 56 200
51 56 200
51 56 200
51 56 200
51 56 200
51 56 200
51 56 200
51 56 200
51 56 200
51 56 200
51 56 200
51 56 200
51 56 200
51 56 200
51 56 200
51 56 200
51 56 200
51 56 200
52 57 200
52 57 200
52 57 200
52 57 200
52 57 200
52 57 200
52 57 200
52 57 200
52 57 200
52 57 200
52 57 200
52 57 200
52 57 200
52 57 200
52 57 200
52 57 200
52 57 200
52 57 200
52 57 200
52 57 200
52 57 200
52 57 200
52 57 200
52 57 200
52 57 200
52 57 200
52 57 200
52 57 200
52 57 200
52 57 200
52 57 200
52 57 200
52 57 200
52 57 200
52 57 200
52 57 200
52 57 200
52 57 200
52 57 200
52 57 200
52 57 200
52 57 200
52 57 200
52 57 200
52 57 200
52 57 200
52 57 200
52 57 200
52 57 200
52 57 200
53 58 200
53 58 200
53 58 200
53 58 200
53 58 200
53 58 200
53 58 200
53 58 200
53 58 200
53 58 200
53 58 200
53 58 200
53 58 200
53 58 200
53 58 200
53 58 200
53 58 200
53 58 200
53 58 200
53 58 200
53 58 200
53 58 200
53 58 200
53 58 200
53 58 200
53 58 200
53 58 200
53 58 200
53 58 200
53 58 200
53 58 200
53 58 200
53 58 200
53 58 200
53 58 200
53 58 200
53 58 200
53 58 200
53 58 200
53 58 200
53 58 200
53 58 200
53 58 200
53 58 200
53 58 200
53 58 200
53 58 200
53 58 200
53 58 200
53 58 200
53 58 200
53 58 200
53 58 200
53 58 200
53 58 200
53 58 200
54 59 200
54 59 200
54 59 200
54 59 200
54 59 200
54 59 200
54 59 200
54 59 200
54 59 200
54 59 200
54 59 200
54 59 200
54 59 200
54 59 200
54 59 200
54 59 200
54 59 200
54 59 200
54 59 200
54 59 200
54 59 200
54 59 200
54 59 200
54 59 200
54 59 200
54 59 200
54 59 200
54 59 200
54 59 200
54 59 200
54 59 200
54 59 200
54 59 200
54 59 200
54 59 200
54 59 200
54 59 200
54 59 200
54 59 200
54 59 200
54 59 200
54 59 200
54 59 200
54 59 200
54 59 200
54 59 200
54 59 200
54 59 200
54 59 200
54 59 200
54 59 200
55 60 200
55 60 200
55 60 200
55 60 200
55 60 200
55 60 200
55 60 200
55 60 200
55 60 200
55 60 200
55 60 200
55 60 200
55 60 200
55 60 200
55 60 200
55 60 200
55 60 200
55 60 200
55 60 200
55 60 200
55 60 200
55 60 200
55 60 200
55 60 200
55 60 200
55 60 200
55 60 200
55 60 200
55 60 200
55 60 200
55 60 200
55 60 200
55 60 200
55 60 200
55 60 200
55 60 200
55 60 200
55 60 200
55 60 200
55 60 200
55 60 200
55 60 200
55 60 200
55 60 200
55 60 200
55 60 200
55 60 200
55 60 200
55 60 200
55 60 200
56 61 200
56 61 200
56 61 200
56 61 200
56 61 200
56 61 200
56 61 200
56 61 200
56 61 200
56 61 200
56 61 200
56 61 200
56 61 200
56 61 200
56 61 200
56 61 200
56 61 200
56 61 200
56 61 200
56 61 200
56 61 200
56 61 200
56 61 200
56 61 200
56 61 200
56 61 200
56 61 200
56 61 200
56 61 200
56 61 200
56 61 200
56 61 200
56 61 200
56 61 200
56 61 200
56 61 200
56 61 200
56 61 200
56 61 200
56 61 200
56 61 200
56 61 200
56 61 200
56 61 200
56 61 200
56 61 200
56 61 200
57 62 200
57 62 200
57 62 200
57 62 200
57 62 200
57 62 200
57 62 200
57 62 200
57 62 200
57 62 200
57 62 200
57 62 200
57 62 200
57 62 200
57 62 200
57 62 200
57 62 200
57 62 200
57 62 200
57 62 200
57 62 200
57 62 200
57 62 200
57 62 200
57 62 200
57 62 200
57 62 200
57 62 200
57 62 200
57 62 200
57 62 200
57 62 200
57 62 200
57 62 200
57 62 200
57 62 200
58 63 200
58 63 200
58 63 200
58 63 200
58 63 200
58 63 200
58 63 200
58 63 200
58 63 200
58 63 200
58 63 200
58 63 200
58 63 200
58 63 200
58 63 200
58 63 200
58 63 200
58 63 200
58 63 200
58 63 200
58 63 200
58 63 200
58 63 200
58 63 200
58 63 200
58 63 200
58 63 200
58 63 200
58 63 200
58 63 200
58 63 200
58 63 200
58 63 200
58 63 200
58 63 200
58 63 200
58 63 200
58 63 200
58 63 200
58 63 200
58 63 200
58 63 200
58 63 200
58 63 200
58 63 200
58 63 200
58 63 200
58 63 200
58 63 200
58 63 200
58 63 200
58 63 200
58 63 200
58 63 200
58 63 200
59 64 200
59 64 200
59 64 200
59 64 200
59 64 200
59 64 200
59 64 200
59 64 200
59 64 200
59 64 200
59 64 200
59 64 200
59 64 200
59 64 200
59 64 200
59 64 200
59 64 200
59 64 200
59 64 200
59 64 200
59 64 200
59 64 200
59 64 200
59 64 200
59 64 200
59 64 200
59 64 200
59 64 200
59 64 200
59 64 200
59 64 200
59 64 200
59 64 200
59 64 200
59 64 200
59 64 200
59 64 200
59 64 200
59 64 200
59 64 200
59 64 200
59 64 200
59 64 200
59 64 200
59 64 200
59 64 200
59 64 200
59 64 200
59 64 200
59 64 200
59 64 200
59 64 200
59 64 200
60 65 200
60 65 200
60 65 200
60 65 200
60 65 200
60 65 200
60 65 200
60 65 200
60 65 200
60 65 200
60 65 200
60 65 200
60 65 200
60 65 200
60 65 200
60 65 200
60 65 200
60 65 200
60 65 200
60 65 200
60 65 200
60 65 200
60 65 200
60 65 200
60 65 200
60 65 200
60 65 200
60 65 200
60 65 200
60 65 200
60 65 200
60 65 200
60 65 200
60 65 200
60 65 200
60 65 200
60 65 200
60 65 200
60 65 200
60 65 200
60 65 200
60 65 200
60 65 200
60 65 200
60 65 200
61 66 200
61 66 200
61 66 200
61 66 200
61 66 200
61 66 200
61 66 200
61 66 200
61 66 200
61 66 200
61 66 200
61 66 200
61 66 200
61 66 200
61 66 200
61 66 200
61 66 200
61 66 200
61 66 200
61 66 200
61 66 200
61 66 200
61 66 200
61 66 200
61 66 200
61 66 200
61 66 200
61 66 200
61 66 200
61 66 200
61 66 200
61 66 200
61 66 200
61 66 200
61 66 200
61 66 200
61 66 200
61 66 200
61 66 200
61 66 200
61 66 200
61 66 200
61 66 200
61 66 200
61 66 200
61 66 200
61 66 200
62 67 200
62 67 200
62 67 200
62 67 200
62 67 200
62 67 200
62 67 200
62 67 200
62 67 200
62 67 200
62 67 200
62 67 200
62 67 200
62 67 200
62 67 200
62 67 200
62 67 200
62 67 200
62 67 200
62 67 200
62 67 200
62 67 200
62 67 200
62 67 200
62 67 200
62 67 200
62 67 200
62 67 200
62 67 200
62 67 200
62 67 200
62 67 200
62 67 200
62 67 200
62 67 200
62 67 200
62 67 200
62 67 200
62 67 200
62 67 200
62 67 200
62 67 200
62 67 200
62 67 200
62 67 200
63 68 200
63 68 200
63 68 200
63 68 200
63 68 200
63 68 200
63 68 200
63 68 200
63 68 200
63 68 200
63 68 200
63 68 200
63 68 200
63 68 200
63 68 200
63 68 200
63 68 200
63 68 200
63 68 200
63 68 200
63 68 200
63 68 200
63 68 200
63 68 200
63 68 200
63 68 200
63 68 200
63 68 200
63 68 200
63 68 200
63 68 200
63 68 200
63 68 200
63 68 200
63 68 200
63 68 200
63 68 200
63 68 200
63 68 200
63 68 200
63 68 200
63 68 200
63 68 200
63 68 200
63 68 200
63 68 200
63 68 200
63 68 200
63 68 200
63 68 200
63 68 200
63 68 200
63 68 200
64 69 200
64 69 200
64 69 200
64 69 200
64 69 200
64 69 200
64 69 200
64 69 200
64 69 200
64 69 200
64 69 200
64 69 200
64 69 200
64 69 200
64 69 200
64 69 200
64 69 200
64 69 200
64 69 200
64 69 200
64 69 200
64 69 200
64 69 200
64 69 200
64 69 200
64 69 200
64 69 200
64 69 200
64 69 200
64 69 200
64 69 200
64 69 200
64 69 200
64 69 200
64 69 200
64 69 200
64 69 200
64 69 200
64 69 200
64 69 200
64 69 200
64 69 200
64 69 200
64 69 200
64 69 200
64 69 200
64 69 200
64 69 200
64 69 200
64 69 200
64 69 200
64 69 200
64 69 200
64 69 200
65 70 200
65 70 200
65 70 200
65 70 200
65 70 200
65 70 200
65 70 200
65 70 200
65 70 200
65 70 200
65 70 200
65 70 200
65 70 200
65 70 200
65 70 200
65 70 200
65 70 200
65 70 200
65 70 200
65 70 200
65 70 200
65 70 200
65 70 200
65 70 200
65 70 200
65 70 200
65 70 200
65 70 200
65 70 200
65 70 200
65 70 200
65 70 200
65 70 200
65 70 200
65 70 200
65 70 200
65 70 200
65 70 200
65 70 200
65 70 200
65 70 200
65 70 200
65 70 200
65 70 200
65 70 200
65 70 200
65 70 200
65 70 200
65 70 200
65 70 200
66 71 200
66 71 200
66 71 200
66 71 200
66 71 200
66 71 200
66 71 200
66 71 200
66 71 200
66 71 200
66 71 200
66 71 200
66 71 200
66 71 200
66 71 200
66 71 200
66 71 200
66 71 200
66 71 200
66 71 200
66 71 200
66 71 200
66 71 200
66 71 200
66 71 200
66 71 200
66 71 200
66 71 200
66 71 200
66 71 200
66 71 200
66 71 200
66 71 200
66 71 200
66 71 200
66 71 200
66 71 200
66 71 200
66 71 200
66 71 200
66 71 200
66 71 200
66 71 200
66 71 200
66 71 200
66 71 200
66 71 200
66 71 200
66 71 200
66 71 200
66 71 200
66 71 200
66 71 200
66 71 200
66 71 200
66 71 200
66 71 200
66 71 200
66 71 200
66 71 200
66 71 200
66 71 200
66 71 200
66 71 200
66 71 200
66 71 200
66 71 200
67 72 200
67 72 200
67 72 200
67 72 200
67 72 200
67 72 200
67 72 200
67 72 200
67 72 200
67 72 200
67 72 200
67 72 200
67 72 200
67 72 200
67 72 200
67 72 200
67 72 200
67 72 200
67 72 200
67 72 200
67 72 200
67 72 200
67 72 200
67 72 200
67 72 200
67 72 200
67 72 200
67 72 200
67 72 200
67 72 200
67 72 200
67 72 200
67 72 200
67 72 200
67 72 200
67 72 200
67 72 200
67 72 200
67 72 200
67 72 200
67 72 200
67 72 200
67 72 200
68 73 200
68 73 200
68 73 200
68 73 200
68 73 200
68 73 200
68 73 200
68 73 200
68 73 200
68 73 200
68 73 200
68 73 200
68 73 200
68 73 200
68 73 200
68 73 200
68 73 200
68 73 200
68 73 200
68 73 200
68 73 200
68 73 200
68 73 200
68 73 200
68 73 200
68 73 200
68 73 200
68 73 200
68 73 200
68 73 200
68 73 200
68 73 200
68 73 200
68 73 200
68 73 200
68 73 200
68 73 200
68 73 200
68 73 200
68 73 200
68 73 200
68 73 200
68 73 200
68 73 200
68 73 200
68 73 200
68 73 200
68 73 200
68 73 200
68 73 200
68 73 200
68 73 200
69 74 200
69 74 200
69 74 200
69 74 200
69 74 200
69 74 200
69 74 200
69 74 200
69 74 200
69 74 200
69 74 200
69 74 200
69 74 200
69 74 200
69 74 200
69 74 200
69 74 200
69 74 200
69 74 200
69 74 200
69 74 200
69 74 200
69 74 200
69 74 200
69 74 200
69 74 200
69 74 200
69 74 200
69 74 200
69 74 200
69 74 200
69 74 200
69 74 200
69 74 200
69 74 200
69 74 200
69 74 200
69 74 200
69 74 200
69 74 200
69 74 200
69 74 200
69 74 200
69 74 200
69 74 200
69 74 200
69 74 200
69 74 200
69 74 200
70 75 200
70 75 200
70 75 200
70 75 200
70 75 200
70 75 200
70 75 200
70 75 200
70 75 200
70 75 200
70 75 200
70 75 200
70 75 200
70 75 200
70 75 200
70 75 200
70 75 200
70 75 200
70 75 200
70 75 200
70 75 200
70 75 200
70 75 200
70 75 200
70 75 200
70 75 200
70 75 200
70 75 200
70 75 200
70 75 200
70 75 200
70 75 200
70 75 200
70 75 200
70 75 200
70 75 200
70 75 200
70 75 200
70 75 200
70 75 200
70 75 200
70 75 200
70 75 200
70 75 200
70 75 200
70 75 200
70 75 200
70 75 200
70 75 200
70 75 200
70 75 200
70 75 200
70 75 200
70 75 200
70 75 200
70 75 200
70 75 200
70 75 200
70 75 200
70 75 200
70 75 200
70 75 200
71 76 200
71 76 200
71 76 200
71 76 200
71 76 200
71 76 200
71 76 200
71 76 200
71 76 200
71 76 200
71 76 200
71 76 200
71 76 200
71 76 200
71 76 200
71 76 200
71 76 200
71 76 200
71 76 200
71 76 200
71 76 200
71 76 200
71 76 200
71 76 200
71 76 200
71 76 200
71 76 200
71 76 200
71 76 200
71 76 200
71 76 200
71 76 200
71 76 200
71 76 200
71 76 200
71 76 200
71 76 200
71 76 200
71 76 200
71 76 200
71 76 200
71 76 200
71 76 200
71 76 200
71 76 200
71 76 200
71 76 200
71 76 200
71 76 200
71 76 200
71 76 200
71 76 200
71 76 200
72 77 200
72 77 200
72 77 200
72 77 200
72 77 200
72 77 200
72 77 200
72 77 200
72 77 200
72 77 200
72 77 200
72 77 200
72 77 200
72 77 200
72 77 200
72 77 200
72 77 200
72 77 200
72 77 200
72 77 200
72 77 200
72 77 200
72 77 200
72 77 200
72 77 200
72 77 200
72 77 200
72 77 200
72 77 200
72 77 200
72 77 200
72 77 200
72 77 200
72 77 200
72 77 200
72 77 200
72 77 200
72 77 200
72 77 200
72 77 200
72 77 200
73 78 200
73 78 200
73 78 200
73 78 200
73 78 200
73 78 200
73 78 200
73 78 200
73 78 200
73 78 200
73 78 200
73 78 200
73 78 200
73 78 200
73 78 200
73 78 200
73 78 200
73 78 200
73 78 200
73 78 200
73 78 200
73 78 200
73 78 200
73 78 200
73 78 200
73 78 200
73 78 200
73 78 200
73 78 200
73 78 200
73 78 200
73 78 200
73 78 200
73 78 200
73 78 200
73 78 200
73 78 200
73 78 200
73 78 200
73 78 200
73 78 200
73 78 200
73 78 200
73 78 200
73 78 200
73 78 200
73 78 200
73 78 200
73 78 200
73 78 200
73 78 200
73 78 200
74 79 200
74 79 200
74 79 200
74 79 200
74 79 200
74 79 200
74 79 200
74 79 200
74 79 200
74 79 200
74 79 200
74 79 200
74 79 200
74 79 200
74 79 200
74 79 200
74 79 200
74 79 200
74 79 200
74 79 200
74 79 200
74 79 200
74 79 200
74 79 200
74 79 200
74 79 200
74 79 200
74 79 200
74 79 200
74 79 200
74 79 200
74 79 200
74 79 200
74 79 200
74 79 200
74 79 200
74 79 200
74 79 200
74 79 200
74 79 200
74 79 200
74 79 200
74 79 200
74 79 200
74 79 200
74 79 200
74 79 200
74 79 200
74 79 200
74 79 200
74 79 200
74 79 200
75 80 200
75 80 200
75 80 200
75 80 200
75 80 200
75 80 200
75 80 200
75 80 200
75 80 200
75 80 200
75 80 200
75 80 200
75 80 200
75 80 200
75 80 200
75 80 200
75 80 200
75 80 200
75 80 200
75 80 200
75 80 200
75 80 200
75 80 200
75 80 200
75 80 200
75 80 200
75 80 200
75 80 200
75 80 200
75 80 200
75 80 200
75 80 200
75 80 200
75 80 200
75 80 200
75 80 200
75 80 200
75 80 200
75 80 200
75 80 200
75 80 200
75 80 200
75 80 200
75 80 200
75 80 200
75 80 200
75 80 200
75 80 200
75 80 200
75 80 200
75 80 200
75 80 200
75 80 200
75 80 200
76 81 200
76 81 200
76 81 200
76 81 200
76 81 200
76 81 200
76 81 200
76 81 200
76 81 200
76 81 200
76 81 200
76 81 200
76 81 200
76 81 200
76 81 200
76 81 200
76 81 200
76 81 200
76 81 200
76 81 200
76 81 200
76 81 200
76 81 200
76 81 200
76 81 200
76 81 200
76 81 200
76 81 200
76 81 200
76 81 200
76 81 200
76 81 200
76 81 200
76 81 200
76 81 200
76 81 200
76 81 200
76 81 200
76 81 200
76 81 200
76 81 200
76 81 200
76 81 200
76 81 200
76 81 200
76 81 200
76 81 200
76 81 200
76 81 200
76 81 200
76 81 200
76 81 200
76 81 200
76 81 200
76 81 200
77 82 200
77 82 200
77 82 200
77 82 200
77 82 200
77 82 200
77 82 200
77 82 200
77 82 200
77 82 200
77 82 200
77 82 200
77 82 200
77 82 200
77 82 200
77 82 200
77 82 200
77 82 200
77 82 200
77 82 200
77 82 200
77 82 200
77 82 200
77 82 200
77 82 200
77 82 200
77 82 200
77 82 200
77 82 200
77 82 200
77 82 200
77 82 200
77 82 200
77 82 200
77 82 200
77 82 200
77 82 200
77 82 200
77 82 200
77 82 200
77 82 200
77 82 200
77 82 200
77 82 200
77 82 200
77 82 200
77 82 200
77 82 200
77 82 200
77 82 200
77 82 200
77 82 200
78 83 200
78 83 200
78 83 200
78 83 200
78 83 200
78 83 200
78 83 200
78 83 200
78 83 200
78 83 200
78 83 200
78 83 200
78 83 200
78 83 200
78 83 200
78 83 200
78 83 200
78 83 200
78 83 200
78 83 200
78 83 200
78 83 200
78 83 200
78 83 200
78 83 200
78 83 200
78 83 200
78 83 200
78 83 200
78 83 200
78 83 200
78 83 200
78 83 200
78 83 200
78 83 200
78 83 200
78 83 200
78 83 200
78 83 200
78 83 200
78 83 200
78 83 200
78 83 200
78 83 200
79 84 200
79 84 200
79 84 200
79 84 200
79 84 200
79 84 200
79 84 200
79 84 200
79 84 200
79 84 200
79 84 200
79 84 200
79 84 200
79 84 200
79 84 200
79 84 200
79 84 200
79 84 200
79 84 200
79 84 200
79 84 200
79 84 200
79 84 200
79 84 200
79 84 200
79 84 200
79 84 200
79 84 200
79 84 200
79 84 200
79 84 200
79 84 200
79 84 200
79 84 200
79 84 200
79 84 200
79 84 200
79 84 200
79 84 200
79 84 200
79 84 200
79 84 200
80 85 200
80 85 200
80 85 200
80 85 200
80 85 200
80 85 200
80 85 200
80 85 200
80 85 200
80 85 200
80 85 200
80 85 200
80 85 200
80 85 200
80 85 200
80 85 200
80 85 200
80 85 200
80 85 200
80 85 200
80 85 200
80 85 200
80 85 200
80 85 200
80 85 200
80 85 200
80 85 200
80 85 200
80 85 200
80 85 200
80 85 200
80 85 200
80 85 200
80 85 200
80 85 200
80 85 200
80 85 200
80 85 200
80 85 200
80 85 200
80 85 200
80 85 200
80 85 200
80 85 200
80 85 200
80 85 200
80 85 200
81 86 200
81 86 200
81 86 200
81 86 200
81 86 200
81 86 200
81 86 200
81 86 200
81 86 200
81 86 200
81 86 200
81 86 200
81 86 200
81 86 200
81 86 200
81 86 200
81 86 200
81 86 200
81 86 200
81 86 200
81 86 200
81 86 200
81 86 200
81 86 200
81 86 200
81 86 200
81 86 200
81 86 200
81 86 200
81 86 200
81 86 200
81 86 200
81 86 200
81 86 200
81 86 200
81 86 200
81 86 200
81 86 200
81 86 200
81 86 200
81 86 200
81 86 200
81 86 200
81 86 200
81 86 200
81 86 200
82 87 200
82 87 200
82 87 200
82 87 200
82 87 200
82 87 200
82 87 200
82 87 200
82 87 200
82 87 200
82 87 200
82 87 200
82 87 200
82 87 200
82 87 200
82 87 200
82 87 200
82 87 200
82 87 200
82 87 200
82 87 200
82 87 200
82 87 200
82 87 200
82 87 200
82 87 200
82 87 200
82 87 200
82 87 200
82 87 200
82 87 200
82 87 200
82 87 200
82 87 200
82 87 200
82 87 200
82 87 200
82 87 200
82 87 200
82 87 200
82 87 200
82 87 200
82 87 200
82 87 200
82 87 200
82 87 200
82 87 200
82 87 200
82 87 200
82 87 200
82 87 200
82 87 200
82 87 200
82 87 200
82 87 200
82 87 200
82 87 200
82 87 200
82 87 200
82 87 200
82 87 200
83 88 200
83 88 200
83 88 200
83 88 200
83 88 200
83 88 200
83 88 200
83 88 200
83 88 200
83 88 200
83 88 200
83 88 200
83 88 200
83 88 200
83 88 200
83 88 200
83 88 200
83 88 200
83 88 200
83 88 200
83 88 200
83 88 200
83 88 200
83 88 200
83 88 200
83 88 200
83 88 200
83 88 200
83 88 200
83 88 200
83 88 200
83 88 200
83 88 200
83 88 200
83 88 200
83 88 200
83 88 200
83 88 200
83 88 200
83 88 200
83 88 200
83 88 200
83 88 200
83 88 200
83 88 200
84 89 200
84 89 200
84 89 200
84 89 200
84 89 200
84 89 200
84 89 200
84 89 200
84 89 200
84 89 200
84 89 200
84 89 200
84 89 200
84 89 200
84 89 200
84 89 200
84 89 200
84 89 200
84 89 200
84 89 200
84 89 200
84 89 200
84 89 200
84 89 200
84 89 200
84 89 200
84 89 200
84 89 200
84 89 200
84 89 200
84 89 200
84 89 200
84 89 200
84 89 200
84 89 200
84 89 200
84 89 200
84 89 200
84 89 200
84 89 200
84 89 200
84 89 200
84 89 200
84 89 200
84 89 200
84 89 200
85 90 200
85 90 200
85 90 200
85 90 200
85 90 200
85 90 200
85 90 200
85 90 200
85 90 200
85 90 200
85 90 200
85 90 200
85 90 200
85 90 200
85 90 200
85 90 200
85 90 200
85 90 200
85 90 200
85 90 200
85 90 200
85 90 200
85 90 200
85 90 200
85 90 200
85 90 200
85 90 200
85 90 200
85 90 200
85 90 200
85 90 200
85 90 200
85 90 200
85 90 200
85 90 200
85 90 200
85 90 200
85 90 200
85 90 200
85 90 200
85 90 200
85 90 200
85 90 200
85 90 200
85 90 200
85 90 200
85 90 200
85 90 200
85 90 200
85 90 200
85 90 200
85 90 200
85 90 200
85 90 200
85 90 200
85 90 200
85 90 200
85 90 200
85 90 200
85 90 200
85 90 200
86 91 200
86 91 200
86 91 200
86 91 200
86 91 200
86 91 200
86 91 200
86 91 200
86 91 200
86 91 200
86 91 200
86 91 200
86 91 200
86 91 200
86 91 200
86 91 200
86 91 200
86 91 200
86 91 200
86 91 200
86 91 200
86 91 200
86 91 200
86 91 200
86 91 200
86 91 200
86 91 200
86 91 200
86 91 200
86 91 200
86 91 200
86 91 200
86 91 200
86 91 200
86 91 200
86 91 200
86 91 200
86 91 200
86 91 200
86 91 200
86 91 200
86 91 200
86 91 200
86 91 200
86 91 200
86 91 200
86 91 200
86 91 200
87 92 200
87 92 200
87 92 200
87 92 200
87 92 200
87 92 200
87 92 200
87 92 200
87 92 200
87 92 200
87 92 200
87 92 200
87 92 200
87 92 200
87 92 200
87 92 200
87 92 200
87 92 200
87 92 200
87 92 200
87 92 200
87 92 200
87 92 200
87 92 200
87 92 200
87 92 200
87 92 200
87 92 200
87 92 200
87 92 200
87 92 200
87 92 200
87 92 200
87 92 200
87 92 200
87 92 200
87 92 200
87 92 200
87 92 200
87 92 200
87 92 200
87 92 200
87 92 200
87 92 200
87 92 200
87 92 200
87 92 200
88 93 200
88 93 200
88 93 200
88 93 200
88 93 200
88 93 200
88 93 200
88 93 200
88 93 200
88 93 200
88 93 200
88 93 200
88 93 200
88 93 200
88 93 200
88 93 200
88 93 200
88 93 200
88 93 200
88 93 200
88 93 200
88 93 200
88 93 200
88 93 200
88 93 200
88 93 200
88 93 200
88 93 200
88 93 200
88 93 200
88 93 200
88 93 200
88 93 200
88 93 200
88 93 200
88 93 200
88 93 200
88 93 200
88 93 200
88 93 200
88 93 200
88 93 200
88 93 200
88 93 200
88 93 200
88 93 200
88 93 200
88 93 200
88 93 200
88 93 200
88 93 200
88 93 200
88 93 200
89 94 200
89 94 200
89 94 200
89 94 200
89 94 200
89 94 200
89 94 200
89 94 200
89 94 200
89 94 200
89 94 200
89 94 200
89 94 200
89 94 200
89 94 200
89 94 200
89 94 200
89 94 200
89 94 200
89 94 200
89 94 200
89 94 200
89 94 200
89 94 200
89 94 200
89 94 200
89 94 200
89 94 200
89 94 200
89 94 200
89 94 200
89 94 200
89 94 200
89 94 200
89 94 200
89 94 200
89 94 200
89 94 200
89 94 200
89 94 200
89 94 200
89 94 200
89 94 200
89 94 200
90 95 200
90 95 200
90 95 200
90 95 200
90 95 200
90 95 200
90 95 200
90 95 200
90 95 200
90 95 200
90 95 200
90 95 200
90 95 200
90 95 200
90 95 200
90 95 200
90 95 200
90 95 200
90 95 200
90 95 200
90 95 200
90 95 200
90 95 200
90 95 200
90 95 200
90 95 200
90 95 200
90 95 200
90 95 200
90 95 200
90 95 200
90 95 200
90 95 200
90 95 200
90 95 200
90 95 200
90 95 200
90 95 200
90 95 200
90 95 200
90 95 200
90 95 200
90 95 200
90 95 200
90 95 200
90 95 200
90 95 200
90 95 200
90 95 200
90 95 200
90 95 200
90 95 200
90 95 200
90 95 200
91 96 200
91 96 200
91 96 200
91 96 200
91 96 200
91 96 200
91 96 200
91 96 200
91 96 200
91 96 200
91 96 200
91 96 200
91 96 200
91 96 200
91 96 200
91 96 200
91 96 200
91 96 200
91 96 200
91 96 200
91 96 200
91 96 200
91 96 200
91 96 200
91 96 200
91 96 200
91 96 200
91 96 200
91 96 200
91 96 200
91 96 200
91 96 200
91 96 200
91 96 200
91 96 200
91 96 200
91 96 200
91 96 200
91 96 200
91 96 200
91 96 200
91 96 200
91 96 200
91 96 200
91 96 200
91 96 200
91 96 200
91 96 200
91 96 200
91 96 200
91 96 200
92 97 200
92 97 200
92 97 200
92 97 200
92 97 200
92 97 200
92 97 200
92 97 200
92 97 200
92 97 200
92 97 200
92 97 200
92 97 200
92 97 200
92 97 200
92 97 200
92 97 200
92 97 200
92 97 200
92 97 200
92 97 200
92 97 200
92 97 200
92 97 200
92 97 200
92 97 200
92 97 200
92 97 200
92 97 200
92 97 200
92 97 200
92 97 200
92 97 200
92 97 200
92 97 200
92 97 200
92 97 200
92 97 200
92 97 200
92 97 200
92 97 200
92 97 200
92 97 200
92 97 200
92 97 200
92 97 200
92 97 200
92 97 200
92 97 200
92 97 200
92 97 200
92 97 200
92 97 200
92 97 200
93 98 200
93 98 200
93 98 200
93 98 200
93 98 200
93 98 200
93 98 200
93 98 200
93 98 200
93 98 200
93 98 200
93 98 200
93 98 200
93 98 200
93 98 200
93 98 200
93 98 200
93 98 200
93 98 200
93 98 200
93 98 200
93 98 200
93 98 200
93 98 200
93 98 200
93 98 200
93 98 200
93 98 200
93 98 200
93 98 200
93 98 200
93 98 200
93 98 200
93 98 200
93 98 200
93 98 200
93 98 200
93 98 200
93 98 200
93 98 200
93 98 200
93 98 200
93 98 200
93 98 200
93 98 200
93 98 200
93 98 200
93 98 200
93 98 200
93 98 200
93 98 200
93 98 200
93 98 200
93 98 200
94 99 200
94 99 200
94 99 200
94 99 200
94 99 200
94 99 200
94 99 200
94 99 200
94 99 200
94 99 200
94 99 200
94 99 200
94 99 200
94 99 200
94 99 200
94 99 200
94 99 200
94 99 200
94 99 200
94 99 200
94 99 200
94 99 200
94 99 200
94 99 200
94 99 200
94 99 200
94 99 200
94 99 200
94 99 200
94 99 200
94 99 200
94 99 200
94 99 200
94 99 200
94 99 200
94 99 200
94 99 200
94 99 200
94 99 200
94 99 200
94 99 200
94 99 200
94 99 200
94 99 200
94 99 200
94 99 200
94 99 200
94 99 200
94 99 200
94 99 200
94 99 200
94 99 200
94 99 200
94 99 200
94 99 200
94 99 200
94 99 200
94 99 200
94 99 200
94 99 200
95 100 200
95 100 200
95 100 200
95 100 200
95 100 200
95 100 200
95 100 200
95 100 200
95 100 200
95 100 200
95 100 200
95 100 200
95 100 200
95 100 200
95 100 200
95 100 200
95 100 200
95 100 200
95 100 200
95 100 200
95 100 200
95 100 200
95 100 200
95 100 200
95 100 200
95 100 200
95 100 200
95 100 200
95 100 200
95 100 200
95 100 200
95 100 200
95 100 200
95 100 200
95 100 200
95 100 200
95 100 200
95 100 200
95 100 200
95 100 200
95 100 200
95 100 200
95 100 200
95 100 200
95 100 200
95 100 200
95 100 200
95 100 200
95 100 200
95 100 200
95 100 200
95 100 200
95 100 200
95 100 200
96 101 200
96 101 200
96 101 200
96 101 200
96 101 200
96 101 200
96 101 200
96 101 200
96 101 200
96 101 200
96 101 200
96 101 200
96 101 200
96 101 200
96 101 200
96 101 200
96 101 200
96 101 200
96 101 200
96 101 200
96 101 200
96 101 200
96 101 200
96 101 200
96 101 200
96 101 200
96 101 200
96 101 200
96 101 200
96 101 200
96 101 200
96 101 200
96 101 200
96 101 200
96 101 200
96 101 200
96 101 200
96 101 200
96 101 200
96 101 200
96 101 200
96 101 200
96 101 200
96 101 200
96 101 200
96 101 200
96 101 200
96 101 200
96 101 200
96 101 200
96 101 200
96 101 200
96 101 200
97 102 200
97 102 200
97 102 200
97 102 200
97 102 200
97 102 200
97 102 200
97 102 200
97 102 200
97 102 200
97 102 200
97 102 200
97 102 200
97 102 200
97 102 200
97 102 200
97 102 200
97 102 200
97 102 200
97 102 200
97 102 200
97 102 200
97 102 200
97 102 200
97 102 200
97 102 200
97 102 200
97 102 200
97 102 200
97 102 200
97 102 200
97 102 200
97 102 200
97 102 200
97 102 200
97 102 200
97 102 200
97 102 200
97 102 200
97 102 200
98 103 200
98 103 200
98 103 200
98 103 200
98 103 200
98 103 200
98 103 200
98 103 200
98 103 200
98 103 200
98 103 200
98 103 200
98 103 200
98 103 200
98 103 200
98 103 200
98 103 200
98 103 200
98 103 200
98 103 200
98 103 200
98 103 200
98 103 200
98 103 200
98 103 200
98 103 200
98 103 200
98 103 200
98 103 200
98 103 200
98 103 200
98 103 200
98 103 200
98 103 200
98 103 200
98 103 200
98 103 200
98 103 200
98 103 200
98 103 200
98 103 200
98 103 200
98 103 200
98 103 200
98 103 200
98 103 200
98 103 200
98 103 200
98 103 200
98 103 200
98 103 200
98 103 200
98 103 200
98 103 200
98 103 200
98 103 200
98 103 200
98 103 200
99 104 200
99 104 200
99 104 200
99 104 200
99 104 200
99 104 200
99 104 200
99 104 200
99 104 200
99 104 200
99 104 200
99 104 200
99 104 200
99 104 200
99 104 200
99 104 200
99 104 200
99 104 200
99 104 200
99 104 200
99 104 200
99 104 200
99 104 200
99 104 200
99 104 200
99 104 200
99 104 200
99 104 200
99 104 200
99 104 200
99 104 200
99 104 200
99 104 200
99 104 200
99 104 200
99 104 200
99 104 200
99 104 200
99 104 200
99 104 200
99 104 200
99 104 200
99 104 200
99 104 200
99 104 200
99 104 200
100 105 200
100 105 200
100 105 200
100 105 200
100 105 200
100 105 200
100 105 200
100 105 200
100 105 200
100 105 200
100 105 200
100 105 200
100 105 200
100 105 200
100 105 200
100 105 200
100 105 200
100 105 200
100 105 200
100 105 200
100 105 200
100 105 200
100 105 200
100 105 200
100 105 200
100 105 200
100 105 200
100 105 200
100 105 200
100 105 200
100 105 200
100 105 200
100 105 200
100 105 200
100 105 200
100 105 200
100 105 200
100 105 200
100 105 200
100 105 200
100 105 200
100 105 200
100 105 200
100 105 200
100 105 200
100 105 200
