5000 126533
1 6 56
1 6 64
1 6 68
1 6 25
1 6 79
1 6 7
1 6 58
1 6 5
1 6 87
1 6 100
1 6 17
1 6 48
1 6 91
1 6 66
1 6 29
1 6 72
1 6 93
1 6 57
1 6 72
1 6 90
1 6 47
1 6 32
1 6 94
1 6 92
1 6 58
1 6 66
1 6 40
1 6 4
1 6 32
1 6 57
1 6 2
1 6 5
1 6 32
1 6 47
1 6 50
1 6 31
1 6 80
1 6 97
1 6 60
1 6 47
1 6 82
1 6 27
1 6 100
1 6 84
1 6 34
1 6 43
2 7 58
2 7 49
2 7 87
2 7 6
2 7 33
2 7 27
2 7 80
2 7 83
2 7 12
2 7 8
2 7 13
2 7 76
2 7 68
2 7 33
2 7 10
2 7 48
2 7 62
2 7 82
2 7 89
2 7 55
2 7 50
2 7 63
2 7 36
2 7 36
2 7 95
2 7 31
2 7 25
2 7 63
2 7 13
2 7 61
2 7 6
2 7 77
2 7 80
2 7 38
2 7 45
2 7 74
2 7 1
2 7 57
2 7 76
2 7 34
2 7 5
2 7 64
2 7 23
2 7 94
2 7 10
2 7 50
2 7 89
2 7 74
3 8 13
3 8 50
3 8 10
3 8 59
3 8 67
3 8 21
3 8 12
3 8 49
3 8 8
3 8 32
3 8 84
3 8 91
3 8 38
3 8 60
3 8 14
3 8 92
3 8 48
3 8 14
3 8 63
3 8 83
3 8 90
3 8 71
3 8 58
3 8 57
3 8 44
3 8 78
3 8 5
3 8 67
3 8 66
3 8 40
3 8 83
3 8 33
3 8 14
3 8 45
3 8 32
3 8 76
3 8 56
3 8 77
3 8 77
3 8 83
3 8 38
3 8 85
3 8 33
3 8 63
3 8 63
3 8 82
3 8 89
4 9 42
4 9 48
4 9 25
4 9 72
4 9 71
4 9 64
4 9 57
4 9 10
4 9 20
4 9 14
4 9 99
4 9 12
4 9 29
4 9 31
4 9 53
4 9 87
4 9 95
4 9 81
4 9 100
4 9 72
4 9 10
4 9 84
4 9 28
4 9 26
4 9 46
4 9 80
4 9 24
4 9 32
4 9 55
4 9 19
4 9 55
4 9 62
4 9 80
4 9 68
4 9 77
4 9 47
4 9 88
4 9 100
4 9 41
4 9 82
4 9 43
5 10 83
5 10 6
5 10 67
5 10 69
5 10 3
5 10 92
5 10 63
5 10 49
5 10 5
5 10 76
5 10 11
5 10 75
5 10 87
5 10 85
5 10 93
5 10 60
5 10 10
5 10 88
5 10 81
5 10 26
5 10 71
5 10 85
5 10 65
5 10 65
5 10 48
5 10 79
5 10 72
5 10 38
5 10 41
5 10 90
5 10 67
5 10 11
5 10 93
5 10 24
5 10 61
5 10 7
5 10 17
5 10 1
5 10 20
5 10 6
5 10 24
5 10 62
5 10 13
5 10 13
5 10 87
5 10 77
5 10 93
5 10 3
5 10 38
5 10 16
5 10 38
5 10 39
5 10 7
5 10 29
5 10 56
5 10 53
5 10 58
5 10 25
5 10 52
5 10 47
5 10 26
5 10 17
5 10 42
5 10 58
5 10 76
5 10 72
5 10 58
6 11 90
6 11 39
6 11 91
6 11 92
6 11 12
6 11 48
6 11 28
6 11 60
6 11 20
6 11 34
6 11 92
6 11 82
6 11 94
6 11 72
6 11 1
6 11 57
6 11 98
6 11 95
6 11 25
6 11 35
6 11 63
6 11 98
6 11 53
6 11 1
6 11 30
6 11 27
6 11 98
6 11 63
6 11 18
6 11 22
6 11 33
6 11 70
6 11 74
6 11 29
6 11 88
6 11 46
6 11 44
6 11 73
6 11 8
6 11 99
6 11 67
6 11 5
6 11 15
7 12 56
7 12 44
7 12 68
7 12 70
7 12 76
7 12 91
7 12 28
7 12 14
7 12 25
7 12 57
7 12 56
7 12 48
7 12 63
7 12 5
7 12 64
7 12 67
7 12 96
7 12 21
7 12 96
7 12 94
7 12 63
7 12 10
7 12 42
7 12 21
7 12 6
7 12 25
7 12 40
7 12 64
7 12 23
7 12 61
7 12 44
7 12 48
7 12 41
7 12 85
7 12 17
7 12 86
7 12 53
7 12 68
7 12 38
7 12 70
7 12 13
7 12 90
7 12 100
7 12 28
7 12 32
7 12 69
7 12 80
7 12 79
7 12 44
7 12 32
7 12 29
7 12 44
7 12 27
8 13 69
8 13 45
8 13 19
8 13 53
8 13 11
8 13 12
8 13 84
8 13 54
8 13 66
8 13 44
8 13 7
8 13 95
8 13 33
8 13 47
8 13 10
8 13 94
8 13 24
8 13 83
8 13 64
8 13 53
8 13 65
8 13 47
8 13 7
8 13 26
8 13 1
8 13 79
8 13 88
8 13 60
8 13 42
8 13 56
8 13 73
8 13 6
8 13 50
8 13 36
8 13 62
8 13 72
8 13 85
8 13 1
8 13 65
8 13 69
8 13 79
8 13 83
8 13 97
8 13 28
8 13 66
8 13 64
8 13 42
8 13 1
8 13 21
8 13 94
8 13 70
8 13 88
8 13 16
8 13 39
8 13 80
8 13 41
8 13 68
8 13 87
9 14 16
9 14 17
9 14 14
9 14 64
9 14 84
9 14 73
9 14 60
9 14 51
9 14 61
9 14 72
9 14 30
9 14 67
9 14 65
9 14 37
9 14 11
9 14 97
9 14 94
9 14 74
9 14 83
9 14 32
9 14 39
9 14 55
9 14 86
9 14 2
9 14 35
9 14 6
9 14 5
9 14 47
9 14 45
9 14 15
9 14 46
9 14 86
9 14 17
9 14 7
9 14 12
9 14 52
9 14 24
9 14 22
9 14 41
9 14 74
9 14 17
9 14 49
9 14 86
9 14 82
9 14 25
9 14 52
9 14 57
9 14 54
9 14 88
9 14 4
10 15 39
10 15 34
10 15 56
10 15 39
10 15 16
10 15 43
10 15 12
10 15 13
10 15 47
10 15 51
10 15 41
10 15 38
10 15 36
10 15 84
10 15 24
10 15 38
10 15 32
10 15 64
10 15 67
10 15 69
10 15 4
10 15 5
10 15 40
10 15 55
10 15 71
10 15 69
10 15 2
10 15 26
10 15 51
10 15 78
10 15 99
10 15 38
10 15 82
10 15 12
10 15 89
10 15 60
10 15 26
10 15 96
10 15 98
10 15 72
10 15 96
10 15 22
10 15 93
10 15 41
10 15 91
10 15 88
10 15 45
10 15 82
10 15 64
10 15 52
10 15 72
11 16 98
11 16 32
11 16 95
11 16 57
11 16 36
11 16 94
11 16 61
11 16 1
11 16 56
11 16 29
11 16 70
11 16 91
11 16 30
11 16 82
11 16 23
11 16 39
11 16 79
11 16 61
11 16 36
11 16 54
11 16 67
11 16 8
11 16 100
11 16 39
11 16 50
11 16 36
11 16 20
11 16 17
11 16 36
11 16 96
11 16 54
11 16 93
11 16 54
11 16 72
11 16 8
11 16 28
11 16 88
11 16 61
11 16 100
11 16 51
11 16 31
11 16 22
11 16 79
11 16 94
11 16 66
11 16 84
11 16 73
11 16 30
11 16 8
11 16 98
11 16 9
11 16 66
11 16 38
11 16 87
11 16 89
11 16 52
11 16 67
11 16 100
11 16 94
11 16 7
11 16 86
11 16 9
11 16 55
11 16 27
11 16 36
11 16 25
12 17 98
12 17 27
12 17 78
12 17 25
12 17 33
12 17 97
12 17 99
12 17 24
12 17 50
12 17 34
12 17 16
12 17 87
12 17 40
12 17 67
12 17 17
12 17 86
12 17 16
12 17 44
12 17 41
12 17 12
12 17 3
12 17 40
12 17 7
12 17 11
12 17 93
12 17 72
12 17 88
12 17 21
12 17 67
12 17 5
12 17 9
12 17 74
12 17 95
12 17 4
12 17 77
12 17 70
12 17 90
12 17 90
12 17 55
12 17 93
12 17 99
12 17 72
12 17 99
12 17 67
12 17 42
12 17 25
12 17 19
12 17 87
12 17 16
12 17 51
12 17 96
13 18 11
13 18 86
13 18 17
13 18 32
13 18 29
13 18 38
13 18 12
13 18 1
13 18 48
13 18 30
13 18 7
13 18 88
13 18 14
13 18 22
13 18 74
13 18 34
13 18 46
13 18 65
13 18 5
13 18 57
13 18 77
13 18 25
13 18 37
13 18 26
13 18 42
13 18 11
13 18 73
13 18 68
13 18 59
13 18 50
13 18 34
13 18 67
13 18 100
13 18 64
13 18 13
13 18 62
13 18 22
13 18 56
13 18 51
13 18 63
13 18 34
13 18 94
13 18 17
13 18 58
13 18 63
13 18 44
14 19 67
14 19 10
14 19 12
14 19 88
14 19 27
14 19 58
14 19 54
14 19 71
14 19 60
14 19 63
14 19 70
14 19 93
14 19 39
14 19 54
14 19 33
14 19 38
14 19 45
14 19 45
14 19 82
14 19 26
14 19 57
14 19 15
14 19 14
14 19 95
14 19 24
14 19 25
14 19 89
14 19 76
14 19 77
14 19 47
14 19 56
14 19 47
14 19 25
14 19 95
14 19 40
14 19 56
14 19 84
14 19 69
14 19 69
14 19 1
14 19 54
14 19 29
14 19 61
14 19 9
14 19 42
14 19 96
14 19 41
14 19 2
14 19 18
14 19 73
14 19 63
14 19 55
15 20 39
15 20 43
15 20 22
15 20 37
15 20 43
15 20 53
15 20 21
15 20 40
15 20 70
15 20 51
15 20 68
15 20 89
15 20 49
15 20 44
15 20 89
15 20 98
15 20 20
15 20 49
15 20 64
15 20 40
15 20 79
15 20 87
15 20 32
15 20 92
15 20 38
15 20 84
15 20 91
15 20 95
15 20 13
15 20 38
15 20 58
15 20 53
15 20 55
15 20 3
15 20 30
15 20 69
15 20 4
15 20 5
15 20 18
15 20 65
15 20 18
15 20 87
15 20 91
15 20 83
15 20 9
15 20 11
15 20 39
15 20 98
15 20 77
15 20 46
15 20 26
15 20 14
15 20 5
15 20 78
16 21 49
16 21 79
16 21 22
16 21 82
16 21 9
16 21 89
16 21 49
16 21 6
16 21 31
16 21 54
16 21 70
16 21 15
16 21 42
16 21 42
16 21 38
16 21 39
16 21 39
16 21 3
16 21 49
16 21 84
16 21 64
16 21 57
16 21 93
16 21 92
16 21 78
16 21 72
16 21 70
16 21 48
16 21 32
16 21 46
16 21 95
16 21 45
16 21 87
16 21 4
16 21 29
16 21 6
16 21 22
16 21 99
16 21 6
16 21 24
16 21 16
16 21 47
16 21 53
16 21 76
16 21 97
16 21 69
16 21 47
16 21 24
16 21 43
16 21 43
16 21 55
16 21 23
16 21 13
16 21 46
16 21 34
16 21 18
16 21 5
16 21 90
16 21 70
16 21 36
16 21 24
16 21 90
17 22 99
17 22 75
17 22 59
17 22 39
17 22 37
17 22 31
17 22 42
17 22 66
17 22 66
17 22 83
17 22 56
17 22 84
17 22 73
17 22 16
17 22 36
17 22 76
17 22 33
17 22 60
17 22 62
17 22 48
17 22 28
17 22 56
17 22 88
17 22 48
17 22 23
17 22 46
17 22 50
17 22 10
17 22 1
17 22 11
17 22 64
17 22 84
17 22 47
17 22 89
17 22 50
17 22 37
17 22 42
17 22 22
17 22 85
17 22 43
17 22 98
17 22 61
17 22 90
17 22 60
17 22 9
17 22 72
17 22 11
18 23 76
18 23 13
18 23 78
18 23 91
18 23 68
18 23 27
18 23 74
18 23 77
18 23 5
18 23 13
18 23 8
18 23 74
18 23 26
18 23 13
18 23 66
18 23 77
18 23 29
18 23 49
18 23 46
18 23 5
18 23 74
18 23 78
18 23 47
18 23 48
18 23 42
18 23 71
18 23 50
18 23 88
18 23 51
18 23 8
18 23 16
18 23 64
18 23 8
18 23 99
18 23 100
18 23 11
18 23 21
18 23 9
18 23 6
18 23 97
18 23 46
18 23 67
18 23 33
18 23 72
18 23 90
18 23 50
18 23 16
19 24 20
19 24 96
19 24 16
19 24 22
19 24 28
19 24 29
19 24 75
19 24 41
19 24 40
19 24 42
19 24 36
19 24 5
19 24 15
19 24 3
19 24 97
19 24 95
19 24 44
19 24 1
19 24 3
19 24 23
19 24 49
19 24 95
19 24 23
19 24 24
19 24 39
19 24 39
19 24 30
19 24 83
19 24 44
19 24 80
19 24 1
19 24 78
19 24 52
19 24 68
19 24 74
19 24 39
19 24 15
19 24 80
19 24 74
19 24 68
19 24 66
19 24 50
19 24 90
19 24 76
19 24 65
19 24 21
19 24 10
19 24 13
19 24 40
19 24 84
19 24 82
19 24 14
19 24 32
20 25 2
20 25 81
20 25 5
20 25 6
20 25 16
20 25 74
20 25 100
20 25 81
20 25 60
20 25 39
20 25 66
20 25 73
20 25 28
20 25 32
20 25 33
20 25 8
20 25 60
20 25 90
20 25 77
20 25 81
20 25 72
20 25 46
20 25 40
20 25 49
20 25 94
20 25 15
20 25 9
20 25 47
20 25 26
20 25 17
20 25 58
20 25 52
20 25 84
20 25 19
20 25 15
20 25 18
20 25 4
20 25 48
20 25 99
20 25 27
20 25 23
20 25 34
20 25 83
20 25 95
20 25 91
20 25 18
20 25 32
20 25 83
21 26 5
21 26 92
21 26 99
21 26 87
21 26 51
21 26 20
21 26 23
21 26 91
21 26 81
21 26 92
21 26 25
21 26 11
21 26 77
21 26 12
21 26 42
21 26 97
21 26 100
21 26 32
21 26 79
21 26 69
21 26 58
21 26 9
21 26 5
21 26 95
21 26 34
21 26 58
21 26 8
21 26 31
21 26 41
21 26 84
21 26 66
21 26 54
21 26 76
21 26 44
21 26 84
21 26 91
21 26 18
21 26 32
21 26 76
21 26 58
21 26 18
21 26 20
21 26 13
21 26 85
21 26 96
21 26 28
21 26 18
22 27 7
22 27 91
22 27 75
22 27 91
22 27 13
22 27 27
22 27 12
22 27 23
22 27 37
22 27 21
22 27 8
22 27 91
22 27 14
22 27 30
22 27 37
22 27 8
22 27 61
22 27 40
22 27 15
22 27 9
22 27 43
22 27 39
22 27 26
22 27 96
22 27 31
22 27 27
22 27 36
22 27 64
22 27 18
22 27 25
22 27 36
22 27 2
22 27 60
22 27 94
22 27 79
22 27 65
22 27 9
22 27 84
22 27 7
22 27 95
22 27 73
22 27 12
22 27 78
22 27 77
22 27 72
22 27 69
22 27 46
22 27 68
22 27 97
22 27 22
22 27 56
22 27 73
22 27 28
22 27 70
23 28 56
23 28 46
23 28 54
23 28 2
23 28 23
23 28 48
23 28 68
23 28 50
23 28 28
23 28 75
23 28 54
23 28 85
23 28 74
23 28 21
23 28 25
23 28 11
23 28 72
23 28 2
23 28 57
23 28 22
23 28 93
23 28 73
23 28 3
23 28 57
23 28 35
23 28 51
23 28 57
23 28 30
23 28 85
23 28 14
23 28 26
23 28 12
23 28 83
23 28 77
23 28 75
23 28 67
23 28 44
23 28 63
23 28 58
23 28 86
23 28 39
24 29 26
24 29 9
24 29 29
24 29 95
24 29 34
24 29 95
24 29 95
24 29 46
24 29 19
24 29 22
24 29 9
24 29 14
24 29 37
24 29 77
24 29 52
24 29 85
24 29 26
24 29 73
24 29 67
24 29 34
24 29 66
24 29 33
24 29 42
24 29 33
24 29 38
24 29 24
24 29 69
24 29 67
24 29 50
24 29 95
24 29 80
24 29 36
24 29 2
24 29 56
24 29 66
24 29 56
24 29 50
24 29 70
24 29 9
24 29 28
24 29 46
24 29 4
24 29 27
24 29 42
24 29 50
25 30 57
25 30 68
25 30 62
25 30 60
25 30 56
25 30 61
25 30 15
25 30 6
25 30 20
25 30 95
25 30 82
25 30 33
25 30 37
25 30 31
25 30 91
25 30 27
25 30 92
25 30 88
25 30 38
25 30 72
25 30 45
25 30 86
25 30 1
25 30 13
25 30 89
25 30 39
25 30 58
25 30 80
25 30 43
25 30 78
25 30 83
25 30 64
25 30 4
25 30 83
25 30 38
25 30 14
25 30 73
25 30 89
25 30 56
25 30 6
25 30 20
25 30 34
25 30 38
25 30 18
25 30 77
26 31 4
26 31 8
26 31 77
26 31 17
26 31 64
26 31 52
26 31 55
26 31 59
26 31 42
26 31 62
26 31 51
26 31 59
26 31 85
26 31 27
26 31 8
26 31 31
26 31 76
26 31 11
26 31 86
26 31 36
26 31 50
26 31 94
26 31 63
26 31 19
26 31 41
26 31 84
26 31 2
26 31 23
26 31 15
26 31 75
26 31 1
26 31 74
26 31 75
26 31 93
26 31 82
26 31 22
26 31 7
26 31 6
26 31 91
26 31 82
26 31 96
26 31 48
26 31 93
26 31 23
26 31 7
26 31 21
26 31 7
26 31 83
26 31 2
26 31 21
26 31 51
26 31 23
26 31 16
27 32 88
27 32 21
27 32 50
27 32 1
27 32 12
27 32 3
27 32 15
27 32 24
27 32 80
27 32 10
27 32 95
27 32 85
27 32 21
27 32 25
27 32 44
27 32 24
27 32 76
27 32 37
27 32 22
27 32 16
27 32 39
27 32 84
27 32 63
27 32 56
27 32 39
27 32 98
27 32 99
27 32 36
27 32 21
27 32 18
27 32 30
27 32 15
27 32 24
27 32 57
27 32 75
27 32 74
27 32 3
27 32 50
27 32 48
27 32 15
27 32 22
27 32 41
28 33 58
28 33 41
28 33 74
28 33 5
28 33 99
28 33 1
28 33 100
28 33 68
28 33 83
28 33 69
28 33 81
28 33 70
28 33 17
28 33 60
28 33 65
28 33 53
28 33 45
28 33 62
28 33 7
28 33 24
28 33 87
28 33 36
28 33 50
28 33 15
28 33 20
28 33 60
28 33 63
28 33 71
28 33 76
28 33 8
28 33 49
28 33 64
28 33 6
28 33 59
28 33 7
28 33 28
28 33 49
28 33 83
28 33 54
28 33 54
28 33 6
28 33 12
28 33 97
29 34 42
29 34 66
29 34 81
29 34 17
29 34 21
29 34 17
29 34 1
29 34 84
29 34 41
29 34 31
29 34 89
29 34 1
29 34 96
29 34 70
29 34 40
29 34 13
29 34 95
29 34 7
29 34 1
29 34 37
29 34 90
29 34 15
29 34 26
29 34 89
29 34 58
29 34 69
29 34 1
29 34 95
29 34 70
29 34 8
29 34 63
29 34 50
29 34 78
29 34 39
29 34 64
29 34 96
29 34 7
29 34 43
29 34 20
29 34 54
29 34 50
29 34 12
29 34 98
29 34 29
29 34 50
29 34 90
29 34 26
29 34 28
30 35 70
30 35 24
30 35 51
30 35 81
30 35 15
30 35 80
30 35 1
30 35 11
30 35 15
30 35 36
30 35 60
30 35 51
30 35 25
30 35 75
30 35 34
30 35 2
30 35 34
30 35 88
30 35 94
30 35 58
30 35 20
30 35 87
30 35 49
30 35 88
30 35 89
30 35 19
30 35 88
30 35 28
30 35 94
30 35 7
30 35 66
30 35 48
30 35 1
30 35 61
30 35 23
30 35 62
30 35 73
30 35 55
30 35 57
30 35 100
30 35 84
30 35 80
30 35 18
30 35 70
30 35 72
30 35 76
30 35 62
30 35 58
30 35 66
31 36 67
31 36 21
31 36 92
31 36 63
31 36 65
31 36 23
31 36 8
31 36 65
31 36 77
31 36 4
31 36 43
31 36 14
31 36 43
31 36 45
31 36 82
31 36 47
31 36 67
31 36 80
31 36 89
31 36 29
31 36 74
31 36 1
31 36 96
31 36 48
31 36 80
31 36 76
31 36 51
31 36 83
31 36 52
31 36 51
31 36 17
31 36 62
31 36 6
31 36 57
31 36 12
31 36 34
31 36 57
31 36 66
31 36 2
31 36 57
31 36 56
31 36 93
31 36 73
31 36 87
31 36 20
31 36 48
31 36 69
31 36 7
31 36 19
31 36 68
31 36 16
31 36 27
31 36 40
32 37 86
32 37 21
32 37 44
32 37 9
32 37 6
32 37 65
32 37 44
32 37 72
32 37 26
32 37 44
32 37 47
32 37 70
32 37 46
32 37 40
32 37 45
32 37 83
32 37 55
32 37 44
32 37 80
32 37 10
32 37 28
32 37 10
32 37 93
32 37 76
32 37 83
32 37 42
32 37 13
32 37 6
32 37 99
32 37 86
32 37 29
32 37 68
32 37 65
32 37 66
32 37 5
32 37 62
32 37 31
32 37 10
32 37 90
32 37 30
32 37 28
32 37 14
32 37 58
32 37 3
32 37 70
32 37 65
32 37 1
32 37 12
32 37 55
32 37 73
32 37 26
32 37 32
32 37 33
32 37 21
32 37 84
32 37 29
32 37 88
32 37 2
32 37 26
32 37 84
32 37 60
33 38 31
33 38 94
33 38 3
33 38 94
33 38 45
33 38 23
33 38 47
33 38 98
33 38 68
33 38 28
33 38 67
33 38 13
33 38 75
33 38 71
33 38 2
33 38 21
33 38 39
33 38 14
33 38 70
33 38 35
33 38 87
33 38 29
33 38 74
33 38 13
33 38 2
33 38 100
33 38 76
33 38 71
33 38 20
33 38 96
33 38 59
33 38 43
33 38 61
33 38 77
33 38 30
33 38 91
33 38 93
33 38 78
33 38 35
33 38 24
33 38 76
33 38 92
33 38 12
33 38 83
33 38 92
33 38 31
33 38 67
33 38 12
33 38 4
33 38 77
33 38 44
33 38 81
33 38 48
33 38 83
33 38 94
33 38 69
33 38 6
33 38 11
33 38 63
34 39 45
34 39 54
34 39 86
34 39 43
34 39 3
34 39 95
34 39 68
34 39 4
34 39 22
34 39 22
34 39 38
34 39 50
34 39 32
34 39 60
34 39 77
34 39 25
34 39 95
34 39 83
34 39 46
34 39 18
34 39 94
34 39 53
34 39 69
34 39 24
34 39 33
34 39 9
34 39 87
34 39 19
34 39 62
34 39 26
34 39 60
34 39 99
34 39 56
34 39 35
34 39 58
34 39 94
34 39 72
34 39 58
34 39 4
34 39 96
34 39 9
34 39 93
34 39 44
34 39 29
34 39 32
34 39 90
34 39 50
34 39 96
35 40 66
35 40 92
35 40 58
35 40 39
35 40 87
35 40 94
35 40 7
35 40 24
35 40 31
35 40 96
35 40 100
35 40 76
35 40 29
35 40 71
35 40 65
35 40 23
35 40 59
35 40 68
35 40 13
35 40 78
35 40 16
35 40 87
35 40 95
35 40 72
35 40 14
35 40 55
35 40 35
35 40 23
35 40 97
35 40 32
35 40 63
35 40 92
35 40 50
35 40 74
35 40 96
35 40 34
35 40 53
35 40 79
35 40 15
35 40 54
35 40 99
35 40 65
35 40 42
35 40 76
35 40 86
35 40 58
35 40 92
35 40 34
35 40 15
35 40 16
35 40 65
35 40 51
35 40 19
35 40 20
35 40 94
35 40 29
36 41 23
36 41 5
36 41 33
36 41 24
36 41 31
36 41 47
36 41 76
36 41 74
36 41 90
36 41 14
36 41 3
36 41 80
36 41 78
36 41 40
36 41 57
36 41 9
36 41 34
36 41 19
36 41 63
36 41 32
36 41 36
36 41 95
36 41 85
36 41 26
36 41 5
36 41 56
36 41 6
36 41 20
36 41 79
36 41 65
36 41 11
36 41 72
36 41 24
36 41 44
36 41 60
36 41 44
36 41 80
36 41 69
36 41 45
36 41 68
36 41 83
36 41 34
36 41 9
36 41 34
36 41 34
37 42 4
37 42 18
37 42 57
37 42 62
37 42 79
37 42 35
37 42 19
37 42 19
37 42 36
37 42 84
37 42 99
37 42 50
37 42 86
37 42 61
37 42 99
37 42 7
37 42 54
37 42 30
37 42 97
37 42 98
37 42 34
37 42 19
37 42 98
37 42 62
37 42 64
37 42 22
37 42 88
37 42 76
37 42 73
37 42 67
37 42 93
37 42 66
37 42 61
37 42 57
37 42 1
37 42 57
37 42 2
37 42 20
37 42 82
37 42 16
37 42 65
37 42 66
37 42 81
37 42 44
37 42 93
38 43 46
38 43 97
38 43 87
38 43 98
38 43 42
38 43 87
38 43 73
38 43 8
38 43 37
38 43 73
38 43 28
38 43 84
38 43 46
38 43 69
38 43 75
38 43 53
38 43 30
38 43 71
38 43 24
38 43 90
38 43 49
38 43 44
38 43 83
38 43 44
38 43 67
38 43 43
38 43 71
38 43 23
38 43 79
38 43 88
38 43 6
38 43 47
38 43 85
38 43 24
38 43 21
38 43 18
38 43 32
38 43 43
38 43 62
38 43 56
38 43 73
38 43 39
38 43 100
38 43 15
38 43 13
38 43 99
39 44 15
39 44 21
39 44 100
39 44 59
39 44 83
39 44 18
39 44 12
39 44 70
39 44 89
39 44 16
39 44 71
39 44 11
39 44 11
39 44 1
39 44 60
39 44 29
39 44 62
39 44 90
39 44 29
39 44 35
39 44 83
39 44 5
39 44 23
39 44 87
39 44 40
39 44 79
39 44 59
39 44 77
39 44 53
39 44 49
39 44 42
39 44 98
39 44 54
39 44 96
39 44 54
39 44 55
39 44 81
39 44 68
39 44 95
39 44 100
39 44 49
39 44 42
39 44 54
39 44 69
39 44 99
39 44 72
39 44 89
39 44 30
39 44 80
39 44 77
39 44 80
39 44 10
39 44 69
39 44 15
39 44 89
39 44 59
39 44 37
40 45 8
40 45 26
40 45 16
40 45 63
40 45 27
40 45 74
40 45 30
40 45 74
40 45 78
40 45 41
40 45 26
40 45 43
40 45 91
40 45 66
40 45 25
40 45 7
40 45 46
40 45 62
40 45 65
40 45 91
40 45 92
40 45 61
40 45 31
40 45 91
40 45 36
40 45 79
40 45 51
40 45 19
40 45 3
40 45 72
40 45 75
40 45 74
40 45 86
40 45 33
40 45 44
40 45 97
40 45 2
40 45 100
40 45 83
40 45 94
40 45 10
40 45 7
40 45 58
40 45 99
40 45 75
40 45 95
40 45 84
40 45 34
40 45 25
40 45 32
40 45 58
41 46 86
41 46 74
41 46 83
41 46 85
41 46 51
41 46 78
41 46 92
41 46 91
41 46 100
41 46 60
41 46 53
41 46 10
41 46 51
41 46 2
41 46 52
41 46 18
41 46 5
41 46 88
41 46 83
41 46 84
41 46 66
41 46 71
41 46 32
41 46 56
41 46 96
41 46 93
41 46 71
41 46 20
41 46 65
41 46 44
41 46 17
41 46 52
41 46 48
41 46 47
41 46 91
41 46 10
41 46 48
41 46 90
41 46 40
41 46 85
41 46 65
41 46 96
41 46 16
41 46 62
41 46 58
42 47 67
42 47 68
42 47 78
42 47 57
42 47 95
42 47 86
42 47 19
42 47 46
42 47 92
42 47 25
42 47 35
42 47 44
42 47 23
42 47 74
42 47 29
42 47 96
42 47 88
42 47 89
42 47 81
42 47 71
42 47 87
42 47 16
42 47 25
42 47 23
42 47 70
42 47 95
42 47 30
42 47 100
42 47 49
42 47 96
42 47 29
42 47 21
42 47 93
42 47 92
42 47 77
42 47 48
42 47 65
42 47 6
42 47 3
42 47 60
42 47 82
42 47 100
42 47 79
42 47 39
43 48 71
43 48 54
43 48 14
43 48 100
43 48 20
43 48 20
43 48 27
43 48 5
43 48 44
43 48 51
43 48 1
43 48 8
43 48 46
43 48 57
43 48 95
43 48 69
43 48 11
43 48 82
43 48 96
43 48 48
43 48 24
43 48 7
43 48 10
43 48 22
43 48 8
43 48 71
43 48 22
43 48 36
43 48 34
43 48 61
43 48 12
43 48 45
43 48 41
43 48 44
43 48 96
43 48 14
43 48 58
43 48 23
43 48 30
43 48 18
43 48 98
43 48 12
43 48 47
43 48 49
43 48 18
43 48 86
43 48 16
43 48 45
43 48 63
43 48 52
43 48 24
43 48 95
44 49 87
44 49 63
44 49 81
44 49 68
44 49 95
44 49 9
44 49 62
44 49 13
44 49 82
44 49 27
44 49 99
44 49 85
44 49 17
44 49 29
44 49 100
44 49 51
44 49 86
44 49 34
44 49 85
44 49 90
44 49 69
44 49 54
44 49 42
44 49 79
44 49 48
44 49 93
44 49 37
44 49 17
44 49 31
44 49 72
44 49 76
44 49 39
44 49 83
44 49 49
44 49 53
44 49 74
44 49 39
44 49 28
44 49 92
44 49 19
44 49 7
44 49 45
44 49 37
45 50 90
45 50 78
45 50 93
45 50 19
45 50 68
45 50 66
45 50 21
45 50 8
45 50 61
45 50 43
45 50 48
45 50 27
45 50 78
45 50 10
45 50 53
45 50 26
45 50 24
45 50 32
45 50 67
45 50 16
45 50 17
45 50 54
45 50 15
45 50 66
45 50 6
45 50 27
45 50 99
45 50 43
45 50 75
45 50 39
45 50 26
45 50 93
45 50 62
45 50 48
45 50 9
45 50 31
45 50 48
45 50 65
45 50 90
45 50 38
45 50 28
45 50 69
45 50 92
45 50 2
45 50 56
45 50 30
45 50 62
45 50 70
45 50 50
45 50 13
45 50 100
45 50 68
45 50 64
46 51 64
46 51 73
46 51 16
46 51 98
46 51 34
46 51 78
46 51 84
46 51 13
46 51 56
46 51 71
46 51 90
46 51 93
46 51 16
46 51 81
46 51 72
46 51 45
46 51 61
46 51 7
46 51 58
46 51 22
46 51 6
46 51 27
46 51 78
46 51 52
46 51 98
46 51 79
46 51 17
46 51 52
46 51 95
46 51 82
46 51 44
46 51 75
46 51 22
46 51 8
46 51 43
46 51 32
46 51 10
46 51 41
46 51 100
46 51 13
46 51 77
46 51 33
46 51 79
46 51 20
46 51 41
46 51 10
46 51 52
46 51 62
46 51 81
46 51 57
46 51 63
46 51 44
46 51 20
46 51 2
46 51 45
47 52 56
47 52 67
47 52 32
47 52 89
47 52 34
47 52 65
47 52 58
47 52 97
47 52 56
47 52 66
47 52 62
47 52 81
47 52 85
47 52 28
47 52 60
47 52 5
47 52 3
47 52 45
47 52 14
47 52 77
47 52 69
47 52 53
47 52 77
47 52 46
47 52 25
47 52 76
47 52 57
47 52 2
47 52 28
47 52 79
47 52 21
47 52 43
47 52 5
47 52 75
47 52 30
47 52 95
47 52 100
47 52 86
47 52 7
47 52 94
47 52 16
47 52 67
47 52 70
47 52 27
47 52 65
48 53 98
48 53 41
48 53 77
48 53 37
48 53 44
48 53 1
48 53 7
48 53 15
48 53 27
48 53 98
48 53 39
48 53 34
48 53 57
48 53 24
48 53 83
48 53 30
48 53 2
48 53 76
48 53 57
48 53 12
48 53 19
48 53 76
48 53 68
48 53 10
48 53 92
48 53 25
48 53 98
48 53 60
48 53 59
48 53 25
48 53 86
48 53 94
49 54 90
49 54 20
49 54 50
49 54 48
49 54 6
49 54 65
49 54 87
49 54 96
49 54 53
49 54 44
49 54 66
49 54 85
49 54 60
49 54 82
49 54 86
49 54 99
49 54 9
49 54 7
49 54 31
49 54 96
49 54 84
49 54 70
49 54 25
49 54 41
49 54 40
49 54 49
49 54 90
49 54 45
49 54 65
49 54 51
49 54 38
49 54 69
49 54 88
49 54 10
49 54 93
49 54 70
49 54 41
49 54 46
49 54 15
49 54 30
49 54 59
49 54 16
50 55 49
50 55 17
50 55 42
50 55 42
50 55 57
50 55 54
50 55 10
50 55 81
50 55 33
50 55 61
50 55 99
50 55 28
50 55 93
50 55 77
50 55 36
50 55 55
50 55 5
50 55 84
50 55 48
50 55 80
50 55 7
50 55 37
50 55 56
50 55 42
50 55 88
50 55 56
50 55 8
50 55 82
50 55 32
51 56 82
51 56 62
51 56 49
51 56 81
51 56 39
51 56 75
51 56 98
51 56 77
51 56 6
51 56 4
51 56 47
51 56 9
51 56 35
51 56 57
51 56 84
51 56 71
51 56 19
51 56 35
51 56 8
51 56 17
51 56 72
51 56 76
51 56 21
51 56 5
51 56 84
51 56 39
51 56 81
51 56 80
51 56 90
51 56 43
51 56 33
51 56 36
51 56 36
51 56 51
51 56 47
51 56 70
51 56 69
51 56 52
51 56 80
51 56 62
51 56 41
51 56 45
51 56 82
51 56 79
51 56 97
51 56 87
51 56 3
51 56 3
51 56 60
51 56 78
51 56 92
51 56 92
51 56 65
51 56 83
52 57 6
52 57 28
52 57 81
52 57 63
52 57 85
52 57 57
52 57 4
52 57 63
52 57 55
52 57 3
52 57 3
52 57 26
52 57 27
52 57 32
52 57 54
52 57 55
52 57 74
52 57 68
52 57 78
52 57 50
52 57 36
52 57 94
52 57 100
52 57 49
52 57 1
52 57 64
52 57 15
52 57 100
52 57 11
52 57 28
52 57 54
52 57 90
52 57 22
52 57 59
52 57 10
52 57 86
52 57 95
52 57 59
52 57 58
52 57 61
53 58 94
53 58 50
53 58 4
53 58 29
53 58 60
53 58 52
53 58 5
53 58 68
53 58 90
53 58 4
53 58 34
53 58 26
53 58 5
53 58 10
53 58 66
53 58 55
53 58 28
53 58 16
53 58 9
53 58 11
53 58 41
53 58 92
53 58 73
53 58 34
53 58 28
53 58 54
53 58 18
53 58 96
53 58 49
53 58 25
53 58 38
53 58 43
53 58 31
53 58 71
53 58 66
53 58 68
53 58 13
53 58 53
53 58 25
53 58 39
53 58 20
53 58 40
53 58 23
53 58 99
53 58 39
53 58 25
53 58 99
53 58 25
54 59 37
54 59 15
54 59 66
54 59 21
54 59 18
54 59 86
54 59 28
54 59 2
54 59 1
54 59 15
54 59 94
54 59 13
54 59 6
54 59 78
54 59 66
54 59 48
54 59 65
54 59 62
54 59 36
54 59 97
54 59 12
54 59 24
54 59 25
54 59 52
54 59 1
54 59 24
54 59 49
54 59 73
54 59 76
54 59 83
54 59 80
54 59 50
54 59 100
54 59 9
54 59 92
54 59 99
54 59 8
54 59 81
54 59 14
54 59 39
54 59 93
54 59 17
54 59 19
54 59 39
54 59 92
54 59 51
54 59 23
54 59 74
54 59 31
54 59 69
54 59 98
54 59 12
54 59 13
54 59 11
54 59 60
54 59 77
54 59 70
54 59 45
54 59 97
54 59 22
54 59 18
55 60 11
55 60 18
55 60 6
55 60 25
55 60 30
55 60 18
55 60 1
55 60 79
55 60 98
55 60 22
55 60 98
55 60 96
55 60 35
55 60 26
55 60 42
55 60 78
55 60 41
55 60 11
55 60 55
55 60 19
55 60 53
55 60 27
55 60 14
55 60 76
55 60 61
55 60 96
55 60 84
55 60 16
55 60 36
55 60 32
55 60 58
55 60 53
55 60 67
55 60 86
55 60 76
55 60 40
55 60 78
55 60 44
55 60 8
55 60 85
55 60 57
55 60 34
55 60 93
55 60 41
55 60 17
55 60 48
55 60 72
56 61 20
56 61 44
56 61 32
56 61 34
56 61 63
56 61 92
56 61 91
56 61 1
56 61 51
56 61 72
56 61 77
56 61 59
56 61 56
56 61 44
56 61 17
56 61 44
56 61 96
56 61 3
56 61 89
56 61 30
56 61 14
56 61 55
56 61 97
56 61 36
56 61 19
56 61 19
56 61 88
56 61 1
56 61 58
56 61 31
56 61 23
56 61 4
56 61 13
56 61 22
56 61 58
56 61 45
56 61 43
56 61 80
56 61 68
56 61 91
56 61 41
56 61 33
56 61 11
56 61 92
56 61 45
56 61 35
57 62 70
57 62 13
57 62 20
57 62 89
57 62 71
57 62 47
57 62 81
57 62 31
57 62 73
57 62 75
57 62 24
57 62 35
57 62 14
57 62 20
57 62 54
57 62 60
57 62 57
57 62 34
57 62 100
57 62 79
57 62 41
57 62 65
57 62 3
57 62 71
57 62 62
57 62 65
57 62 66
57 62 65
57 62 74
57 62 20
57 62 93
57 62 2
57 62 40
57 62 15
57 62 67
57 62 10
57 62 46
57 62 4
57 62 95
57 62 69
57 62 77
57 62 13
57 62 67
57 62 25
57 62 46
57 62 23
57 62 25
57 62 35
57 62 50
57 62 72
58 63 84
58 63 86
58 63 94
58 63 87
58 63 4
58 63 38
58 63 20
58 63 11
58 63 26
58 63 40
58 63 86
58 63 53
58 63 99
58 63 18
58 63 27
58 63 45
58 63 82
58 63 73
58 63 4
58 63 92
58 63 35
58 63 94
58 63 49
58 63 39
58 63 31
58 63 8
58 63 7
58 63 68
58 63 69
58 63 21
58 63 19
58 63 55
58 63 1
58 63 88
58 63 49
58 63 85
58 63 73
58 63 58
58 63 7
58 63 3
58 63 90
58 63 95
58 63 14
58 63 59
58 63 16
58 63 6
58 63 83
58 63 6
58 63 45
58 63 85
58 63 4
58 63 42
58 63 32
58 63 6
58 63 20
58 63 1
59 64 30
59 64 87
59 64 71
59 64 69
59 64 12
59 64 11
59 64 81
59 64 69
59 64 92
59 64 35
59 64 79
59 64 97
59 64 48
59 64 60
59 64 73
59 64 85
59 64 25
59 64 40
59 64 88
59 64 66
59 64 81
59 64 8
59 64 10
59 64 28
59 64 23
59 64 38
59 64 75
59 64 100
59 64 30
59 64 25
59 64 22
59 64 54
59 64 25
59 64 6
59 64 61
59 64 73
59 64 49
59 64 46
59 64 68
60 65 41
60 65 8
60 65 57
60 65 98
60 65 33
60 65 76
60 65 10
60 65 23
60 65 45
60 65 11
60 65 49
60 65 19
60 65 27
60 65 50
60 65 69
60 65 68
60 65 61
60 65 70
60 65 25
60 65 32
60 65 80
60 65 8
60 65 17
60 65 28
60 65 15
60 65 31
60 65 80
60 65 28
60 65 35
60 65 12
60 65 16
60 65 53
60 65 14
60 65 42
60 65 77
60 65 92
60 65 39
60 65 85
60 65 25
60 65 83
60 65 6
60 65 25
60 65 21
60 65 1
60 65 66
60 65 64
61 66 73
61 66 12
61 66 85
61 66 56
61 66 84
61 66 85
61 66 52
61 66 76
61 66 79
61 66 23
61 66 10
61 66 96
61 66 80
61 66 84
61 66 77
61 66 79
61 66 40
61 66 3
61 66 41
61 66 60
61 66 93
61 66 61
61 66 3
61 66 67
61 66 22
61 66 19
61 66 46
61 66 71
61 66 89
61 66 84
61 66 44
61 66 81
61 66 92
61 66 41
61 66 88
61 66 32
61 66 12
61 66 79
61 66 27
61 66 72
61 66 37
61 66 93
61 66 44
61 66 71
61 66 91
61 66 23
61 66 97
61 66 96
61 66 82
61 66 78
61 66 76
62 67 50
62 67 38
62 67 52
62 67 48
62 67 34
62 67 17
62 67 93
62 67 76
62 67 64
62 67 43
62 67 26
62 67 76
62 67 65
62 67 85
62 67 32
62 67 9
62 67 11
62 67 39
62 67 50
62 67 82
62 67 27
62 67 37
62 67 47
62 67 52
62 67 41
62 67 42
62 67 4
62 67 33
62 67 73
62 67 86
62 67 54
62 67 37
62 67 26
62 67 20
62 67 80
62 67 37
62 67 17
62 67 48
62 67 18
62 67 53
62 67 69
62 67 58
62 67 36
62 67 68
62 67 92
62 67 61
62 67 86
63 68 68
63 68 51
63 68 12
63 68 5
63 68 34
63 68 32
63 68 16
63 68 89
63 68 58
63 68 79
63 68 8
63 68 18
63 68 9
63 68 51
63 68 5
63 68 32
63 68 82
63 68 67
63 68 34
63 68 62
63 68 22
63 68 40
63 68 64
63 68 15
63 68 68
63 68 87
63 68 6
63 68 61
63 68 98
63 68 59
63 68 41
63 68 19
63 68 69
63 68 71
63 68 67
63 68 50
63 68 86
63 68 42
63 68 31
63 68 96
63 68 69
63 68 85
63 68 8
64 69 43
64 69 97
64 69 46
64 69 73
64 69 79
64 69 89
64 69 11
64 69 18
64 69 88
64 69 50
64 69 82
64 69 25
64 69 7
64 69 42
64 69 12
64 69 45
64 69 66
64 69 83
64 69 98
64 69 61
64 69 46
64 69 36
64 69 72
64 69 9
64 69 26
64 69 6
64 69 56
64 69 12
64 69 38
64 69 72
64 69 76
64 69 52
64 69 79
64 69 55
64 69 88
64 69 61
64 69 57
64 69 78
64 69 49
64 69 53
64 69 91
64 69 56
64 69 79
64 69 92
64 69 29
64 69 74
64 69 95
64 69 54
65 70 93
65 70 57
65 70 69
65 70 85
65 70 83
65 70 33
65 70 62
65 70 76
65 70 79
65 70 88
65 70 7
65 70 68
65 70 14
65 70 11
65 70 29
65 70 95
65 70 54
65 70 73
65 70 72
65 70 20
65 70 68
65 70 39
65 70 32
65 70 13
65 70 73
65 70 85
65 70 14
65 70 73
65 70 20
65 70 49
65 70 4
65 70 65
65 70 77
65 70 46
65 70 76
65 70 29
65 70 56
65 70 87
65 70 35
65 70 61
65 70 76
65 70 87
65 70 77
65 70 71
65 70 91
65 70 7
65 70 36
65 70 18
65 70 78
66 71 80
66 71 83
66 71 97
66 71 68
66 71 81
66 71 80
66 71 44
66 71 6
66 71 62
66 71 47
66 71 42
66 71 97
66 71 30
66 71 97
66 71 71
66 71 26
66 71 25
66 71 61
66 71 76
66 71 93
66 71 64
66 71 5
66 71 13
66 71 64
66 71 20
66 71 53
66 71 95
66 71 87
66 71 38
66 71 47
66 71 100
66 71 71
66 71 28
66 71 17
66 71 37
66 71 27
66 71 52
66 71 31
66 71 22
66 71 84
66 71 84
66 71 22
66 71 70
66 71 76
66 71 64
66 71 98
66 71 26
66 71 78
66 71 30
66 71 54
66 71 51
66 71 47
66 71 92
66 71 67
66 71 13
66 71 77
66 71 81
66 71 31
67 72 19
67 72 36
67 72 98
67 72 15
67 72 38
67 72 47
67 72 3
67 72 40
67 72 17
67 72 20
67 72 70
67 72 22
67 72 3
67 72 87
67 72 3
67 72 30
67 72 25
67 72 42
67 72 84
67 72 8
67 72 14
67 72 1
67 72 76
67 72 55
67 72 61
67 72 14
67 72 75
67 72 57
67 72 16
67 72 87
67 72 57
67 72 29
67 72 95
67 72 35
67 72 39
67 72 4
67 72 85
67 72 59
67 72 53
67 72 50
67 72 12
67 72 46
67 72 31
67 72 54
67 72 33
67 72 21
67 72 70
68 73 60
68 73 91
68 73 10
68 73 57
68 73 78
68 73 20
68 73 7
68 73 86
68 73 99
68 73 66
68 73 10
68 73 81
68 73 7
68 73 55
68 73 47
68 73 61
68 73 44
68 73 15
68 73 81
68 73 70
68 73 63
68 73 99
68 73 67
68 73 19
68 73 99
68 73 95
68 73 48
68 73 21
68 73 43
68 73 38
68 73 45
68 73 36
68 73 37
68 73 61
68 73 53
68 73 7
68 73 6
68 73 3
68 73 5
68 73 4
68 73 79
68 73 57
68 73 1
68 73 46
68 73 55
68 73 59
68 73 52
68 73 16
68 73 76
68 73 81
68 73 13
68 73 28
68 73 18
68 73 39
68 73 21
68 73 81
68 73 64
68 73 7
68 73 72
69 74 73
69 74 77
69 74 49
69 74 13
69 74 25
69 74 27
69 74 86
69 74 59
69 74 36
69 74 80
69 74 30
69 74 52
69 74 70
69 74 75
69 74 57
69 74 21
69 74 18
69 74 9
69 74 80
69 74 77
69 74 43
69 74 67
69 74 71
69 74 83
69 74 49
69 74 52
69 74 78
69 74 44
69 74 4
69 74 57
69 74 39
69 74 95
69 74 56
69 74 21
69 74 13
69 74 78
69 74 29
69 74 21
69 74 25
69 74 54
69 74 44
69 74 91
69 74 65
69 74 30
69 74 3
70 75 36
70 75 63
70 75 91
70 75 24
70 75 45
70 75 91
70 75 38
70 75 75
70 75 41
70 75 17
70 75 78
70 75 28
70 75 97
70 75 4
70 75 42
70 75 75
70 75 90
70 75 91
70 75 37
70 75 80
70 75 61
70 75 81
70 75 58
70 75 56
70 75 95
70 75 23
70 75 80
70 75 8
70 75 11
70 75 8
70 75 27
70 75 48
70 75 71
70 75 97
70 75 78
70 75 68
70 75 68
70 75 52
70 75 98
70 75 69
70 75 16
70 75 3
70 75 76
70 75 17
70 75 88
70 75 22
70 75 78
70 75 51
70 75 62
70 75 30
70 75 39
70 75 83
70 75 54
70 75 99
70 75 84
70 75 66
70 75 23
70 75 70
70 75 7
70 75 100
70 75 23
70 75 70
70 75 61
70 75 61
70 75 16
71 76 47
71 76 81
71 76 19
71 76 19
71 76 27
71 76 73
71 76 12
71 76 17
71 76 44
71 76 39
71 76 99
71 76 84
71 76 2
71 76 7
71 76 93
71 76 63
71 76 89
71 76 4
71 76 34
71 76 39
71 76 83
71 76 37
71 76 1
71 76 50
71 76 3
71 76 15
71 76 18
71 76 32
71 76 13
71 76 70
71 76 18
71 76 36
71 76 100
71 76 93
71 76 92
71 76 35
71 76 79
71 76 59
71 76 95
71 76 42
71 76 22
71 76 73
71 76 87
71 76 27
71 76 53
71 76 87
71 76 20
71 76 39
71 76 84
71 76 46
71 76 26
71 76 38
71 76 33
71 76 10
71 76 78
71 76 78
71 76 81
71 76 47
71 76 92
71 76 75
71 76 100
71 76 90
72 77 61
72 77 86
72 77 61
72 77 19
72 77 97
72 77 85
72 77 53
72 77 93
72 77 48
72 77 20
72 77 6
72 77 81
72 77 23
72 77 25
72 77 66
72 77 99
72 77 81
72 77 75
72 77 42
72 77 100
72 77 25
72 77 6
72 77 53
72 77 23
72 77 18
72 77 56
72 77 7
72 77 21
72 77 52
72 77 81
72 77 99
72 77 29
72 77 31
72 77 40
72 77 3
72 77 72
72 77 90
72 77 87
72 77 68
72 77 82
72 77 80
72 77 31
72 77 18
72 77 8
72 77 59
72 77 97
72 77 7
72 77 30
72 77 61
72 77 81
72 77 35
72 77 89
72 77 68
72 77 91
72 77 70
72 77 52
72 77 65
72 77 5
72 77 98
72 77 12
72 77 88
73 78 66
73 78 33
73 78 92
73 78 61
73 78 70
73 78 40
73 78 84
73 78 49
73 78 17
73 78 27
73 78 21
73 78 100
73 78 20
73 78 41
73 78 8
73 78 46
73 78 62
73 78 57
73 78 30
73 78 21
73 78 55
73 78 63
73 78 72
73 78 17
73 78 28
73 78 41
73 78 59
73 78 23
73 78 62
73 78 27
73 78 43
73 78 91
73 78 33
73 78 97
73 78 74
73 78 4
73 78 78
73 78 42
73 78 14
73 78 67
73 78 23
73 78 68
73 78 13
73 78 84
73 78 2
73 78 44
73 78 8
73 78 66
73 78 29
73 78 16
73 78 24
73 78 31
74 79 85
74 79 36
74 79 22
74 79 81
74 79 34
74 79 58
74 79 82
74 79 53
74 79 46
74 79 86
74 79 37
74 79 47
74 79 61
74 79 24
74 79 38
74 79 36
74 79 17
74 79 20
74 79 100
74 79 29
74 79 22
74 79 49
74 79 58
74 79 99
74 79 33
74 79 9
74 79 39
74 79 15
74 79 92
74 79 52
74 79 24
74 79 99
74 79 92
74 79 14
74 79 38
74 79 47
74 79 57
74 79 89
74 79 72
74 79 10
74 79 70
74 79 33
74 79 35
74 79 95
74 79 79
74 79 79
74 79 81
74 79 19
74 79 98
75 80 100
75 80 38
75 80 10
75 80 82
75 80 27
75 80 4
75 80 97
75 80 39
75 80 26
75 80 84
75 80 46
75 80 37
75 80 59
75 80 91
75 80 40
75 80 35
75 80 87
75 80 30
75 80 99
75 80 41
75 80 48
75 80 30
75 80 23
75 80 9
75 80 75
75 80 27
75 80 3
75 80 27
75 80 28
75 80 7
75 80 59
75 80 54
75 80 85
75 80 30
75 80 34
75 80 74
75 80 15
75 80 57
75 80 83
75 80 61
75 80 52
75 80 78
75 80 82
75 80 51
75 80 62
75 80 18
75 80 21
75 80 72
75 80 35
75 80 65
75 80 41
75 80 86
75 80 51
75 80 10
75 80 24
75 80 40
75 80 32
75 80 90
75 80 48
75 80 11
75 80 25
75 80 49
76 81 14
76 81 89
76 81 67
76 81 28
76 81 42
76 81 41
76 81 94
76 81 51
76 81 70
76 81 41
76 81 4
76 81 88
76 81 34
76 81 32
76 81 16
76 81 37
76 81 38
76 81 57
76 81 46
76 81 20
76 81 41
76 81 6
76 81 95
76 81 72
76 81 50
76 81 15
76 81 23
76 81 79
76 81 59
76 81 58
76 81 19
76 81 86
76 81 91
76 81 96
76 81 62
76 81 80
76 81 60
76 81 60
76 81 81
76 81 38
76 81 3
76 81 76
76 81 59
76 81 6
76 81 77
76 81 66
76 81 37
76 81 56
76 81 59
76 81 18
77 82 84
77 82 98
77 82 93
77 82 7
77 82 93
77 82 92
77 82 86
77 82 11
77 82 68
77 82 34
77 82 29
77 82 37
77 82 9
77 82 66
77 82 20
77 82 7
77 82 65
77 82 76
77 82 77
77 82 12
77 82 81
77 82 67
77 82 29
77 82 97
77 82 47
77 82 51
77 82 64
77 82 27
77 82 72
77 82 86
77 82 28
77 82 44
77 82 73
77 82 32
77 82 50
77 82 9
77 82 41
77 82 72
77 82 55
77 82 18
77 82 17
77 82 56
77 82 40
77 82 98
77 82 84
77 82 41
77 82 11
77 82 85
77 82 74
77 82 11
77 82 46
77 82 39
77 82 81
78 83 63
78 83 8
78 83 97
78 83 25
78 83 75
78 83 83
78 83 37
78 83 85
78 83 7
78 83 93
78 83 37
78 83 57
78 83 83
78 83 3
78 83 76
78 83 50
78 83 64
78 83 88
78 83 51
78 83 21
78 83 60
78 83 80
78 83 18
78 83 41
78 83 75
78 83 51
78 83 25
78 83 78
78 83 8
78 83 61
78 83 98
78 83 26
78 83 91
78 83 41
78 83 16
78 83 100
78 83 41
78 83 35
78 83 16
78 83 16
78 83 17
78 83 55
78 83 21
78 83 57
78 83 27
78 83 61
78 83 17
78 83 25
78 83 55
78 83 100
78 83 88
78 83 79
78 83 75
78 83 57
78 83 20
78 83 57
78 83 79
78 83 18
78 83 55
78 83 52
78 83 90
78 83 8
78 83 98
78 83 6
78 83 53
78 83 35
78 83 38
79 84 82
79 84 41
79 84 29
79 84 86
79 84 98
79 84 65
79 84 40
79 84 70
79 84 30
79 84 14
79 84 92
79 84 79
79 84 15
79 84 40
79 84 23
79 84 1
79 84 70
79 84 66
79 84 29
79 84 70
79 84 86
79 84 63
79 84 18
79 84 72
79 84 71
79 84 22
79 84 51
79 84 29
79 84 11
79 84 40
79 84 92
79 84 40
79 84 97
79 84 23
79 84 56
79 84 10
79 84 72
79 84 3
79 84 80
79 84 54
79 84 51
80 85 13
80 85 30
80 85 95
80 85 68
80 85 80
80 85 92
80 85 17
80 85 39
80 85 3
80 85 51
80 85 38
80 85 35
80 85 25
80 85 50
80 85 43
80 85 23
80 85 48
80 85 12
80 85 20
80 85 71
80 85 76
80 85 5
80 85 58
80 85 9
80 85 54
80 85 5
80 85 74
80 85 63
80 85 55
80 85 34
80 85 41
80 85 45
80 85 80
80 85 19
80 85 11
80 85 52
80 85 46
80 85 68
80 85 60
80 85 37
80 85 64
80 85 98
80 85 30
80 85 89
80 85 70
80 85 10
80 85 47
80 85 4
80 85 10
80 85 52
80 85 93
80 85 51
80 85 9
81 86 5
81 86 23
81 86 48
81 86 63
81 86 17
81 86 34
81 86 6
81 86 45
81 86 38
81 86 65
81 86 8
81 86 10
81 86 43
81 86 59
81 86 61
81 86 100
81 86 94
81 86 8
81 86 99
81 86 23
81 86 84
81 86 29
81 86 35
81 86 29
81 86 75
81 86 81
81 86 17
81 86 5
81 86 62
81 86 46
81 86 44
81 86 92
81 86 52
81 86 25
81 86 68
81 86 1
81 86 15
81 86 42
81 86 53
81 86 43
81 86 33
81 86 63
81 86 98
81 86 62
81 86 54
81 86 27
81 86 97
81 86 15
81 86 52
81 86 81
82 87 73
82 87 63
82 87 20
82 87 21
82 87 63
82 87 90
82 87 39
82 87 70
82 87 84
82 87 9
82 87 86
82 87 44
82 87 72
82 87 67
82 87 79
82 87 50
82 87 34
82 87 83
82 87 91
82 87 13
82 87 2
82 87 92
82 87 53
82 87 35
82 87 26
82 87 22
82 87 97
82 87 30
82 87 10
82 87 58
82 87 80
82 87 8
82 87 46
82 87 60
82 87 72
82 87 18
82 87 95
82 87 91
82 87 82
82 87 66
82 87 98
82 87 60
82 87 53
82 87 72
82 87 80
82 87 79
82 87 38
82 87 76
83 88 58
83 88 84
83 88 59
83 88 63
83 88 15
83 88 49
83 88 19
83 88 49
83 88 40
83 88 64
83 88 99
83 88 50
83 88 38
83 88 93
83 88 60
83 88 8
83 88 55
83 88 81
83 88 52
83 88 30
83 88 97
83 88 92
83 88 27
83 88 84
83 88 67
83 88 55
83 88 76
83 88 80
83 88 24
83 88 97
83 88 52
83 88 74
83 88 99
83 88 87
83 88 70
83 88 37
83 88 9
83 88 59
83 88 28
83 88 77
83 88 80
83 88 36
83 88 16
83 88 11
83 88 98
83 88 58
84 89 92
84 89 44
84 89 71
84 89 12
84 89 68
84 89 89
84 89 50
84 89 28
84 89 74
84 89 48
84 89 39
84 89 31
84 89 65
84 89 48
84 89 50
84 89 69
84 89 87
84 89 82
84 89 46
84 89 31
84 89 21
84 89 76
84 89 14
84 89 71
84 89 59
84 89 89
84 89 97
84 89 53
84 89 40
84 89 39
84 89 18
84 89 55
84 89 35
84 89 84
84 89 76
84 89 40
84 89 66
84 89 47
84 89 8
84 89 13
84 89 57
84 89 2
84 89 63
84 89 27
84 89 77
84 89 73
84 89 17
84 89 5
84 89 84
84 89 9
85 90 28
85 90 73
85 90 18
85 90 55
85 90 52
85 90 82
85 90 10
85 90 65
85 90 93
85 90 10
85 90 55
85 90 79
85 90 28
85 90 17
85 90 55
85 90 45
85 90 8
85 90 98
85 90 96
85 90 95
85 90 72
85 90 47
85 90 93
85 90 32
85 90 48
85 90 20
85 90 51
85 90 50
85 90 46
85 90 76
85 90 26
85 90 80
85 90 38
85 90 1
85 90 85
85 90 2
85 90 87
85 90 71
85 90 48
85 90 100
85 90 48
85 90 1
85 90 100
85 90 81
85 90 35
85 90 70
85 90 89
85 90 26
85 90 72
85 90 14
85 90 50
85 90 80
85 90 61
85 90 76
85 90 96
85 90 46
85 90 74
85 90 88
85 90 92
85 90 25
85 90 54
85 90 50
85 90 45
85 90 92
85 90 39
86 91 53
86 91 74
86 91 75
86 91 32
86 91 65
86 91 7
86 91 60
86 91 89
86 91 87
86 91 98
86 91 87
86 91 84
86 91 44
86 91 13
86 91 15
86 91 80
86 91 86
86 91 89
86 91 7
86 91 97
86 91 17
86 91 53
86 91 87
86 91 75
86 91 97
86 91 27
86 91 13
86 91 86
86 91 99
86 91 84
86 91 1
86 91 34
86 91 21
86 91 6
86 91 1
86 91 31
86 91 25
86 91 2
86 91 59
86 91 74
86 91 52
86 91 34
86 91 87
86 91 10
86 91 2
86 91 100
86 91 56
86 91 90
86 91 20
86 91 87
87 92 50
87 92 6
87 92 13
87 92 23
87 92 19
87 92 25
87 92 39
87 92 22
87 92 97
87 92 75
87 92 30
87 92 9
87 92 72
87 92 39
87 92 86
87 92 87
87 92 83
87 92 51
87 92 17
87 92 55
87 92 4
87 92 28
87 92 30
87 92 56
87 92 84
87 92 57
87 92 99
87 92 45
87 92 67
87 92 24
87 92 52
87 92 82
87 92 46
87 92 6
87 92 53
87 92 57
87 92 8
87 92 36
87 92 31
87 92 16
87 92 27
87 92 77
87 92 60
87 92 10
87 92 11
87 92 12
87 92 96
87 92 13
87 92 54
87 92 57
87 92 53
87 92 66
87 92 75
87 92 99
87 92 27
87 92 76
87 92 62
88 93 42
88 93 43
88 93 53
88 93 21
88 93 99
88 93 69
88 93 35
88 93 100
88 93 28
88 93 42
88 93 13
88 93 3
88 93 86
88 93 49
88 93 22
88 93 15
88 93 55
88 93 29
88 93 2
88 93 28
88 93 70
88 93 50
88 93 100
88 93 50
88 93 41
88 93 57
88 93 1
88 93 92
88 93 61
88 93 7
88 93 98
88 93 50
88 93 37
88 93 27
88 93 84
88 93 72
88 93 25
88 93 20
88 93 18
88 93 35
88 93 51
88 93 10
88 93 28
88 93 37
89 94 83
89 94 82
89 94 88
89 94 7
89 94 99
89 94 7
89 94 96
89 94 94
89 94 69
89 94 84
89 94 21
89 94 13
89 94 49
89 94 6
89 94 1
89 94 19
89 94 50
89 94 66
89 94 93
89 94 48
89 94 7
89 94 75
89 94 88
89 94 58
89 94 16
89 94 70
89 94 11
89 94 6
89 94 5
89 94 82
89 94 41
89 94 28
89 94 96
89 94 75
89 94 81
89 94 85
89 94 71
89 94 26
89 94 18
89 94 46
89 94 57
89 94 39
89 94 75
89 94 15
89 94 52
89 94 40
89 94 35
90 95 79
90 95 91
90 95 56
90 95 35
90 95 86
90 95 17
90 95 15
90 95 14
90 95 15
90 95 73
90 95 86
90 95 70
90 95 64
90 95 3
90 95 72
90 95 4
90 95 96
90 95 62
90 95 73
90 95 80
90 95 56
90 95 39
90 95 48
90 95 15
90 95 28
90 95 21
90 95 58
90 95 5
90 95 25
90 95 42
90 95 38
90 95 86
90 95 87
90 95 71
90 95 32
90 95 52
90 95 57
90 95 66
90 95 26
90 95 32
90 95 34
90 95 69
90 95 26
90 95 22
91 96 37
91 96 46
91 96 82
91 96 23
91 96 85
91 96 40
91 96 8
91 96 24
91 96 93
91 96 28
91 96 17
91 96 50
91 96 14
91 96 68
91 96 53
91 96 97
91 96 88
91 96 91
91 96 4
91 96 100
91 96 30
91 96 56
91 96 7
91 96 67
91 96 15
91 96 47
91 96 8
91 96 43
91 96 54
91 96 32
91 96 22
91 96 71
91 96 63
91 96 81
91 96 6
91 96 80
91 96 83
91 96 42
91 96 72
91 96 50
91 96 36
91 96 50
92 97 4
92 97 19
92 97 40
92 97 35
92 97 31
92 97 40
92 97 72
92 97 31
92 97 81
92 97 23
92 97 12
92 97 100
92 97 27
92 97 14
92 97 7
92 97 5
92 97 94
92 97 43
92 97 43
92 97 24
92 97 40
92 97 8
92 97 53
92 97 27
92 97 44
92 97 94
92 97 57
92 97 94
92 97 52
92 97 84
92 97 12
92 97 40
92 97 86
92 97 15
92 97 28
92 97 6
92 97 64
92 97 19
92 97 31
92 97 27
92 97 32
92 97 42
92 97 100
92 97 33
92 97 14
92 97 86
92 97 4
92 97 97
92 97 46
92 97 90
92 97 29
93 98 83
93 98 68
93 98 22
93 98 19
93 98 72
93 98 75
93 98 14
93 98 5
93 98 27
93 98 13
93 98 12
93 98 22
93 98 70
93 98 71
93 98 72
93 98 98
93 98 37
93 98 56
93 98 30
93 98 98
93 98 90
93 98 39
93 98 21
93 98 96
93 98 64
93 98 23
93 98 42
93 98 93
93 98 16
93 98 9
93 98 33
93 98 30
93 98 82
93 98 65
93 98 26
93 98 73
93 98 61
93 98 22
93 98 62
93 98 71
93 98 56
93 98 84
93 98 22
93 98 23
93 98 78
93 98 58
93 98 60
93 98 62
93 98 50
93 98 78
93 98 21
93 98 40
93 98 83
93 98 9
93 98 45
93 98 73
93 98 89
94 99 71
94 99 95
94 99 24
94 99 53
94 99 80
94 99 58
94 99 24
94 99 81
94 99 91
94 99 86
94 99 41
94 99 86
94 99 79
94 99 90
94 99 25
94 99 4
94 99 61
94 99 8
94 99 55
94 99 3
94 99 74
94 99 64
94 99 78
94 99 84
94 99 14
94 99 65
94 99 45
94 99 32
94 99 51
94 99 2
94 99 27
94 99 47
94 99 89
94 99 65
94 99 7
94 99 100
94 99 72
94 99 27
94 99 27
94 99 93
94 99 58
94 99 20
94 99 34
94 99 94
94 99 83
94 99 38
94 99 64
95 100 4
95 100 31
95 100 70
95 100 59
95 100 95
95 100 92
95 100 46
95 100 95
95 100 28
95 100 61
95 100 92
95 100 22
95 100 22
95 100 23
95 100 16
95 100 28
95 100 80
95 100 44
95 100 57
95 100 11
95 100 86
95 100 8
95 100 80
95 100 34
95 100 76
95 100 47
95 100 31
95 100 21
95 100 91
95 100 23
95 100 69
95 100 80
95 100 58
95 100 34
95 100 42
95 100 61
95 100 64
95 100 52
95 100 37
95 100 58
96 101 10
96 101 17
96 101 6
96 101 85
96 101 84
96 101 100
96 101 12
96 101 87
96 101 81
96 101 74
96 101 41
96 101 17
96 101 52
96 101 46
96 101 11
96 101 31
96 101 87
96 101 6
96 101 75
96 101 32
96 101 14
96 101 5
96 101 15
96 101 66
96 101 94
96 101 94
96 101 51
96 101 8
96 101 47
96 101 95
96 101 5
96 101 9
96 101 55
96 101 24
96 101 20
96 101 86
96 101 66
97 102 87
97 102 71
97 102 45
97 102 72
97 102 62
97 102 28
97 102 74
97 102 13
97 102 57
97 102 6
97 102 26
97 102 58
97 102 90
97 102 16
97 102 99
97 102 24
97 102 73
97 102 29
97 102 72
97 102 78
97 102 59
97 102 25
97 102 23
97 102 74
97 102 42
97 102 11
97 102 2
97 102 36
97 102 55
97 102 92
97 102 91
97 102 65
97 102 41
97 102 84
97 102 24
97 102 69
97 102 10
97 102 55
97 102 44
97 102 42
97 102 32
97 102 8
97 102 100
97 102 21
97 102 84
97 102 20
97 102 100
97 102 59
97 102 41
97 102 91
97 102 48
97 102 26
97 102 56
97 102 5
97 102 37
97 102 59
97 102 29
98 103 41
98 103 14
98 103 55
98 103 34
98 103 74
98 103 80
98 103 11
98 103 85
98 103 79
98 103 83
98 103 94
98 103 35
98 103 59
98 103 53
98 103 70
98 103 1
98 103 31
98 103 68
98 103 62
98 103 37
98 103 5
98 103 77
98 103 17
98 103 37
98 103 27
98 103 73
98 103 96
98 103 2
98 103 60
98 103 95
98 103 74
98 103 77
98 103 51
98 103 72
98 103 88
98 103 93
98 103 4
98 103 14
98 103 90
98 103 78
98 103 61
98 103 84
98 103 34
98 103 64
98 103 95
98 103 1
98 103 39
98 103 58
98 103 35
98 103 77
98 103 39
98 103 40
98 103 5
98 103 60
98 103 31
98 103 27
98 103 58
98 103 90
98 103 90
98 103 42
99 104 94
99 104 98
99 104 55
99 104 30
99 104 39
99 104 89
99 104 61
99 104 38
99 104 17
99 104 26
99 104 24
99 104 33
99 104 9
99 104 44
99 104 21
99 104 73
99 104 63
99 104 82
99 104 18
99 104 53
99 104 76
99 104 82
99 104 63
99 104 93
99 104 59
99 104 18
99 104 6
99 104 31
99 104 98
99 104 97
99 104 2
99 104 61
99 104 92
99 104 52
99 104 95
99 104 2
99 104 34
99 104 84
99 104 5
99 104 45
99 104 51
99 104 69
99 104 13
99 104 3
99 104 54
99 104 38
99 104 8
99 104 78
100 105 68
100 105 36
100 105 71
100 105 57
100 105 68
100 105 87
100 105 87
100 105 37
100 105 55
100 105 32
100 105 68
100 105 8
100 105 32
100 105 64
100 105 52
100 105 15
100 105 40
100 105 3
100 105 82
100 105 43
100 105 77
100 105 15
100 105 33
100 105 17
100 105 86
100 105 71
100 105 98
100 105 10
100 105 43
100 105 48
100 105 66
100 105 68
100 105 44
100 105 4
100 105 4
100 105 89
100 105 12
100 105 1
100 105 38
100 105 18
100 105 8
100 105 3
100 105 58
100 105 23
100 105 72
100 105 71
100 105 92
100 105 11
100 105 76
100 105 72
100 105 93
100 105 76
100 105 40
