5000 126533
1 6 7
1 6 6
1 6 1
1 6 10
1 6 3
1 6 8
1 6 4
1 6 6
1 6 9
1 6 8
1 6 5
1 6 5
1 6 4
1 6 4
1 6 10
1 6 4
1 6 4
1 6 2
1 6 10
1 6 10
1 6 1
1 6 4
1 6 9
1 6 1
1 6 1
1 6 1
1 6 1
1 6 10
1 6 3
1 6 9
1 6 2
1 6 4
1 6 2
1 6 8
1 6 7
1 6 1
1 6 2
1 6 7
1 6 7
1 6 2
1 6 9
1 6 1
1 6 7
1 6 6
1 6 7
1 6 5
2 7 4
2 7 3
2 7 7
2 7 3
2 7 3
2 7 3
2 7 3
2 7 8
2 7 3
2 7 8
2 7 7
2 7 3
2 7 1
2 7 4
2 7 7
2 7 10
2 7 10
2 7 3
2 7 5
2 7 7
2 7 5
2 7 8
2 7 8
2 7 3
2 7 1
2 7 2
2 7 2
2 7 7
2 7 5
2 7 8
2 7 1
2 7 4
2 7 10
2 7 4
2 7 4
2 7 1
2 7 4
2 7 10
2 7 4
2 7 4
2 7 2
2 7 8
2 7 6
2 7 2
2 7 8
2 7 1
2 7 5
2 7 5
3 8 2
3 8 3
3 8 3
3 8 3
3 8 3
3 8 6
3 8 8
3 8 7
3 8 4
3 8 10
3 8 7
3 8 5
3 8 6
3 8 9
3 8 5
3 8 7
3 8 4
3 8 6
3 8 10
3 8 7
3 8 10
3 8 5
3 8 6
3 8 5
3 8 6
3 8 7
3 8 8
3 8 4
3 8 9
3 8 6
3 8 3
3 8 7
3 8 8
3 8 9
3 8 7
3 8 3
3 8 5
3 8 2
3 8 10
3 8 7
3 8 1
3 8 5
3 8 7
3 8 5
3 8 2
3 8 10
3 8 5
4 9 7
4 9 7
4 9 3
4 9 2
4 9 2
4 9 5
4 9 8
4 9 10
4 9 5
4 9 7
4 9 6
4 9 4
4 9 1
4 9 7
4 9 1
4 9 9
4 9 9
4 9 6
4 9 3
4 9 9
4 9 2
4 9 8
4 9 9
4 9 3
4 9 4
4 9 8
4 9 1
4 9 8
4 9 1
4 9 2
4 9 8
4 9 10
4 9 8
4 9 8
4 9 2
4 9 5
4 9 7
4 9 7
4 9 5
4 9 2
4 9 9
5 10 3
5 10 1
5 10 1
5 10 8
5 10 9
5 10 4
5 10 3
5 10 10
5 10 1
5 10 8
5 10 9
5 10 3
5 10 4
5 10 2
5 10 6
5 10 2
5 10 2
5 10 6
5 10 1
5 10 6
5 10 6
5 10 9
5 10 3
5 10 1
5 10 8
5 10 3
5 10 3
5 10 6
5 10 10
5 10 3
5 10 6
5 10 4
5 10 3
5 10 9
5 10 6
5 10 5
5 10 7
5 10 8
5 10 7
5 10 9
5 10 2
5 10 9
5 10 9
5 10 10
5 10 8
5 10 1
5 10 10
5 10 10
5 10 5
5 10 6
5 10 3
5 10 9
5 10 6
5 10 7
5 10 2
5 10 7
5 10 5
5 10 5
5 10 6
5 10 2
5 10 5
5 10 7
5 10 10
5 10 5
5 10 5
5 10 2
5 10 7
6 11 8
6 11 6
6 11 8
6 11 8
6 11 4
6 11 2
6 11 7
6 11 10
6 11 4
6 11 8
6 11 2
6 11 6
6 11 9
6 11 2
6 11 9
6 11 5
6 11 8
6 11 3
6 11 7
6 11 6
6 11 5
6 11 4
6 11 1
6 11 10
6 11 3
6 11 7
6 11 1
6 11 1
6 11 1
6 11 8
6 11 10
6 11 5
6 11 7
6 11 10
6 11 7
6 11 4
6 11 7
6 11 8
6 11 6
6 11 7
6 11 8
6 11 3
6 11 5
7 12 9
7 12 3
7 12 2
7 12 8
7 12 4
7 12 10
7 12 7
7 12 6
7 12 8
7 12 2
7 12 4
7 12 3
7 12 3
7 12 3
7 12 9
7 12 1
7 12 4
7 12 1
7 12 2
7 12 10
7 12 1
7 12 1
7 12 6
7 12 1
7 12 8
7 12 6
7 12 6
7 12 9
7 12 1
7 12 3
7 12 5
7 12 7
7 12 8
7 12 4
7 12 7
7 12 8
7 12 7
7 12 5
7 12 4
7 12 10
7 12 9
7 12 4
7 12 6
7 12 10
7 12 3
7 12 1
7 12 2
7 12 4
7 12 9
7 12 9
7 12 6
7 12 5
7 12 3
8 13 1
8 13 5
8 13 1
8 13 8
8 13 6
8 13 5
8 13 8
8 13 5
8 13 3
8 13 2
8 13 3
8 13 4
8 13 6
8 13 5
8 13 4
8 13 1
8 13 2
8 13 5
8 13 2
8 13 10
8 13 8
8 13 8
8 13 3
8 13 1
8 13 3
8 13 8
8 13 8
8 13 2
8 13 6
8 13 10
8 13 4
8 13 6
8 13 10
8 13 3
8 13 9
8 13 8
8 13 2
8 13 7
8 13 2
8 13 5
8 13 3
8 13 9
8 13 1
8 13 5
8 13 1
8 13 8
8 13 8
8 13 10
8 13 6
8 13 3
8 13 2
8 13 2
8 13 5
8 13 4
8 13 6
8 13 5
8 13 5
8 13 10
9 14 3
9 14 4
9 14 3
9 14 7
9 14 9
9 14 1
9 14 2
9 14 4
9 14 4
9 14 5
9 14 4
9 14 2
9 14 5
9 14 4
9 14 4
9 14 10
9 14 4
9 14 3
9 14 4
9 14 2
9 14 9
9 14 9
9 14 4
9 14 10
9 14 9
9 14 7
9 14 9
9 14 1
9 14 9
9 14 4
9 14 9
9 14 3
9 14 7
9 14 4
9 14 10
9 14 4
9 14 9
9 14 1
9 14 4
9 14 6
9 14 8
9 14 8
9 14 5
9 14 6
9 14 9
9 14 6
9 14 6
9 14 4
9 14 10
9 14 2
10 15 9
10 15 1
10 15 5
10 15 7
10 15 9
10 15 8
10 15 6
10 15 10
10 15 10
10 15 5
10 15 5
10 15 4
10 15 5
10 15 3
10 15 6
10 15 3
10 15 5
10 15 2
10 15 8
10 15 5
10 15 5
10 15 3
10 15 6
10 15 9
10 15 7
10 15 7
10 15 7
10 15 5
10 15 5
10 15 10
10 15 4
10 15 10
10 15 6
10 15 3
10 15 6
10 15 7
10 15 6
10 15 5
10 15 3
10 15 8
10 15 6
10 15 4
10 15 10
10 15 6
10 15 4
10 15 5
10 15 2
10 15 3
10 15 7
10 15 5
10 15 10
11 16 8
11 16 10
11 16 7
11 16 9
11 16 4
11 16 6
11 16 3
11 16 6
11 16 1
11 16 9
11 16 8
11 16 2
11 16 1
11 16 8
11 16 2
11 16 10
11 16 1
11 16 9
11 16 3
11 16 4
11 16 3
11 16 10
11 16 6
11 16 7
11 16 10
11 16 9
11 16 8
11 16 1
11 16 10
11 16 9
11 16 4
11 16 1
11 16 7
11 16 10
11 16 2
11 16 5
11 16 1
11 16 3
11 16 6
11 16 8
11 16 3
11 16 7
11 16 3
11 16 9
11 16 4
11 16 1
11 16 9
11 16 8
11 16 1
11 16 10
11 16 7
11 16 10
11 16 9
11 16 6
11 16 9
11 16 4
11 16 4
11 16 9
11 16 3
11 16 7
11 16 2
11 16 6
11 16 1
11 16 7
11 16 6
11 16 2
12 17 8
12 17 2
12 17 3
12 17 9
12 17 2
12 17 1
12 17 1
12 17 6
12 17 3
12 17 7
12 17 9
12 17 4
12 17 4
12 17 2
12 17 6
12 17 3
12 17 3
12 17 3
12 17 10
12 17 3
12 17 2
12 17 5
12 17 1
12 17 5
12 17 6
12 17 2
12 17 9
12 17 2
12 17 2
12 17 4
12 17 10
12 17 7
12 17 7
12 17 9
12 17 6
12 17 8
12 17 8
12 17 7
12 17 7
12 17 10
12 17 9
12 17 8
12 17 2
12 17 3
12 17 7
12 17 6
12 17 1
12 17 8
12 17 1
12 17 7
12 17 2
13 18 7
13 18 7
13 18 5
13 18 3
13 18 2
13 18 8
13 18 6
13 18 1
13 18 1
13 18 5
13 18 6
13 18 10
13 18 6
13 18 4
13 18 2
13 18 5
13 18 8
13 18 1
13 18 4
13 18 8
13 18 1
13 18 1
13 18 1
13 18 3
13 18 10
13 18 4
13 18 10
13 18 9
13 18 5
13 18 8
13 18 5
13 18 9
13 18 3
13 18 9
13 18 7
13 18 2
13 18 5
13 18 8
13 18 4
13 18 7
13 18 9
13 18 9
13 18 1
13 18 10
13 18 1
13 18 4
14 19 5
14 19 7
14 19 7
14 19 9
14 19 10
14 19 4
14 19 10
14 19 2
14 19 9
14 19 2
14 19 9
14 19 1
14 19 6
14 19 4
14 19 8
14 19 5
14 19 9
14 19 7
14 19 4
14 19 1
14 19 1
14 19 6
14 19 4
14 19 7
14 19 4
14 19 2
14 19 6
14 19 9
14 19 5
14 19 8
14 19 10
14 19 5
14 19 10
14 19 1
14 19 10
14 19 2
14 19 3
14 19 6
14 19 7
14 19 10
14 19 4
14 19 1
14 19 8
14 19 7
14 19 5
14 19 4
14 19 5
14 19 2
14 19 4
14 19 3
14 19 5
14 19 6
15 20 1
15 20 3
15 20 7
15 20 8
15 20 4
15 20 3
15 20 9
15 20 5
15 20 9
15 20 6
15 20 2
15 20 7
15 20 1
15 20 4
15 20 8
15 20 6
15 20 1
15 20 10
15 20 9
15 20 1
15 20 5
15 20 6
15 20 2
15 20 10
15 20 8
15 20 2
15 20 3
15 20 1
15 20 10
15 20 8
15 20 1
15 20 2
15 20 2
15 20 1
15 20 5
15 20 7
15 20 6
15 20 6
15 20 6
15 20 3
15 20 1
15 20 5
15 20 4
15 20 6
15 20 6
15 20 5
15 20 5
15 20 10
15 20 3
15 20 3
15 20 1
15 20 8
15 20 8
15 20 3
16 21 8
16 21 6
16 21 9
16 21 10
16 21 3
16 21 2
16 21 9
16 21 5
16 21 5
16 21 3
16 21 5
16 21 6
16 21 10
16 21 10
16 21 1
16 21 10
16 21 9
16 21 3
16 21 8
16 21 1
16 21 3
16 21 2
16 21 3
16 21 8
16 21 4
16 21 6
16 21 4
16 21 7
16 21 4
16 21 9
16 21 5
16 21 1
16 21 3
16 21 2
16 21 6
16 21 1
16 21 2
16 21 6
16 21 9
16 21 4
16 21 3
16 21 5
16 21 3
16 21 2
16 21 6
16 21 4
16 21 1
16 21 4
16 21 10
16 21 7
16 21 1
16 21 6
16 21 9
16 21 2
16 21 10
16 21 10
16 21 2
16 21 7
16 21 7
16 21 8
16 21 9
16 21 6
17 22 9
17 22 9
17 22 1
17 22 8
17 22 3
17 22 10
17 22 10
17 22 7
17 22 1
17 22 6
17 22 3
17 22 8
17 22 7
17 22 1
17 22 10
17 22 2
17 22 10
17 22 4
17 22 9
17 22 10
17 22 3
17 22 3
17 22 7
17 22 6
17 22 3
17 22 10
17 22 7
17 22 7
17 22 9
17 22 10
17 22 5
17 22 3
17 22 3
17 22 1
17 22 5
17 22 9
17 22 4
17 22 5
17 22 4
17 22 2
17 22 1
17 22 8
17 22 7
17 22 3
17 22 7
17 22 3
17 22 3
18 23 8
18 23 4
18 23 10
18 23 1
18 23 3
18 23 2
18 23 9
18 23 5
18 23 9
18 23 3
18 23 6
18 23 3
18 23 9
18 23 3
18 23 2
18 23 9
18 23 7
18 23 3
18 23 9
18 23 6
18 23 5
18 23 3
18 23 10
18 23 6
18 23 1
18 23 8
18 23 2
18 23 1
18 23 5
18 23 2
18 23 10
18 23 1
18 23 10
18 23 6
18 23 4
18 23 6
18 23 9
18 23 6
18 23 4
18 23 4
18 23 6
18 23 10
18 23 4
18 23 10
18 23 6
18 23 1
18 23 4
19 24 7
19 24 6
19 24 6
19 24 8
19 24 4
19 24 10
19 24 6
19 24 8
19 24 4
19 24 9
19 24 2
19 24 1
19 24 6
19 24 10
19 24 2
19 24 2
19 24 9
19 24 7
19 24 2
19 24 1
19 24 9
19 24 6
19 24 8
19 24 10
19 24 9
19 24 6
19 24 6
19 24 10
19 24 1
19 24 7
19 24 1
19 24 7
19 24 10
19 24 3
19 24 9
19 24 9
19 24 6
19 24 2
19 24 6
19 24 5
19 24 2
19 24 6
19 24 3
19 24 3
19 24 3
19 24 7
19 24 9
19 24 7
19 24 2
19 24 5
19 24 9
19 24 6
19 24 4
20 25 2
20 25 2
20 25 7
20 25 7
20 25 10
20 25 3
20 25 3
20 25 5
20 25 4
20 25 1
20 25 5
20 25 6
20 25 9
20 25 9
20 25 10
20 25 1
20 25 8
20 25 6
20 25 2
20 25 10
20 25 5
20 25 7
20 25 6
20 25 5
20 25 7
20 25 2
20 25 8
20 25 1
20 25 4
20 25 6
20 25 3
20 25 7
20 25 7
20 25 7
20 25 10
20 25 8
20 25 3
20 25 7
20 25 8
20 25 4
20 25 6
20 25 4
20 25 8
20 25 9
20 25 6
20 25 8
20 25 8
20 25 5
21 26 1
21 26 6
21 26 6
21 26 4
21 26 8
21 26 4
21 26 10
21 26 9
21 26 2
21 26 5
21 26 2
21 26 10
21 26 5
21 26 6
21 26 7
21 26 5
21 26 10
21 26 1
21 26 7
21 26 10
21 26 7
21 26 10
21 26 8
21 26 6
21 26 10
21 26 10
21 26 6
21 26 10
21 26 3
21 26 1
21 26 1
21 26 7
21 26 10
21 26 3
21 26 7
21 26 10
21 26 6
21 26 3
21 26 3
21 26 1
21 26 7
21 26 6
21 26 8
21 26 4
21 26 7
21 26 6
21 26 10
22 27 7
22 27 5
22 27 3
22 27 3
22 27 5
22 27 3
22 27 3
22 27 3
22 27 4
22 27 10
22 27 1
22 27 10
22 27 4
22 27 2
22 27 3
22 27 4
22 27 10
22 27 5
22 27 7
22 27 3
22 27 9
22 27 6
22 27 4
22 27 7
22 27 7
22 27 8
22 27 5
22 27 3
22 27 7
22 27 3
22 27 8
22 27 4
22 27 1
22 27 1
22 27 9
22 27 10
22 27 7
22 27 8
22 27 6
22 27 2
22 27 9
22 27 9
22 27 3
22 27 8
22 27 2
22 27 5
22 27 1
22 27 9
22 27 9
22 27 5
22 27 1
22 27 7
22 27 1
22 27 6
23 28 6
23 28 3
23 28 1
23 28 1
23 28 4
23 28 3
23 28 8
23 28 7
23 28 9
23 28 3
23 28 2
23 28 2
23 28 1
23 28 1
23 28 7
23 28 9
23 28 4
23 28 6
23 28 9
23 28 1
23 28 2
23 28 7
23 28 2
23 28 7
23 28 6
23 28 9
23 28 1
23 28 2
23 28 3
23 28 8
23 28 8
23 28 7
23 28 4
23 28 9
23 28 5
23 28 1
23 28 8
23 28 7
23 28 2
23 28 5
23 28 10
24 29 7
24 29 7
24 29 8
24 29 5
24 29 6
24 29 2
24 29 9
24 29 8
24 29 1
24 29 4
24 29 9
24 29 4
24 29 4
24 29 2
24 29 5
24 29 2
24 29 7
24 29 8
24 29 6
24 29 8
24 29 1
24 29 9
24 29 3
24 29 9
24 29 2
24 29 8
24 29 1
24 29 6
24 29 3
24 29 5
24 29 1
24 29 8
24 29 2
24 29 3
24 29 2
24 29 8
24 29 5
24 29 7
24 29 9
24 29 4
24 29 6
24 29 3
24 29 6
24 29 4
24 29 3
25 30 10
25 30 3
25 30 8
25 30 9
25 30 6
25 30 7
25 30 2
25 30 4
25 30 2
25 30 7
25 30 4
25 30 2
25 30 10
25 30 8
25 30 5
25 30 2
25 30 10
25 30 5
25 30 2
25 30 5
25 30 2
25 30 10
25 30 1
25 30 6
25 30 6
25 30 7
25 30 4
25 30 5
25 30 3
25 30 10
25 30 1
25 30 10
25 30 1
25 30 1
25 30 4
25 30 7
25 30 10
25 30 6
25 30 2
25 30 1
25 30 5
25 30 9
25 30 5
25 30 9
25 30 9
26 31 1
26 31 2
26 31 6
26 31 7
26 31 9
26 31 7
26 31 6
26 31 1
26 31 2
26 31 8
26 31 1
26 31 7
26 31 10
26 31 10
26 31 4
26 31 7
26 31 7
26 31 4
26 31 5
26 31 8
26 31 7
26 31 1
26 31 1
26 31 4
26 31 2
26 31 3
26 31 7
26 31 3
26 31 8
26 31 9
26 31 10
26 31 4
26 31 4
26 31 4
26 31 9
26 31 2
26 31 4
26 31 6
26 31 9
26 31 2
26 31 2
26 31 8
26 31 4
26 31 9
26 31 8
26 31 2
26 31 8
26 31 9
26 31 7
26 31 5
26 31 10
26 31 7
26 31 4
27 32 2
27 32 6
27 32 4
27 32 1
27 32 3
27 32 3
27 32 2
27 32 4
27 32 1
27 32 6
27 32 1
27 32 4
27 32 9
27 32 5
27 32 8
27 32 6
27 32 1
27 32 7
27 32 2
27 32 1
27 32 4
27 32 4
27 32 10
27 32 2
27 32 1
27 32 1
27 32 10
27 32 8
27 32 5
27 32 7
27 32 6
27 32 4
27 32 2
27 32 1
27 32 9
27 32 6
27 32 9
27 32 3
27 32 2
27 32 8
27 32 2
27 32 1
28 33 3
28 33 3
28 33 8
28 33 9
28 33 5
28 33 6
28 33 9
28 33 3
28 33 1
28 33 5
28 33 2
28 33 6
28 33 3
28 33 1
28 33 7
28 33 7
28 33 10
28 33 3
28 33 3
28 33 6
28 33 9
28 33 8
28 33 5
28 33 2
28 33 1
28 33 3
28 33 3
28 33 6
28 33 6
28 33 5
28 33 4
28 33 7
28 33 7
28 33 8
28 33 1
28 33 9
28 33 9
28 33 10
28 33 4
28 33 6
28 33 2
28 33 9
28 33 6
29 34 3
29 34 5
29 34 4
29 34 3
29 34 1
29 34 9
29 34 3
29 34 5
29 34 3
29 34 2
29 34 9
29 34 4
29 34 10
29 34 10
29 34 10
29 34 6
29 34 9
29 34 10
29 34 7
29 34 1
29 34 5
29 34 2
29 34 8
29 34 2
29 34 2
29 34 2
29 34 5
29 34 2
29 34 4
29 34 9
29 34 6
29 34 4
29 34 9
29 34 10
29 34 8
29 34 1
29 34 6
29 34 5
29 34 2
29 34 10
29 34 10
29 34 10
29 34 6
29 34 10
29 34 2
29 34 5
29 34 6
29 34 1
30 35 9
30 35 2
30 35 1
30 35 6
30 35 4
30 35 7
30 35 10
30 35 7
30 35 10
30 35 9
30 35 3
30 35 8
30 35 1
30 35 9
30 35 7
30 35 6
30 35 4
30 35 8
30 35 3
30 35 2
30 35 6
30 35 9
30 35 4
30 35 3
30 35 3
30 35 10
30 35 6
30 35 4
30 35 6
30 35 1
30 35 3
30 35 8
30 35 6
30 35 9
30 35 8
30 35 2
30 35 2
30 35 5
30 35 9
30 35 10
30 35 4
30 35 2
30 35 3
30 35 6
30 35 9
30 35 3
30 35 3
30 35 8
30 35 10
31 36 2
31 36 2
31 36 6
31 36 4
31 36 8
31 36 6
31 36 7
31 36 2
31 36 1
31 36 1
31 36 10
31 36 5
31 36 2
31 36 8
31 36 4
31 36 5
31 36 6
31 36 4
31 36 10
31 36 1
31 36 9
31 36 1
31 36 8
31 36 6
31 36 8
31 36 5
31 36 8
31 36 3
31 36 8
31 36 3
31 36 5
31 36 6
31 36 7
31 36 3
31 36 7
31 36 5
31 36 3
31 36 3
31 36 10
31 36 9
31 36 2
31 36 2
31 36 6
31 36 10
31 36 7
31 36 2
31 36 5
31 36 7
31 36 9
31 36 2
31 36 9
31 36 5
31 36 5
32 37 5
32 37 3
32 37 7
32 37 8
32 37 3
32 37 4
32 37 7
32 37 10
32 37 4
32 37 4
32 37 2
32 37 7
32 37 10
32 37 1
32 37 7
32 37 5
32 37 6
32 37 10
32 37 8
32 37 5
32 37 6
32 37 9
32 37 9
32 37 4
32 37 2
32 37 4
32 37 3
32 37 10
32 37 4
32 37 7
32 37 9
32 37 2
32 37 8
32 37 8
32 37 5
32 37 4
32 37 9
32 37 1
32 37 2
32 37 2
32 37 2
32 37 2
32 37 4
32 37 9
32 37 9
32 37 10
32 37 4
32 37 5
32 37 2
32 37 3
32 37 5
32 37 9
32 37 6
32 37 5
32 37 6
32 37 10
32 37 10
32 37 8
32 37 6
32 37 6
32 37 8
33 38 10
33 38 7
33 38 8
33 38 9
33 38 9
33 38 8
33 38 3
33 38 3
33 38 2
33 38 4
33 38 5
33 38 7
33 38 9
33 38 8
33 38 9
33 38 3
33 38 6
33 38 10
33 38 6
33 38 9
33 38 3
33 38 6
33 38 7
33 38 8
33 38 1
33 38 7
33 38 5
33 38 6
33 38 9
33 38 8
33 38 10
33 38 3
33 38 8
33 38 1
33 38 10
33 38 5
33 38 6
33 38 9
33 38 6
33 38 6
33 38 9
33 38 3
33 38 9
33 38 9
33 38 10
33 38 6
33 38 10
33 38 1
33 38 9
33 38 10
33 38 6
33 38 3
33 38 7
33 38 9
33 38 9
33 38 8
33 38 4
33 38 10
33 38 1
34 39 10
34 39 2
34 39 2
34 39 1
34 39 7
34 39 2
34 39 4
34 39 3
34 39 9
34 39 4
34 39 4
34 39 7
34 39 6
34 39 7
34 39 6
34 39 7
34 39 6
34 39 4
34 39 7
34 39 3
34 39 7
34 39 2
34 39 8
34 39 9
34 39 9
34 39 4
34 39 2
34 39 8
34 39 6
34 39 9
34 39 6
34 39 7
34 39 9
34 39 9
34 39 4
34 39 1
34 39 7
34 39 7
34 39 9
34 39 7
34 39 2
34 39 4
34 39 3
34 39 5
34 39 3
34 39 4
34 39 10
34 39 1
35 40 9
35 40 1
35 40 10
35 40 9
35 40 7
35 40 6
35 40 4
35 40 4
35 40 2
35 40 10
35 40 4
35 40 4
35 40 4
35 40 7
35 40 2
35 40 6
35 40 7
35 40 2
35 40 10
35 40 5
35 40 2
35 40 6
35 40 10
35 40 1
35 40 9
35 40 3
35 40 4
35 40 9
35 40 7
35 40 9
35 40 8
35 40 7
35 40 7
35 40 6
35 40 4
35 40 10
35 40 7
35 40 1
35 40 3
35 40 2
35 40 8
35 40 2
35 40 9
35 40 9
35 40 7
35 40 9
35 40 9
35 40 2
35 40 8
35 40 10
35 40 8
35 40 9
35 40 6
35 40 8
35 40 10
35 40 8
36 41 10
36 41 3
36 41 10
36 41 4
36 41 1
36 41 5
36 41 6
36 41 3
36 41 5
36 41 2
36 41 9
36 41 1
36 41 3
36 41 3
36 41 3
36 41 2
36 41 8
36 41 8
36 41 1
36 41 9
36 41 2
36 41 2
36 41 4
36 41 3
36 41 8
36 41 5
36 41 6
36 41 1
36 41 5
36 41 5
36 41 10
36 41 4
36 41 8
36 41 4
36 41 6
36 41 7
36 41 5
36 41 3
36 41 4
36 41 7
36 41 10
36 41 5
36 41 3
36 41 4
36 41 10
37 42 7
37 42 7
37 42 9
37 42 7
37 42 6
37 42 1
37 42 9
37 42 4
37 42 2
37 42 5
37 42 9
37 42 10
37 42 3
37 42 3
37 42 1
37 42 10
37 42 5
37 42 8
37 42 6
37 42 2
37 42 7
37 42 2
37 42 4
37 42 9
37 42 8
37 42 6
37 42 1
37 42 3
37 42 8
37 42 4
37 42 10
37 42 4
37 42 9
37 42 6
37 42 10
37 42 8
37 42 8
37 42 3
37 42 5
37 42 5
37 42 7
37 42 9
37 42 4
37 42 7
37 42 7
38 43 5
38 43 1
38 43 1
38 43 2
38 43 5
38 43 6
38 43 5
38 43 9
38 43 5
38 43 1
38 43 9
38 43 1
38 43 8
38 43 7
38 43 3
38 43 2
38 43 8
38 43 6
38 43 1
38 43 3
38 43 7
38 43 4
38 43 2
38 43 1
38 43 4
38 43 8
38 43 7
38 43 2
38 43 3
38 43 1
38 43 2
38 43 6
38 43 6
38 43 3
38 43 6
38 43 6
38 43 6
38 43 4
38 43 7
38 43 4
38 43 7
38 43 7
38 43 6
38 43 10
38 43 1
38 43 3
39 44 10
39 44 10
39 44 2
39 44 3
39 44 9
39 44 2
39 44 7
39 44 1
39 44 6
39 44 5
39 44 5
39 44 4
39 44 8
39 44 6
39 44 10
39 44 9
39 44 1
39 44 8
39 44 7
39 44 6
39 44 6
39 44 8
39 44 3
39 44 3
39 44 9
39 44 8
39 44 6
39 44 4
39 44 4
39 44 3
39 44 2
39 44 8
39 44 4
39 44 7
39 44 1
39 44 2
39 44 9
39 44 9
39 44 5
39 44 5
39 44 8
39 44 5
39 44 10
39 44 8
39 44 2
39 44 5
39 44 5
39 44 4
39 44 1
39 44 6
39 44 3
39 44 6
39 44 6
39 44 10
39 44 1
39 44 9
39 44 2
40 45 9
40 45 10
40 45 8
40 45 2
40 45 1
40 45 5
40 45 2
40 45 10
40 45 8
40 45 4
40 45 6
40 45 6
40 45 7
40 45 3
40 45 2
40 45 9
40 45 8
40 45 10
40 45 4
40 45 10
40 45 10
40 45 1
40 45 9
40 45 6
40 45 7
40 45 8
40 45 1
40 45 2
40 45 5
40 45 9
40 45 9
40 45 9
40 45 5
40 45 8
40 45 5
40 45 4
40 45 6
40 45 1
40 45 7
40 45 6
40 45 2
40 45 8
40 45 3
40 45 4
40 45 6
40 45 6
40 45 8
40 45 10
40 45 5
40 45 1
40 45 8
41 46 10
41 46 6
41 46 5
41 46 6
41 46 2
41 46 1
41 46 9
41 46 3
41 46 7
41 46 7
41 46 1
41 46 1
41 46 10
41 46 6
41 46 5
41 46 1
41 46 6
41 46 10
41 46 2
41 46 2
41 46 8
41 46 6
41 46 6
41 46 4
41 46 2
41 46 10
41 46 1
41 46 9
41 46 1
41 46 3
41 46 2
41 46 3
41 46 5
41 46 6
41 46 9
41 46 8
41 46 7
41 46 1
41 46 3
41 46 5
41 46 4
41 46 9
41 46 8
41 46 4
41 46 1
42 47 4
42 47 9
42 47 9
42 47 8
42 47 8
42 47 1
42 47 8
42 47 5
42 47 10
42 47 6
42 47 7
42 47 5
42 47 1
42 47 6
42 47 1
42 47 7
42 47 3
42 47 10
42 47 4
42 47 4
42 47 8
42 47 3
42 47 2
42 47 8
42 47 10
42 47 4
42 47 10
42 47 6
42 47 3
42 47 7
42 47 7
42 47 8
42 47 5
42 47 9
42 47 7
42 47 8
42 47 5
42 47 10
42 47 8
42 47 2
42 47 6
42 47 2
42 47 3
42 47 8
43 48 1
43 48 8
43 48 4
43 48 9
43 48 3
43 48 6
43 48 2
43 48 5
43 48 6
43 48 5
43 48 2
43 48 3
43 48 7
43 48 4
43 48 7
43 48 5
43 48 9
43 48 3
43 48 3
43 48 4
43 48 8
43 48 10
43 48 1
43 48 8
43 48 7
43 48 4
43 48 1
43 48 10
43 48 5
43 48 5
43 48 6
43 48 8
43 48 4
43 48 7
43 48 2
43 48 4
43 48 2
43 48 2
43 48 2
43 48 7
43 48 3
43 48 3
43 48 2
43 48 3
43 48 6
43 48 2
43 48 10
43 48 6
43 48 7
43 48 3
43 48 6
43 48 7
44 49 10
44 49 1
44 49 8
44 49 3
44 49 4
44 49 8
44 49 4
44 49 6
44 49 4
44 49 3
44 49 2
44 49 4
44 49 1
44 49 9
44 49 9
44 49 10
44 49 1
44 49 5
44 49 8
44 49 7
44 49 7
44 49 1
44 49 8
44 49 1
44 49 9
44 49 8
44 49 6
44 49 7
44 49 10
44 49 4
44 49 3
44 49 5
44 49 10
44 49 5
44 49 7
44 49 2
44 49 1
44 49 1
44 49 9
44 49 4
44 49 3
44 49 1
44 49 7
45 50 8
45 50 7
45 50 5
45 50 10
45 50 5
45 50 8
45 50 1
45 50 3
45 50 3
45 50 10
45 50 9
45 50 7
45 50 3
45 50 2
45 50 5
45 50 9
45 50 9
45 50 9
45 50 2
45 50 9
45 50 7
45 50 10
45 50 3
45 50 9
45 50 8
45 50 4
45 50 4
45 50 8
45 50 5
45 50 5
45 50 7
45 50 5
45 50 8
45 50 9
45 50 4
45 50 9
45 50 2
45 50 8
45 50 3
45 50 1
45 50 5
45 50 9
45 50 5
45 50 6
45 50 3
45 50 2
45 50 6
45 50 9
45 50 2
45 50 8
45 50 4
45 50 3
45 50 8
46 51 7
46 51 8
46 51 8
46 51 4
46 51 9
46 51 2
46 51 8
46 51 9
46 51 2
46 51 9
46 51 8
46 51 9
46 51 10
46 51 8
46 51 10
46 51 4
46 51 2
46 51 3
46 51 7
46 51 9
46 51 9
46 51 9
46 51 6
46 51 7
46 51 9
46 51 9
46 51 3
46 51 1
46 51 3
46 51 3
46 51 3
46 51 3
46 51 10
46 51 2
46 51 2
46 51 9
46 51 10
46 51 4
46 51 10
46 51 10
46 51 5
46 51 7
46 51 3
46 51 2
46 51 5
46 51 10
46 51 5
46 51 6
46 51 10
46 51 8
46 51 5
46 51 3
46 51 8
46 51 10
46 51 1
47 52 5
47 52 7
47 52 9
47 52 4
47 52 7
47 52 1
47 52 1
47 52 3
47 52 2
47 52 6
47 52 1
47 52 2
47 52 6
47 52 7
47 52 2
47 52 9
47 52 10
47 52 10
47 52 2
47 52 8
47 52 2
47 52 5
47 52 10
47 52 6
47 52 1
47 52 2
47 52 9
47 52 4
47 52 1
47 52 8
47 52 5
47 52 9
47 52 10
47 52 5
47 52 4
47 52 1
47 52 5
47 52 1
47 52 2
47 52 3
47 52 1
47 52 8
47 52 9
47 52 10
47 52 7
48 53 9
48 53 1
48 53 2
48 53 5
48 53 7
48 53 3
48 53 1
48 53 9
48 53 7
48 53 2
48 53 9
48 53 5
48 53 3
48 53 4
48 53 2
48 53 7
48 53 6
48 53 3
48 53 6
48 53 2
48 53 2
48 53 3
48 53 2
48 53 10
48 53 8
48 53 8
48 53 5
48 53 6
48 53 9
48 53 4
48 53 4
48 53 4
49 54 3
49 54 2
49 54 10
49 54 10
49 54 2
49 54 9
49 54 9
49 54 4
49 54 10
49 54 1
49 54 5
49 54 1
49 54 5
49 54 4
49 54 3
49 54 1
49 54 6
49 54 10
49 54 1
49 54 1
49 54 1
49 54 9
49 54 3
49 54 2
49 54 9
49 54 5
49 54 8
49 54 1
49 54 5
49 54 5
49 54 1
49 54 10
49 54 4
49 54 4
49 54 4
49 54 6
49 54 5
49 54 2
49 54 4
49 54 8
49 54 7
49 54 9
50 55 9
50 55 7
50 55 3
50 55 2
50 55 5
50 55 1
50 55 2
50 55 8
50 55 8
50 55 6
50 55 8
50 55 4
50 55 7
50 55 7
50 55 5
50 55 4
50 55 6
50 55 1
50 55 6
50 55 5
50 55 1
50 55 5
50 55 8
50 55 2
50 55 1
50 55 2
50 55 5
50 55 6
50 55 10
51 56 7
51 56 6
51 56 1
51 56 3
51 56 9
51 56 6
51 56 10
51 56 4
51 56 1
51 56 9
51 56 1
51 56 2
51 56 2
51 56 4
51 56 6
51 56 1
51 56 4
51 56 7
51 56 8
51 56 8
51 56 6
51 56 2
51 56 9
51 56 1
51 56 2
51 56 9
51 56 6
51 56 7
51 56 3
51 56 8
51 56 5
51 56 4
51 56 3
51 56 5
51 56 10
51 56 5
51 56 1
51 56 4
51 56 7
51 56 7
51 56 9
51 56 6
51 56 6
51 56 10
51 56 6
51 56 4
51 56 1
51 56 5
51 56 10
51 56 6
51 56 9
51 56 9
51 56 4
51 56 10
52 57 6
52 57 8
52 57 4
52 57 7
52 57 3
52 57 8
52 57 5
52 57 9
52 57 2
52 57 1
52 57 7
52 57 3
52 57 4
52 57 7
52 57 3
52 57 6
52 57 7
52 57 5
52 57 1
52 57 3
52 57 5
52 57 3
52 57 4
52 57 2
52 57 2
52 57 6
52 57 9
52 57 1
52 57 2
52 57 3
52 57 9
52 57 6
52 57 2
52 57 8
52 57 4
52 57 8
52 57 5
52 57 3
52 57 1
52 57 2
53 58 1
53 58 1
53 58 1
53 58 3
53 58 3
53 58 9
53 58 9
53 58 1
53 58 6
53 58 5
53 58 1
53 58 2
53 58 10
53 58 4
53 58 4
53 58 5
53 58 6
53 58 4
53 58 5
53 58 8
53 58 8
53 58 1
53 58 4
53 58 4
53 58 9
53 58 7
53 58 5
53 58 2
53 58 4
53 58 2
53 58 4
53 58 8
53 58 8
53 58 1
53 58 4
53 58 7
53 58 10
53 58 6
53 58 4
53 58 9
53 58 3
53 58 9
53 58 2
53 58 10
53 58 5
53 58 9
53 58 1
53 58 7
54 59 2
54 59 4
54 59 5
54 59 7
54 59 2
54 59 3
54 59 2
54 59 3
54 59 3
54 59 5
54 59 4
54 59 5
54 59 2
54 59 8
54 59 10
54 59 8
54 59 8
54 59 2
54 59 1
54 59 10
54 59 4
54 59 9
54 59 5
54 59 7
54 59 1
54 59 5
54 59 3
54 59 10
54 59 5
54 59 9
54 59 1
54 59 8
54 59 3
54 59 3
54 59 4
54 59 1
54 59 8
54 59 5
54 59 8
54 59 8
54 59 6
54 59 1
54 59 10
54 59 2
54 59 1
54 59 9
54 59 9
54 59 6
54 59 8
54 59 3
54 59 6
54 59 5
54 59 9
54 59 7
54 59 6
54 59 8
54 59 1
54 59 2
54 59 9
54 59 1
54 59 6
55 60 4
55 60 5
55 60 10
55 60 9
55 60 8
55 60 6
55 60 4
55 60 4
55 60 1
55 60 10
55 60 6
55 60 8
55 60 4
55 60 10
55 60 2
55 60 3
55 60 2
55 60 3
55 60 7
55 60 4
55 60 10
55 60 3
55 60 3
55 60 4
55 60 5
55 60 7
55 60 6
55 60 10
55 60 6
55 60 2
55 60 7
55 60 2
55 60 6
55 60 10
55 60 3
55 60 7
55 60 9
55 60 4
55 60 8
55 60 3
55 60 8
55 60 6
55 60 9
55 60 9
55 60 3
55 60 8
55 60 8
56 61 2
56 61 1
56 61 9
56 61 9
56 61 1
56 61 4
56 61 4
56 61 7
56 61 10
56 61 3
56 61 5
56 61 9
56 61 7
56 61 7
56 61 7
56 61 5
56 61 6
56 61 10
56 61 9
56 61 2
56 61 2
56 61 9
56 61 5
56 61 10
56 61 10
56 61 9
56 61 9
56 61 1
56 61 6
56 61 8
56 61 3
56 61 4
56 61 4
56 61 10
56 61 3
56 61 4
56 61 6
56 61 10
56 61 6
56 61 10
56 61 5
56 61 4
56 61 3
56 61 7
56 61 2
56 61 7
57 62 5
57 62 10
57 62 3
57 62 3
57 62 8
57 62 2
57 62 1
57 62 9
57 62 1
57 62 5
57 62 4
57 62 5
57 62 9
57 62 10
57 62 7
57 62 5
57 62 7
57 62 6
57 62 10
57 62 6
57 62 4
57 62 1
57 62 1
57 62 4
57 62 7
57 62 4
57 62 9
57 62 10
57 62 6
57 62 1
57 62 5
57 62 4
57 62 2
57 62 6
57 62 8
57 62 5
57 62 9
57 62 6
57 62 2
57 62 10
57 62 9
57 62 6
57 62 3
57 62 5
57 62 6
57 62 8
57 62 5
57 62 2
57 62 6
57 62 5
58 63 5
58 63 7
58 63 9
58 63 4
58 63 7
58 63 4
58 63 10
58 63 7
58 63 9
58 63 3
58 63 1
58 63 8
58 63 8
58 63 8
58 63 10
58 63 5
58 63 8
58 63 7
58 63 7
58 63 1
58 63 1
58 63 4
58 63 10
58 63 6
58 63 3
58 63 1
58 63 1
58 63 4
58 63 4
58 63 2
58 63 9
58 63 5
58 63 10
58 63 4
58 63 5
58 63 3
58 63 4
58 63 5
58 63 10
58 63 1
58 63 3
58 63 5
58 63 10
58 63 2
58 63 7
58 63 5
58 63 1
58 63 4
58 63 9
58 63 8
58 63 5
58 63 3
58 63 10
58 63 5
58 63 1
58 63 2
59 64 1
59 64 4
59 64 5
59 64 5
59 64 7
59 64 4
59 64 3
59 64 3
59 64 6
59 64 1
59 64 6
59 64 8
59 64 9
59 64 4
59 64 1
59 64 3
59 64 8
59 64 9
59 64 6
59 64 7
59 64 10
59 64 3
59 64 6
59 64 7
59 64 2
59 64 2
59 64 4
59 64 1
59 64 9
59 64 1
59 64 10
59 64 3
59 64 8
59 64 7
59 64 4
59 64 10
59 64 9
59 64 5
59 64 7
60 65 5
60 65 3
60 65 6
60 65 8
60 65 9
60 65 6
60 65 4
60 65 5
60 65 5
60 65 10
60 65 10
60 65 10
60 65 8
60 65 6
60 65 1
60 65 3
60 65 5
60 65 9
60 65 2
60 65 7
60 65 5
60 65 5
60 65 6
60 65 9
60 65 8
60 65 7
60 65 3
60 65 10
60 65 1
60 65 9
60 65 9
60 65 7
60 65 2
60 65 8
60 65 4
60 65 5
60 65 8
60 65 4
60 65 9
60 65 10
60 65 1
60 65 4
60 65 6
60 65 2
60 65 6
60 65 3
61 66 9
61 66 2
61 66 5
61 66 4
61 66 3
61 66 5
61 66 9
61 66 9
61 66 10
61 66 1
61 66 4
61 66 3
61 66 9
61 66 1
61 66 6
61 66 4
61 66 6
61 66 1
61 66 5
61 66 4
61 66 4
61 66 5
61 66 8
61 66 1
61 66 10
61 66 2
61 66 9
61 66 8
61 66 6
61 66 3
61 66 6
61 66 6
61 66 6
61 66 8
61 66 9
61 66 1
61 66 2
61 66 10
61 66 8
61 66 8
61 66 8
61 66 3
61 66 6
61 66 7
61 66 6
61 66 8
61 66 10
61 66 3
61 66 4
61 66 6
61 66 4
62 67 5
62 67 2
62 67 2
62 67 9
62 67 10
62 67 2
62 67 5
62 67 4
62 67 2
62 67 10
62 67 1
62 67 2
62 67 1
62 67 6
62 67 10
62 67 5
62 67 9
62 67 4
62 67 9
62 67 1
62 67 3
62 67 9
62 67 3
62 67 4
62 67 1
62 67 8
62 67 10
62 67 9
62 67 6
62 67 7
62 67 1
62 67 5
62 67 1
62 67 10
62 67 9
62 67 2
62 67 10
62 67 4
62 67 5
62 67 6
62 67 9
62 67 10
62 67 8
62 67 10
62 67 6
62 67 10
62 67 7
63 68 8
63 68 5
63 68 7
63 68 4
63 68 3
63 68 10
63 68 5
63 68 6
63 68 10
63 68 7
63 68 10
63 68 7
63 68 6
63 68 7
63 68 8
63 68 1
63 68 5
63 68 4
63 68 4
63 68 2
63 68 7
63 68 2
63 68 3
63 68 6
63 68 8
63 68 5
63 68 5
63 68 7
63 68 7
63 68 4
63 68 5
63 68 6
63 68 1
63 68 5
63 68 9
63 68 1
63 68 9
63 68 1
63 68 10
63 68 5
63 68 3
63 68 8
63 68 6
64 69 3
64 69 8
64 69 6
64 69 4
64 69 10
64 69 9
64 69 2
64 69 10
64 69 6
64 69 5
64 69 9
64 69 1
64 69 8
64 69 10
64 69 8
64 69 1
64 69 4
64 69 1
64 69 7
64 69 8
64 69 10
64 69 2
64 69 6
64 69 6
64 69 3
64 69 6
64 69 5
64 69 6
64 69 9
64 69 8
64 69 9
64 69 3
64 69 4
64 69 7
64 69 8
64 69 10
64 69 7
64 69 6
64 69 7
64 69 2
64 69 9
64 69 8
64 69 6
64 69 3
64 69 10
64 69 9
64 69 2
64 69 10
65 70 10
65 70 10
65 70 1
65 70 8
65 70 8
65 70 6
65 70 7
65 70 2
65 70 7
65 70 10
65 70 5
65 70 8
65 70 4
65 70 8
65 70 5
65 70 7
65 70 3
65 70 8
65 70 8
65 70 7
65 70 3
65 70 3
65 70 8
65 70 4
65 70 5
65 70 9
65 70 8
65 70 1
65 70 10
65 70 1
65 70 6
65 70 10
65 70 4
65 70 6
65 70 8
65 70 5
65 70 9
65 70 1
65 70 4
65 70 3
65 70 1
65 70 1
65 70 4
65 70 2
65 70 1
65 70 2
65 70 1
65 70 10
65 70 4
66 71 2
66 71 1
66 71 6
66 71 10
66 71 6
66 71 6
66 71 3
66 71 6
66 71 10
66 71 10
66 71 4
66 71 4
66 71 3
66 71 10
66 71 9
66 71 4
66 71 9
66 71 9
66 71 5
66 71 4
66 71 3
66 71 1
66 71 7
66 71 1
66 71 4
66 71 10
66 71 1
66 71 7
66 71 9
66 71 6
66 71 10
66 71 6
66 71 2
66 71 3
66 71 10
66 71 4
66 71 9
66 71 10
66 71 2
66 71 8
66 71 7
66 71 1
66 71 5
66 71 7
66 71 2
66 71 2
66 71 8
66 71 2
66 71 1
66 71 7
66 71 4
66 71 2
66 71 4
66 71 10
66 71 8
66 71 10
66 71 5
66 71 4
67 72 5
67 72 6
67 72 4
67 72 7
67 72 8
67 72 6
67 72 5
67 72 10
67 72 4
67 72 4
67 72 7
67 72 5
67 72 2
67 72 4
67 72 7
67 72 5
67 72 6
67 72 1
67 72 7
67 72 8
67 72 4
67 72 1
67 72 8
67 72 5
67 72 6
67 72 7
67 72 2
67 72 9
67 72 8
67 72 9
67 72 7
67 72 5
67 72 6
67 72 5
67 72 7
67 72 10
67 72 10
67 72 9
67 72 2
67 72 10
67 72 2
67 72 4
67 72 9
67 72 3
67 72 7
67 72 10
67 72 4
68 73 1
68 73 3
68 73 8
68 73 5
68 73 6
68 73 7
68 73 3
68 73 5
68 73 6
68 73 7
68 73 9
68 73 2
68 73 7
68 73 3
68 73 6
68 73 4
68 73 1
68 73 8
68 73 9
68 73 2
68 73 5
68 73 3
68 73 5
68 73 4
68 73 6
68 73 8
68 73 3
68 73 8
68 73 9
68 73 2
68 73 8
68 73 9
68 73 1
68 73 6
68 73 7
68 73 10
68 73 4
68 73 4
68 73 5
68 73 10
68 73 5
68 73 5
68 73 8
68 73 4
68 73 1
68 73 6
68 73 9
68 73 7
68 73 2
68 73 2
68 73 10
68 73 8
68 73 1
68 73 3
68 73 3
68 73 1
68 73 5
68 73 2
68 73 1
69 74 4
69 74 9
69 74 5
69 74 4
69 74 6
69 74 2
69 74 8
69 74 10
69 74 2
69 74 5
69 74 5
69 74 4
69 74 3
69 74 3
69 74 1
69 74 5
69 74 9
69 74 10
69 74 5
69 74 3
69 74 4
69 74 1
69 74 4
69 74 2
69 74 5
69 74 5
69 74 5
69 74 7
69 74 1
69 74 7
69 74 4
69 74 1
69 74 2
69 74 1
69 74 4
69 74 7
69 74 4
69 74 5
69 74 10
69 74 5
69 74 2
69 74 10
69 74 10
69 74 5
69 74 5
70 75 9
70 75 2
70 75 4
70 75 3
70 75 4
70 75 2
70 75 9
70 75 10
70 75 7
70 75 9
70 75 9
70 75 2
70 75 10
70 75 7
70 75 5
70 75 1
70 75 6
70 75 1
70 75 8
70 75 10
70 75 1
70 75 8
70 75 8
70 75 10
70 75 5
70 75 7
70 75 7
70 75 8
70 75 6
70 75 9
70 75 1
70 75 6
70 75 3
70 75 2
70 75 5
70 75 6
70 75 2
70 75 9
70 75 10
70 75 7
70 75 3
70 75 4
70 75 4
70 75 6
70 75 6
70 75 8
70 75 4
70 75 2
70 75 10
70 75 10
70 75 2
70 75 3
70 75 6
70 75 9
70 75 7
70 75 9
70 75 10
70 75 9
70 75 6
70 75 3
70 75 10
70 75 1
70 75 8
70 75 6
70 75 7
71 76 3
71 76 4
71 76 2
71 76 10
71 76 2
71 76 9
71 76 5
71 76 10
71 76 9
71 76 2
71 76 1
71 76 1
71 76 1
71 76 4
71 76 9
71 76 1
71 76 2
71 76 4
71 76 1
71 76 5
71 76 1
71 76 9
71 76 7
71 76 9
71 76 8
71 76 2
71 76 5
71 76 7
71 76 1
71 76 6
71 76 3
71 76 6
71 76 10
71 76 2
71 76 3
71 76 10
71 76 8
71 76 7
71 76 10
71 76 8
71 76 6
71 76 7
71 76 7
71 76 3
71 76 3
71 76 4
71 76 9
71 76 6
71 76 6
71 76 6
71 76 3
71 76 7
71 76 9
71 76 7
71 76 8
71 76 10
71 76 5
71 76 4
71 76 8
71 76 2
71 76 8
71 76 1
72 77 3
72 77 6
72 77 3
72 77 5
72 77 6
72 77 5
72 77 2
72 77 9
72 77 2
72 77 6
72 77 10
72 77 2
72 77 8
72 77 9
72 77 4
72 77 10
72 77 10
72 77 4
72 77 10
72 77 5
72 77 10
72 77 8
72 77 2
72 77 8
72 77 2
72 77 2
72 77 8
72 77 7
72 77 7
72 77 2
72 77 10
72 77 10
72 77 7
72 77 1
72 77 7
72 77 1
72 77 9
72 77 10
72 77 5
72 77 1
72 77 5
72 77 2
72 77 2
72 77 1
72 77 4
72 77 7
72 77 3
72 77 7
72 77 10
72 77 6
72 77 9
72 77 8
72 77 3
72 77 4
72 77 9
72 77 9
72 77 10
72 77 10
72 77 9
72 77 4
72 77 4
73 78 1
73 78 9
73 78 2
73 78 7
73 78 5
73 78 4
73 78 3
73 78 2
73 78 9
73 78 7
73 78 7
73 78 3
73 78 10
73 78 5
73 78 8
73 78 3
73 78 1
73 78 10
73 78 5
73 78 1
73 78 7
73 78 3
73 78 7
73 78 9
73 78 8
73 78 5
73 78 7
73 78 1
73 78 9
73 78 1
73 78 2
73 78 7
73 78 7
73 78 6
73 78 9
73 78 5
73 78 9
73 78 10
73 78 10
73 78 8
73 78 9
73 78 1
73 78 3
73 78 8
73 78 4
73 78 6
73 78 2
73 78 5
73 78 8
73 78 10
73 78 9
73 78 3
74 79 3
74 79 2
74 79 8
74 79 7
74 79 1
74 79 8
74 79 7
74 79 1
74 79 5
74 79 5
74 79 5
74 79 2
74 79 10
74 79 2
74 79 5
74 79 2
74 79 6
74 79 10
74 79 8
74 79 1
74 79 2
74 79 4
74 79 3
74 79 4
74 79 5
74 79 2
74 79 7
74 79 7
74 79 9
74 79 4
74 79 3
74 79 7
74 79 1
74 79 4
74 79 3
74 79 6
74 79 3
74 79 4
74 79 10
74 79 3
74 79 10
74 79 8
74 79 4
74 79 8
74 79 8
74 79 8
74 79 5
74 79 4
74 79 4
75 80 6
75 80 2
75 80 7
75 80 2
75 80 9
75 80 3
75 80 7
75 80 8
75 80 2
75 80 3
75 80 2
75 80 6
75 80 10
75 80 7
75 80 4
75 80 6
75 80 7
75 80 8
75 80 8
75 80 1
75 80 10
75 80 7
75 80 5
75 80 6
75 80 6
75 80 2
75 80 5
75 80 9
75 80 10
75 80 8
75 80 8
75 80 9
75 80 6
75 80 1
75 80 6
75 80 3
75 80 6
75 80 5
75 80 2
75 80 8
75 80 1
75 80 2
75 80 10
75 80 3
75 80 7
75 80 2
75 80 9
75 80 3
75 80 4
75 80 10
75 80 9
75 80 5
75 80 7
75 80 10
75 80 5
75 80 2
75 80 5
75 80 5
75 80 7
75 80 10
75 80 9
75 80 10
76 81 6
76 81 4
76 81 3
76 81 6
76 81 4
76 81 4
76 81 10
76 81 1
76 81 8
76 81 9
76 81 3
76 81 7
76 81 1
76 81 3
76 81 2
76 81 9
76 81 3
76 81 2
76 81 5
76 81 3
76 81 9
76 81 8
76 81 10
76 81 10
76 81 10
76 81 3
76 81 5
76 81 9
76 81 7
76 81 10
76 81 3
76 81 8
76 81 5
76 81 1
76 81 3
76 81 3
76 81 5
76 81 6
76 81 9
76 81 3
76 81 4
76 81 4
76 81 6
76 81 1
76 81 4
76 81 3
76 81 10
76 81 5
76 81 7
76 81 4
77 82 10
77 82 3
77 82 6
77 82 5
77 82 9
77 82 4
77 82 6
77 82 6
77 82 3
77 82 3
77 82 1
77 82 9
77 82 5
77 82 6
77 82 10
77 82 7
77 82 4
77 82 3
77 82 4
77 82 10
77 82 6
77 82 2
77 82 9
77 82 4
77 82 5
77 82 10
77 82 5
77 82 4
77 82 3
77 82 5
77 82 5
77 82 2
77 82 1
77 82 5
77 82 1
77 82 6
77 82 7
77 82 2
77 82 2
77 82 4
77 82 9
77 82 4
77 82 10
77 82 5
77 82 6
77 82 6
77 82 5
77 82 1
77 82 1
77 82 7
77 82 3
77 82 2
77 82 6
78 83 5
78 83 6
78 83 10
78 83 9
78 83 7
78 83 5
78 83 5
78 83 4
78 83 1
78 83 1
78 83 9
78 83 4
78 83 8
78 83 7
78 83 5
78 83 3
78 83 6
78 83 9
78 83 6
78 83 1
78 83 4
78 83 5
78 83 10
78 83 8
78 83 9
78 83 3
78 83 6
78 83 1
78 83 1
78 83 8
78 83 4
78 83 2
78 83 1
78 83 6
78 83 9
78 83 7
78 83 1
78 83 3
78 83 10
78 83 2
78 83 10
78 83 3
78 83 9
78 83 6
78 83 3
78 83 10
78 83 5
78 83 9
78 83 8
78 83 9
78 83 2
78 83 9
78 83 8
78 83 6
78 83 7
78 83 2
78 83 1
78 83 4
78 83 10
78 83 6
78 83 5
78 83 4
78 83 5
78 83 10
78 83 4
78 83 7
78 83 9
79 84 6
79 84 3
79 84 9
79 84 9
79 84 6
79 84 10
79 84 8
79 84 2
79 84 5
79 84 9
79 84 5
79 84 5
79 84 10
79 84 7
79 84 1
79 84 8
79 84 5
79 84 7
79 84 4
79 84 5
79 84 3
79 84 8
79 84 6
79 84 10
79 84 1
79 84 6
79 84 10
79 84 9
79 84 7
79 84 2
79 84 9
79 84 9
79 84 1
79 84 3
79 84 9
79 84 5
79 84 9
79 84 1
79 84 10
79 84 3
79 84 9
80 85 9
80 85 8
80 85 9
80 85 2
80 85 8
80 85 6
80 85 1
80 85 8
80 85 5
80 85 8
80 85 2
80 85 8
80 85 4
80 85 10
80 85 2
80 85 6
80 85 4
80 85 2
80 85 5
80 85 7
80 85 7
80 85 6
80 85 8
80 85 8
80 85 9
80 85 10
80 85 4
80 85 4
80 85 2
80 85 4
80 85 4
80 85 2
80 85 2
80 85 5
80 85 5
80 85 4
80 85 7
80 85 8
80 85 3
80 85 3
80 85 2
80 85 8
80 85 8
80 85 5
80 85 6
80 85 8
80 85 6
80 85 5
80 85 4
80 85 10
80 85 8
80 85 9
80 85 3
81 86 2
81 86 10
81 86 6
81 86 9
81 86 2
81 86 1
81 86 5
81 86 7
81 86 2
81 86 9
81 86 7
81 86 10
81 86 4
81 86 8
81 86 4
81 86 2
81 86 5
81 86 10
81 86 7
81 86 2
81 86 9
81 86 7
81 86 2
81 86 8
81 86 1
81 86 4
81 86 7
81 86 10
81 86 4
81 86 2
81 86 6
81 86 5
81 86 7
81 86 10
81 86 1
81 86 4
81 86 8
81 86 7
81 86 4
81 86 3
81 86 9
81 86 3
81 86 4
81 86 7
81 86 10
81 86 2
81 86 9
81 86 10
81 86 8
81 86 10
82 87 2
82 87 4
82 87 5
82 87 1
82 87 10
82 87 10
82 87 3
82 87 1
82 87 9
82 87 6
82 87 9
82 87 5
82 87 5
82 87 4
82 87 1
82 87 8
82 87 3
82 87 2
82 87 8
82 87 2
82 87 5
82 87 8
82 87 2
82 87 3
82 87 3
82 87 1
82 87 10
82 87 10
82 87 10
82 87 10
82 87 7
82 87 7
82 87 9
82 87 1
82 87 2
82 87 1
82 87 10
82 87 4
82 87 1
82 87 5
82 87 4
82 87 8
82 87 6
82 87 8
82 87 6
82 87 8
82 87 4
82 87 9
83 88 2
83 88 5
83 88 10
83 88 8
83 88 5
83 88 10
83 88 8
83 88 8
83 88 3
83 88 1
83 88 5
83 88 3
83 88 6
83 88 1
83 88 2
83 88 7
83 88 3
83 88 4
83 88 2
83 88 8
83 88 7
83 88 7
83 88 5
83 88 8
83 88 7
83 88 10
83 88 2
83 88 2
83 88 9
83 88 6
83 88 6
83 88 4
83 88 4
83 88 8
83 88 3
83 88 3
83 88 2
83 88 2
83 88 8
83 88 1
83 88 7
83 88 4
83 88 9
83 88 7
83 88 2
83 88 8
84 89 1
84 89 6
84 89 6
84 89 6
84 89 3
84 89 5
84 89 5
84 89 8
84 89 9
84 89 3
84 89 3
84 89 8
84 89 4
84 89 1
84 89 8
84 89 6
84 89 1
84 89 3
84 89 7
84 89 7
84 89 4
84 89 3
84 89 2
84 89 4
84 89 7
84 89 8
84 89 10
84 89 10
84 89 9
84 89 9
84 89 3
84 89 7
84 89 2
84 89 1
84 89 5
84 89 3
84 89 7
84 89 8
84 89 2
84 89 8
84 89 10
84 89 8
84 89 6
84 89 4
84 89 2
84 89 10
84 89 8
84 89 8
84 89 7
84 89 8
85 90 5
85 90 2
85 90 8
85 90 3
85 90 1
85 90 3
85 90 4
85 90 6
85 90 10
85 90 1
85 90 4
85 90 8
85 90 10
85 90 2
85 90 9
85 90 6
85 90 8
85 90 7
85 90 4
85 90 2
85 90 9
85 90 2
85 90 9
85 90 6
85 90 8
85 90 4
85 90 3
85 90 1
85 90 9
85 90 2
85 90 3
85 90 10
85 90 8
85 90 8
85 90 8
85 90 10
85 90 4
85 90 9
85 90 10
85 90 10
85 90 3
85 90 7
85 90 10
85 90 2
85 90 1
85 90 1
85 90 8
85 90 3
85 90 7
85 90 8
85 90 3
85 90 3
85 90 8
85 90 10
85 90 9
85 90 9
85 90 1
85 90 4
85 90 8
85 90 2
85 90 1
85 90 4
85 90 7
85 90 3
85 90 5
86 91 10
86 91 6
86 91 10
86 91 5
86 91 10
86 91 10
86 91 10
86 91 1
86 91 5
86 91 4
86 91 8
86 91 8
86 91 8
86 91 3
86 91 6
86 91 4
86 91 4
86 91 5
86 91 9
86 91 3
86 91 1
86 91 10
86 91 7
86 91 3
86 91 7
86 91 4
86 91 7
86 91 3
86 91 8
86 91 4
86 91 7
86 91 9
86 91 9
86 91 2
86 91 1
86 91 10
86 91 10
86 91 8
86 91 6
86 91 2
86 91 8
86 91 2
86 91 3
86 91 8
86 91 4
86 91 3
86 91 10
86 91 2
86 91 2
86 91 1
87 92 7
87 92 3
87 92 6
87 92 8
87 92 5
87 92 7
87 92 7
87 92 6
87 92 4
87 92 2
87 92 8
87 92 1
87 92 3
87 92 9
87 92 10
87 92 9
87 92 10
87 92 10
87 92 5
87 92 9
87 92 10
87 92 7
87 92 9
87 92 6
87 92 1
87 92 10
87 92 3
87 92 8
87 92 7
87 92 3
87 92 6
87 92 9
87 92 10
87 92 6
87 92 2
87 92 9
87 92 9
87 92 9
87 92 1
87 92 2
87 92 2
87 92 1
87 92 7
87 92 10
87 92 5
87 92 5
87 92 9
87 92 8
87 92 8
87 92 6
87 92 3
87 92 4
87 92 6
87 92 9
87 92 9
87 92 4
87 92 10
88 93 1
88 93 10
88 93 9
88 93 1
88 93 6
88 93 4
88 93 2
88 93 4
88 93 5
88 93 7
88 93 7
88 93 10
88 93 8
88 93 6
88 93 9
88 93 8
88 93 9
88 93 7
88 93 8
88 93 4
88 93 5
88 93 7
88 93 6
88 93 4
88 93 1
88 93 5
88 93 4
88 93 7
88 93 9
88 93 8
88 93 10
88 93 2
88 93 6
88 93 10
88 93 1
88 93 3
88 93 5
88 93 10
88 93 7
88 93 4
88 93 10
88 93 7
88 93 5
88 93 8
89 94 6
89 94 1
89 94 1
89 94 6
89 94 5
89 94 5
89 94 7
89 94 5
89 94 3
89 94 5
89 94 4
89 94 10
89 94 3
89 94 8
89 94 9
89 94 6
89 94 3
89 94 10
89 94 2
89 94 10
89 94 7
89 94 1
89 94 8
89 94 3
89 94 7
89 94 7
89 94 1
89 94 10
89 94 7
89 94 2
89 94 3
89 94 7
89 94 4
89 94 9
89 94 10
89 94 2
89 94 1
89 94 8
89 94 7
89 94 7
89 94 9
89 94 9
89 94 1
89 94 1
89 94 1
89 94 1
89 94 9
90 95 8
90 95 1
90 95 5
90 95 10
90 95 10
90 95 4
90 95 2
90 95 2
90 95 3
90 95 8
90 95 7
90 95 1
90 95 5
90 95 8
90 95 5
90 95 9
90 95 3
90 95 2
90 95 4
90 95 7
90 95 10
90 95 1
90 95 10
90 95 8
90 95 2
90 95 5
90 95 10
90 95 10
90 95 10
90 95 9
90 95 4
90 95 3
90 95 5
90 95 3
90 95 8
90 95 3
90 95 2
90 95 10
90 95 10
90 95 10
90 95 1
90 95 1
90 95 1
90 95 10
91 96 9
91 96 6
91 96 7
91 96 1
91 96 9
91 96 1
91 96 6
91 96 2
91 96 5
91 96 6
91 96 8
91 96 4
91 96 10
91 96 3
91 96 4
91 96 9
91 96 9
91 96 4
91 96 6
91 96 5
91 96 9
91 96 10
91 96 2
91 96 7
91 96 5
91 96 6
91 96 7
91 96 3
91 96 8
91 96 2
91 96 10
91 96 6
91 96 8
91 96 8
91 96 7
91 96 1
91 96 1
91 96 2
91 96 4
91 96 5
91 96 4
91 96 5
92 97 1
92 97 2
92 97 4
92 97 7
92 97 5
92 97 2
92 97 9
92 97 2
92 97 9
92 97 2
92 97 2
92 97 3
92 97 2
92 97 7
92 97 7
92 97 10
92 97 8
92 97 5
92 97 3
92 97 6
92 97 3
92 97 7
92 97 7
92 97 5
92 97 3
92 97 2
92 97 9
92 97 5
92 97 1
92 97 9
92 97 8
92 97 6
92 97 10
92 97 3
92 97 7
92 97 1
92 97 5
92 97 10
92 97 4
92 97 10
92 97 3
92 97 2
92 97 7
92 97 8
92 97 2
92 97 2
92 97 7
92 97 8
92 97 6
92 97 8
92 97 9
93 98 8
93 98 10
93 98 2
93 98 4
93 98 4
93 98 6
93 98 10
93 98 3
93 98 2
93 98 4
93 98 10
93 98 1
93 98 4
93 98 5
93 98 6
93 98 8
93 98 8
93 98 8
93 98 2
93 98 4
93 98 7
93 98 5
93 98 1
93 98 8
93 98 10
93 98 10
93 98 4
93 98 3
93 98 6
93 98 1
93 98 4
93 98 6
93 98 1
93 98 2
93 98 8
93 98 4
93 98 4
93 98 10
93 98 7
93 98 10
93 98 8
93 98 8
93 98 5
93 98 2
93 98 9
93 98 1
93 98 7
93 98 4
93 98 8
93 98 3
93 98 8
93 98 6
93 98 9
93 98 6
93 98 8
93 98 2
93 98 5
94 99 9
94 99 10
94 99 8
94 99 1
94 99 6
94 99 3
94 99 3
94 99 10
94 99 2
94 99 2
94 99 4
94 99 3
94 99 6
94 99 4
94 99 9
94 99 10
94 99 4
94 99 4
94 99 4
94 99 5
94 99 6
94 99 4
94 99 7
94 99 4
94 99 8
94 99 10
94 99 1
94 99 10
94 99 8
94 99 8
94 99 3
94 99 9
94 99 10
94 99 10
94 99 4
94 99 8
94 99 5
94 99 8
94 99 8
94 99 2
94 99 8
94 99 7
94 99 8
94 99 5
94 99 6
94 99 2
94 99 6
95 100 4
95 100 9
95 100 6
95 100 8
95 100 9
95 100 1
95 100 9
95 100 1
95 100 6
95 100 3
95 100 6
95 100 1
95 100 5
95 100 9
95 100 8
95 100 3
95 100 5
95 100 7
95 100 6
95 100 4
95 100 3
95 100 9
95 100 3
95 100 6
95 100 8
95 100 6
95 100 10
95 100 5
95 100 3
95 100 3
95 100 9
95 100 5
95 100 8
95 100 6
95 100 10
95 100 1
95 100 2
95 100 1
95 100 1
95 100 3
96 101 5
96 101 8
96 101 4
96 101 2
96 101 4
96 101 8
96 101 9
96 101 6
96 101 1
96 101 6
96 101 9
96 101 1
96 101 7
96 101 1
96 101 6
96 101 5
96 101 7
96 101 6
96 101 7
96 101 4
96 101 6
96 101 2
96 101 8
96 101 9
96 101 2
96 101 7
96 101 3
96 101 3
96 101 4
96 101 1
96 101 2
96 101 7
96 101 10
96 101 6
96 101 9
96 101 4
96 101 8
97 102 4
97 102 4
97 102 5
97 102 4
97 102 1
97 102 6
97 102 5
97 102 7
97 102 1
97 102 8
97 102 1
97 102 10
97 102 10
97 102 9
97 102 6
97 102 2
97 102 6
97 102 9
97 102 4
97 102 6
97 102 1
97 102 10
97 102 8
97 102 5
97 102 8
97 102 1
97 102 1
97 102 8
97 102 3
97 102 2
97 102 4
97 102 1
97 102 8
97 102 9
97 102 7
97 102 4
97 102 7
97 102 8
97 102 9
97 102 7
97 102 1
97 102 8
97 102 3
97 102 4
97 102 5
97 102 10
97 102 7
97 102 6
97 102 9
97 102 5
97 102 10
97 102 9
97 102 3
97 102 4
97 102 1
97 102 8
97 102 3
98 103 9
98 103 9
98 103 1
98 103 1
98 103 2
98 103 6
98 103 7
98 103 5
98 103 2
98 103 10
98 103 5
98 103 5
98 103 8
98 103 9
98 103 3
98 103 2
98 103 5
98 103 7
98 103 1
98 103 9
98 103 4
98 103 6
98 103 5
98 103 6
98 103 1
98 103 3
98 103 8
98 103 7
98 103 7
98 103 8
98 103 4
98 103 5
98 103 1
98 103 5
98 103 10
98 103 2
98 103 1
98 103 10
98 103 10
98 103 9
98 103 1
98 103 10
98 103 2
98 103 8
98 103 8
98 103 1
98 103 1
98 103 2
98 103 4
98 103 3
98 103 8
98 103 10
98 103 8
98 103 1
98 103 5
98 103 1
98 103 3
98 103 3
98 103 9
98 103 1
99 104 9
99 104 7
99 104 4
99 104 10
99 104 3
99 104 10
99 104 1
99 104 9
99 104 3
99 104 4
99 104 8
99 104 1
99 104 8
99 104 3
99 104 10
99 104 7
99 104 9
99 104 9
99 104 1
99 104 9
99 104 3
99 104 4
99 104 8
99 104 9
99 104 6
99 104 1
99 104 9
99 104 8
99 104 6
99 104 5
99 104 9
99 104 2
99 104 6
99 104 8
99 104 4
99 104 3
99 104 8
99 104 3
99 104 8
99 104 8
99 104 1
99 104 8
99 104 8
99 104 4
99 104 3
99 104 9
99 104 2
99 104 3
100 105 3
100 105 9
100 105 5
100 105 10
100 105 8
100 105 3
100 105 3
100 105 5
100 105 7
100 105 6
100 105 4
100 105 9
100 105 8
100 105 9
100 105 1
100 105 10
100 105 6
100 105 5
100 105 4
100 105 9
100 105 3
100 105 5
100 105 7
100 105 10
100 105 7
100 105 1
100 105 1
100 105 9
100 105 4
100 105 4
100 105 7
100 105 6
100 105 8
100 105 5
100 105 9
100 105 9
100 105 2
100 105 2
100 105 10
100 105 6
100 105 7
100 105 1
100 105 9
100 105 10
100 105 7
100 105 6
100 105 1
100 105 8
100 105 9
100 105 3
100 105 10
100 105 5
100 105 2
