5000 127117
1 6 111
1 6 181
1 6 15
1 6 106
1 6 97
1 6 197
1 6 157
1 6 96
1 6 122
1 6 168
1 6 10
1 6 138
1 6 125
1 6 29
1 6 109
1 6 66
1 6 121
1 6 78
1 6 113
1 6 62
1 6 54
1 6 180
1 6 81
1 6 16
1 6 119
1 6 131
1 6 128
1 6 97
1 6 33
1 6 60
1 6 151
1 6 196
1 6 150
1 6 55
1 6 162
1 6 192
1 6 20
1 6 160
1 6 84
1 6 40
1 6 122
1 6 107
1 6 189
1 6 55
1 6 58
1 6 180
1 6 34
1 6 99
1 6 113
1 6 125
1 6 173
1 6 177
2 7 177
2 7 147
2 7 171
2 7 67
2 7 194
2 7 6
2 7 28
2 7 144
2 7 99
2 7 110
2 7 107
2 7 118
2 7 151
2 7 96
2 7 185
2 7 100
2 7 41
2 7 87
2 7 125
2 7 14
2 7 62
2 7 174
2 7 181
2 7 127
2 7 172
2 7 99
2 7 28
2 7 76
2 7 135
2 7 55
2 7 82
2 7 31
2 7 85
2 7 164
2 7 31
2 7 21
2 7 139
2 7 4
2 7 92
2 7 83
2 7 158
2 7 35
2 7 172
2 7 129
3 8 43
3 8 112
3 8 107
3 8 100
3 8 182
3 8 188
3 8 32
3 8 30
3 8 192
3 8 175
3 8 19
3 8 58
3 8 198
3 8 86
3 8 22
3 8 165
3 8 25
3 8 183
3 8 150
3 8 60
3 8 188
3 8 60
3 8 114
3 8 149
3 8 17
3 8 119
3 8 8
3 8 153
3 8 70
3 8 197
3 8 36
3 8 70
3 8 37
3 8 168
3 8 6
3 8 123
3 8 6
3 8 78
3 8 95
3 8 155
3 8 110
3 8 49
3 8 22
3 8 86
3 8 74
3 8 15
3 8 24
3 8 197
3 8 25
3 8 197
3 8 179
4 9 89
4 9 27
4 9 90
4 9 79
4 9 129
4 9 165
4 9 74
4 9 144
4 9 91
4 9 50
4 9 40
4 9 127
4 9 120
4 9 166
4 9 33
4 9 14
4 9 188
4 9 160
4 9 51
4 9 106
4 9 139
4 9 136
4 9 144
4 9 87
4 9 4
4 9 194
4 9 104
4 9 95
4 9 20
4 9 36
4 9 178
4 9 194
4 9 166
4 9 48
4 9 104
4 9 186
4 9 49
4 9 64
4 9 16
4 9 151
4 9 13
4 9 22
4 9 89
4 9 30
4 9 89
4 9 178
4 9 190
5 10 14
5 10 115
5 10 77
5 10 160
5 10 22
5 10 199
5 10 165
5 10 131
5 10 11
5 10 143
5 10 42
5 10 141
5 10 113
5 10 63
5 10 85
5 10 96
5 10 155
5 10 107
5 10 104
5 10 84
5 10 180
5 10 95
5 10 88
5 10 106
5 10 37
5 10 185
5 10 22
5 10 146
5 10 5
5 10 93
5 10 22
5 10 9
5 10 153
5 10 155
5 10 5
5 10 139
5 10 88
5 10 15
5 10 59
5 10 62
5 10 58
5 10 183
5 10 51
5 10 142
5 10 189
6 11 196
6 11 40
6 11 178
6 11 74
6 11 143
6 11 102
6 11 163
6 11 165
6 11 26
6 11 130
6 11 187
6 11 29
6 11 180
6 11 38
6 11 41
6 11 53
6 11 19
6 11 10
6 11 44
6 11 145
6 11 196
6 11 135
6 11 119
6 11 5
6 11 112
6 11 119
6 11 131
6 11 11
6 11 159
6 11 33
6 11 130
6 11 134
6 11 62
6 11 183
6 11 143
6 11 72
6 11 67
6 11 43
6 11 158
6 11 141
6 11 61
6 11 194
6 11 96
6 11 67
6 11 162
6 11 31
6 11 161
6 11 161
6 11 16
6 11 149
6 11 78
6 11 63
7 12 104
7 12 159
7 12 19
7 12 138
7 12 167
7 12 71
7 12 192
7 12 25
7 12 8
7 12 13
7 12 36
7 12 39
7 12 182
7 12 42
7 12 95
7 12 94
7 12 194
7 12 33
7 12 194
7 12 130
7 12 190
7 12 63
7 12 1
7 12 72
7 12 162
7 12 18
7 12 146
7 12 96
7 12 100
7 12 102
7 12 96
7 12 74
7 12 127
7 12 11
7 12 149
7 12 35
7 12 180
7 12 85
7 12 92
7 12 94
7 12 10
7 12 26
7 12 108
7 12 149
7 12 155
8 13 114
8 13 24
8 13 25
8 13 134
8 13 12
8 13 96
8 13 163
8 13 114
8 13 200
8 13 3
8 13 150
8 13 193
8 13 92
8 13 18
8 13 191
8 13 71
8 13 162
8 13 6
8 13 112
8 13 38
8 13 140
8 13 111
8 13 108
8 13 92
8 13 97
8 13 60
8 13 49
8 13 149
8 13 80
8 13 131
8 13 12
8 13 30
8 13 82
8 13 162
8 13 48
8 13 141
8 13 117
8 13 178
8 13 84
8 13 120
8 13 106
8 13 143
8 13 118
8 13 90
8 13 5
8 13 40
8 13 125
8 13 111
9 14 123
9 14 41
9 14 21
9 14 193
9 14 56
9 14 72
9 14 155
9 14 119
9 14 163
9 14 113
9 14 169
9 14 73
9 14 114
9 14 80
9 14 155
9 14 68
9 14 134
9 14 75
9 14 172
9 14 100
9 14 125
9 14 18
9 14 46
9 14 55
9 14 185
9 14 115
9 14 142
9 14 3
9 14 48
9 14 199
9 14 3
9 14 27
9 14 52
9 14 150
9 14 163
9 14 181
9 14 45
9 14 47
9 14 173
9 14 28
9 14 9
9 14 137
9 14 107
9 14 107
9 14 95
9 14 113
9 14 15
9 14 130
9 14 74
9 14 126
9 14 158
9 14 3
9 14 105
9 14 177
9 14 183
10 15 93
10 15 178
10 15 123
10 15 143
10 15 113
10 15 176
10 15 114
10 15 76
10 15 98
10 15 150
10 15 138
10 15 18
10 15 46
10 15 104
10 15 22
10 15 8
10 15 180
10 15 70
10 15 25
10 15 172
10 15 63
10 15 166
10 15 195
10 15 146
10 15 146
10 15 32
10 15 31
10 15 164
10 15 68
10 15 196
10 15 162
10 15 84
10 15 80
10 15 156
10 15 63
10 15 83
10 15 146
10 15 95
10 15 83
10 15 103
10 15 108
11 16 146
11 16 67
11 16 192
11 16 98
11 16 184
11 16 79
11 16 182
11 16 153
11 16 176
11 16 98
11 16 150
11 16 118
11 16 148
11 16 28
11 16 16
11 16 56
11 16 29
11 16 121
11 16 54
11 16 134
11 16 22
11 16 149
11 16 25
11 16 148
11 16 116
11 16 188
11 16 68
11 16 80
11 16 70
11 16 44
11 16 71
11 16 38
11 16 101
11 16 68
11 16 144
11 16 40
11 16 169
11 16 85
11 16 134
11 16 34
11 16 104
11 16 57
11 16 68
11 16 64
11 16 184
11 16 116
11 16 137
11 16 188
11 16 107
11 16 134
11 16 199
11 16 12
11 16 132
11 16 166
11 16 181
11 16 144
11 16 98
11 16 38
12 17 117
12 17 159
12 17 46
12 17 33
12 17 124
12 17 174
12 17 37
12 17 190
12 17 189
12 17 55
12 17 59
12 17 148
12 17 107
12 17 200
12 17 93
12 17 124
12 17 95
12 17 195
12 17 104
12 17 27
12 17 37
12 17 58
12 17 67
12 17 5
12 17 129
12 17 45
12 17 26
12 17 149
12 17 139
12 17 35
12 17 146
12 17 112
12 17 193
12 17 113
12 17 136
12 17 89
12 17 128
12 17 195
12 17 169
12 17 135
12 17 180
12 17 117
12 17 182
12 17 107
13 18 83
13 18 83
13 18 16
13 18 178
13 18 77
13 18 157
13 18 83
13 18 18
13 18 133
13 18 191
13 18 163
13 18 190
13 18 194
13 18 19
13 18 1
13 18 119
13 18 90
13 18 66
13 18 144
13 18 191
13 18 151
13 18 54
13 18 25
13 18 153
13 18 107
13 18 110
13 18 196
13 18 131
13 18 136
13 18 17
13 18 63
13 18 145
13 18 32
13 18 163
13 18 21
13 18 116
13 18 126
13 18 22
13 18 167
13 18 109
13 18 105
13 18 163
13 18 165
13 18 52
13 18 196
13 18 117
13 18 34
13 18 14
13 18 34
13 18 194
13 18 136
13 18 78
13 18 45
13 18 149
13 18 29
13 18 177
13 18 54
13 18 83
13 18 119
13 18 46
13 18 59
13 18 193
13 18 129
14 19 137
14 19 130
14 19 50
14 19 43
14 19 37
14 19 195
14 19 102
14 19 135
14 19 49
14 19 163
14 19 141
14 19 105
14 19 60
14 19 109
14 19 143
14 19 177
14 19 76
14 19 68
14 19 43
14 19 43
14 19 184
14 19 176
14 19 53
14 19 111
14 19 91
14 19 148
14 19 19
14 19 7
14 19 168
14 19 46
14 19 86
14 19 4
14 19 137
14 19 78
14 19 101
14 19 173
14 19 199
14 19 89
14 19 12
14 19 178
14 19 50
14 19 188
14 19 139
14 19 140
14 19 124
14 19 106
14 19 67
14 19 6
14 19 186
14 19 136
14 19 174
14 19 137
14 19 114
15 20 33
15 20 42
15 20 18
15 20 38
15 20 161
15 20 142
15 20 49
15 20 100
15 20 106
15 20 179
15 20 32
15 20 167
15 20 20
15 20 37
15 20 64
15 20 54
15 20 185
15 20 137
15 20 15
15 20 103
15 20 60
15 20 137
15 20 108
15 20 59
15 20 76
15 20 190
15 20 27
15 20 23
15 20 65
15 20 179
15 20 186
15 20 26
16 21 104
16 21 7
16 21 95
16 21 190
16 21 13
16 21 130
16 21 169
16 21 4
16 21 140
16 21 191
16 21 124
16 21 128
16 21 168
16 21 3
16 21 103
16 21 43
16 21 131
16 21 94
16 21 85
16 21 89
16 21 125
16 21 33
16 21 53
16 21 109
16 21 172
16 21 145
16 21 141
16 21 179
16 21 39
16 21 197
16 21 56
16 21 12
16 21 148
16 21 195
16 21 104
16 21 94
16 21 85
16 21 9
16 21 44
16 21 62
16 21 23
16 21 113
16 21 23
16 21 193
16 21 97
16 21 56
16 21 184
16 21 116
16 21 107
16 21 127
16 21 15
16 21 101
16 21 135
16 21 163
16 21 161
16 21 181
16 21 84
16 21 200
17 22 182
17 22 99
17 22 147
17 22 29
17 22 68
17 22 139
17 22 20
17 22 174
17 22 93
17 22 84
17 22 89
17 22 11
17 22 48
17 22 49
17 22 137
17 22 133
17 22 29
17 22 104
17 22 47
17 22 193
17 22 11
17 22 197
17 22 1
17 22 143
17 22 142
17 22 1
17 22 127
17 22 117
17 22 99
17 22 115
17 22 4
17 22 84
17 22 71
17 22 132
17 22 158
17 22 145
17 22 30
17 22 102
17 22 28
17 22 59
17 22 52
17 22 42
17 22 187
17 22 66
17 22 172
18 23 64
18 23 88
18 23 140
18 23 44
18 23 65
18 23 20
18 23 169
18 23 180
18 23 65
18 23 46
18 23 47
18 23 24
18 23 194
18 23 99
18 23 176
18 23 99
18 23 188
18 23 179
18 23 75
18 23 4
18 23 17
18 23 78
18 23 55
18 23 86
18 23 199
18 23 148
18 23 19
18 23 108
18 23 125
18 23 154
18 23 181
18 23 10
18 23 37
18 23 152
18 23 20
18 23 43
18 23 195
18 23 20
18 23 163
18 23 184
18 23 42
18 23 38
18 23 116
18 23 6
18 23 195
18 23 139
18 23 164
18 23 110
18 23 106
19 24 112
19 24 161
19 24 165
19 24 76
19 24 164
19 24 101
19 24 114
19 24 29
19 24 105
19 24 16
19 24 9
19 24 4
19 24 16
19 24 123
19 24 174
19 24 39
19 24 97
19 24 172
19 24 147
19 24 192
19 24 183
19 24 155
19 24 195
19 24 19
19 24 71
19 24 143
19 24 177
19 24 42
19 24 156
19 24 46
19 24 33
19 24 18
19 24 56
19 24 101
19 24 165
19 24 126
19 24 148
19 24 7
19 24 173
19 24 113
19 24 180
19 24 167
19 24 104
19 24 78
19 24 27
19 24 43
19 24 168
19 24 186
19 24 96
19 24 8
19 24 17
19 24 139
19 24 103
20 25 62
20 25 140
20 25 70
20 25 154
20 25 118
20 25 101
20 25 2
20 25 26
20 25 63
20 25 5
20 25 142
20 25 139
20 25 192
20 25 2
20 25 159
20 25 54
20 25 199
20 25 63
20 25 183
20 25 45
20 25 200
20 25 113
20 25 196
20 25 50
20 25 115
20 25 71
20 25 28
20 25 158
20 25 103
20 25 44
20 25 165
20 25 71
20 25 130
20 25 111
20 25 108
20 25 20
20 25 167
20 25 32
20 25 106
20 25 5
20 25 152
20 25 193
20 25 35
20 25 113
20 25 121
20 25 91
20 25 20
20 25 48
20 25 178
20 25 29
20 25 55
21 26 113
21 26 146
21 26 28
21 26 80
21 26 193
21 26 55
21 26 137
21 26 108
21 26 57
21 26 148
21 26 183
21 26 29
21 26 142
21 26 123
21 26 15
21 26 8
21 26 2
21 26 177
21 26 67
21 26 196
21 26 142
21 26 87
21 26 134
21 26 6
21 26 98
21 26 19
21 26 95
21 26 200
21 26 192
21 26 60
21 26 130
21 26 77
21 26 191
21 26 64
21 26 199
21 26 3
21 26 74
21 26 23
21 26 33
21 26 122
21 26 183
21 26 188
21 26 100
21 26 131
21 26 128
21 26 98
22 27 144
22 27 126
22 27 89
22 27 83
22 27 46
22 27 68
22 27 33
22 27 81
22 27 172
22 27 14
22 27 135
22 27 41
22 27 198
22 27 152
22 27 199
22 27 26
22 27 58
22 27 17
22 27 14
22 27 128
22 27 174
22 27 108
22 27 186
22 27 8
22 27 14
22 27 107
22 27 49
22 27 86
22 27 61
22 27 69
22 27 156
22 27 29
22 27 136
22 27 160
22 27 102
22 27 127
22 27 170
22 27 64
22 27 75
23 28 57
23 28 97
23 28 5
23 28 71
23 28 124
23 28 25
23 28 18
23 28 195
23 28 166
23 28 126
23 28 63
23 28 94
23 28 159
23 28 14
23 28 119
23 28 176
23 28 129
23 28 102
23 28 91
23 28 132
23 28 83
23 28 137
23 28 67
23 28 57
23 28 166
23 28 63
23 28 131
23 28 96
23 28 84
23 28 147
23 28 22
23 28 109
23 28 40
23 28 155
23 28 153
23 28 178
23 28 37
23 28 149
23 28 148
23 28 87
24 29 74
24 29 188
24 29 138
24 29 143
24 29 63
24 29 9
24 29 77
24 29 82
24 29 132
24 29 119
24 29 141
24 29 180
24 29 95
24 29 9
24 29 196
24 29 11
24 29 112
24 29 71
24 29 63
24 29 170
24 29 62
24 29 68
24 29 106
24 29 137
24 29 165
24 29 54
24 29 105
24 29 118
24 29 84
24 29 8
24 29 60
24 29 198
24 29 58
24 29 189
24 29 181
24 29 149
24 29 88
24 29 59
24 29 18
24 29 35
24 29 58
24 29 123
24 29 28
24 29 143
24 29 188
24 29 157
24 29 3
24 29 129
24 29 107
24 29 178
24 29 30
24 29 8
24 29 200
24 29 187
24 29 106
24 29 105
25 30 2
25 30 187
25 30 48
25 30 80
25 30 153
25 30 176
25 30 13
25 30 36
25 30 35
25 30 34
25 30 158
25 30 151
25 30 91
25 30 58
25 30 151
25 30 144
25 30 78
25 30 118
25 30 82
25 30 44
25 30 170
25 30 111
25 30 136
25 30 55
25 30 123
25 30 35
25 30 102
25 30 41
25 30 181
25 30 161
25 30 68
25 30 70
25 30 187
25 30 67
25 30 156
25 30 96
25 30 143
25 30 16
25 30 21
25 30 186
25 30 142
25 30 21
25 30 138
25 30 22
25 30 70
25 30 81
25 30 45
25 30 8
26 31 48
26 31 42
26 31 100
26 31 191
26 31 190
26 31 128
26 31 76
26 31 59
26 31 21
26 31 163
26 31 42
26 31 154
26 31 21
26 31 141
26 31 100
26 31 175
26 31 98
26 31 99
26 31 15
26 31 153
26 31 90
26 31 97
26 31 22
26 31 94
26 31 40
26 31 3
26 31 49
26 31 15
26 31 147
26 31 56
26 31 151
26 31 97
26 31 146
26 31 185
26 31 131
26 31 20
26 31 11
26 31 80
26 31 122
26 31 60
26 31 143
26 31 67
26 31 37
26 31 183
26 31 42
26 31 191
27 32 34
27 32 127
27 32 129
27 32 153
27 32 166
27 32 141
27 32 22
27 32 109
27 32 68
27 32 191
27 32 155
27 32 138
27 32 119
27 32 198
27 32 28
27 32 182
27 32 172
27 32 166
27 32 67
27 32 92
27 32 31
27 32 121
27 32 72
27 32 139
27 32 67
27 32 167
27 32 136
27 32 122
27 32 1
27 32 48
27 32 72
27 32 88
27 32 56
27 32 73
27 32 44
27 32 82
27 32 190
27 32 37
27 32 2
27 32 133
27 32 42
27 32 12
27 32 161
27 32 129
27 32 6
27 32 64
27 32 136
27 32 196
27 32 185
27 32 93
27 32 193
27 32 15
28 33 101
28 33 161
28 33 86
28 33 140
28 33 48
28 33 146
28 33 89
28 33 107
28 33 66
28 33 144
28 33 91
28 33 34
28 33 10
28 33 147
28 33 130
28 33 185
28 33 190
28 33 109
28 33 12
28 33 56
28 33 135
28 33 9
28 33 99
28 33 98
28 33 34
28 33 52
28 33 1
28 33 72
28 33 39
28 33 61
28 33 51
28 33 181
28 33 200
28 33 124
28 33 137
28 33 42
28 33 174
28 33 190
28 33 182
28 33 49
28 33 80
28 33 181
28 33 113
28 33 40
28 33 55
28 33 45
28 33 23
28 33 34
28 33 39
28 33 71
28 33 196
28 33 50
28 33 112
28 33 106
29 34 93
29 34 130
29 34 88
29 34 185
29 34 163
29 34 44
29 34 150
29 34 185
29 34 84
29 34 105
29 34 187
29 34 94
29 34 101
29 34 86
29 34 148
29 34 198
29 34 34
29 34 19
29 34 95
29 34 66
29 34 59
29 34 11
29 34 112
29 34 123
29 34 75
29 34 143
29 34 27
29 34 71
29 34 137
29 34 95
29 34 129
29 34 14
29 34 135
29 34 114
29 34 1
29 34 124
29 34 138
29 34 40
29 34 169
29 34 57
29 34 178
29 34 89
29 34 123
29 34 195
29 34 1
29 34 173
29 34 27
29 34 147
29 34 75
29 34 147
29 34 92
30 35 166
30 35 2
30 35 9
30 35 141
30 35 149
30 35 61
30 35 173
30 35 82
30 35 28
30 35 143
30 35 78
30 35 194
30 35 75
30 35 168
30 35 48
30 35 166
30 35 70
30 35 177
30 35 56
30 35 71
30 35 6
30 35 181
30 35 132
30 35 188
30 35 101
30 35 36
30 35 30
30 35 3
30 35 71
30 35 160
30 35 43
30 35 36
30 35 133
30 35 124
30 35 125
30 35 46
30 35 24
30 35 101
30 35 37
30 35 4
30 35 8
30 35 54
30 35 143
30 35 42
30 35 147
30 35 97
30 35 169
30 35 12
30 35 182
31 36 164
31 36 104
31 36 128
31 36 159
31 36 83
31 36 178
31 36 128
31 36 127
31 36 68
31 36 15
31 36 70
31 36 86
31 36 28
31 36 198
31 36 159
31 36 143
31 36 128
31 36 136
31 36 172
31 36 43
31 36 58
31 36 65
31 36 143
31 36 79
31 36 184
31 36 53
31 36 154
31 36 107
31 36 19
31 36 101
31 36 184
31 36 160
31 36 180
31 36 119
31 36 142
31 36 9
31 36 79
31 36 19
31 36 151
31 36 138
31 36 123
31 36 86
31 36 112
31 36 92
31 36 83
31 36 77
31 36 177
31 36 38
31 36 30
31 36 27
31 36 101
31 36 50
31 36 137
32 37 79
32 37 54
32 37 40
32 37 160
32 37 131
32 37 102
32 37 9
32 37 188
32 37 43
32 37 188
32 37 167
32 37 142
32 37 93
32 37 147
32 37 185
32 37 120
32 37 143
32 37 9
32 37 35
32 37 152
32 37 162
32 37 128
32 37 190
32 37 26
32 37 25
32 37 105
32 37 156
32 37 38
32 37 46
32 37 90
32 37 59
32 37 23
32 37 200
32 37 112
32 37 185
32 37 153
32 37 130
32 37 45
32 37 40
32 37 26
32 37 122
32 37 89
32 37 76
32 37 117
32 37 77
32 37 116
32 37 2
32 37 14
32 37 20
33 38 8
33 38 167
33 38 54
33 38 166
33 38 180
33 38 85
33 38 99
33 38 195
33 38 44
33 38 83
33 38 182
33 38 112
33 38 83
33 38 58
33 38 178
33 38 190
33 38 151
33 38 44
33 38 172
33 38 130
33 38 123
33 38 148
33 38 46
33 38 92
33 38 15
33 38 59
33 38 29
33 38 42
33 38 7
33 38 173
33 38 186
33 38 16
33 38 168
33 38 57
33 38 161
33 38 8
33 38 13
33 38 26
33 38 68
33 38 193
33 38 187
33 38 199
33 38 10
33 38 152
33 38 11
33 38 197
33 38 94
33 38 67
33 38 192
33 38 81
33 38 27
33 38 113
33 38 29
33 38 89
33 38 125
33 38 154
33 38 200
33 38 45
33 38 151
34 39 149
34 39 165
34 39 85
34 39 147
34 39 172
34 39 13
34 39 47
34 39 97
34 39 152
34 39 161
34 39 81
34 39 15
34 39 48
34 39 12
34 39 66
34 39 16
34 39 199
34 39 30
34 39 132
34 39 26
34 39 185
34 39 80
34 39 197
34 39 59
34 39 110
34 39 24
34 39 191
34 39 172
34 39 126
34 39 193
34 39 175
34 39 167
34 39 172
34 39 160
34 39 178
34 39 158
34 39 45
34 39 186
34 39 159
34 39 111
34 39 181
35 40 57
35 40 181
35 40 23
35 40 2
35 40 105
35 40 81
35 40 106
35 40 144
35 40 55
35 40 138
35 40 157
35 40 48
35 40 186
35 40 120
35 40 162
35 40 199
35 40 81
35 40 106
35 40 101
35 40 102
35 40 49
35 40 11
35 40 36
35 40 109
35 40 156
35 40 127
35 40 88
35 40 56
35 40 106
35 40 65
35 40 55
35 40 140
35 40 162
35 40 97
35 40 7
35 40 168
35 40 11
35 40 30
35 40 153
35 40 34
35 40 135
35 40 9
35 40 37
35 40 90
35 40 49
35 40 191
35 40 7
35 40 14
35 40 64
35 40 181
35 40 123
35 40 24
35 40 23
35 40 105
35 40 145
35 40 86
35 40 119
36 41 70
36 41 123
36 41 80
36 41 143
36 41 123
36 41 138
36 41 24
36 41 17
36 41 27
36 41 146
36 41 39
36 41 137
36 41 191
36 41 165
36 41 35
36 41 126
36 41 146
36 41 46
36 41 195
36 41 38
36 41 100
36 41 95
36 41 18
36 41 137
36 41 165
36 41 177
36 41 176
36 41 48
36 41 104
36 41 150
36 41 17
36 41 163
36 41 180
36 41 98
36 41 104
36 41 94
36 41 198
36 41 47
36 41 135
36 41 127
36 41 78
36 41 19
36 41 139
36 41 199
36 41 132
36 41 139
36 41 128
36 41 91
36 41 53
36 41 55
36 41 15
37 42 36
37 42 137
37 42 194
37 42 24
37 42 96
37 42 128
37 42 8
37 42 159
37 42 81
37 42 22
37 42 134
37 42 17
37 42 90
37 42 23
37 42 57
37 42 159
37 42 22
37 42 124
37 42 160
37 42 145
37 42 139
37 42 21
37 42 82
37 42 144
37 42 190
37 42 54
37 42 105
37 42 184
37 42 119
37 42 125
37 42 187
37 42 94
37 42 76
37 42 38
37 42 10
37 42 55
37 42 28
37 42 94
37 42 9
37 42 50
37 42 57
37 42 152
37 42 110
37 42 7
37 42 115
37 42 96
37 42 178
37 42 128
37 42 1
37 42 109
37 42 45
37 42 41
37 42 68
37 42 133
37 42 122
37 42 97
37 42 1
37 42 68
37 42 171
38 43 177
38 43 67
38 43 121
38 43 85
38 43 98
38 43 83
38 43 191
38 43 196
38 43 112
38 43 110
38 43 38
38 43 6
38 43 163
38 43 109
38 43 122
38 43 141
38 43 193
38 43 3
38 43 167
38 43 47
38 43 6
38 43 9
38 43 6
38 43 95
38 43 123
38 43 64
38 43 176
38 43 75
38 43 67
38 43 102
38 43 69
38 43 145
38 43 180
38 43 12
38 43 40
38 43 86
38 43 186
38 43 2
38 43 82
38 43 92
38 43 92
38 43 199
38 43 45
38 43 54
38 43 187
38 43 65
38 43 86
38 43 34
38 43 96
38 43 191
38 43 163
38 43 46
38 43 99
38 43 51
38 43 133
38 43 35
38 43 124
38 43 180
38 43 74
38 43 83
38 43 144
38 43 143
38 43 76
39 44 65
39 44 160
39 44 88
39 44 145
39 44 66
39 44 176
39 44 71
39 44 46
39 44 52
39 44 17
39 44 166
39 44 197
39 44 30
39 44 117
39 44 46
39 44 106
39 44 118
39 44 13
39 44 138
39 44 178
39 44 57
39 44 143
39 44 83
39 44 164
39 44 147
39 44 149
39 44 157
39 44 27
39 44 161
39 44 153
39 44 58
39 44 58
39 44 101
39 44 96
39 44 200
39 44 156
39 44 172
39 44 108
39 44 61
39 44 93
39 44 157
39 44 11
39 44 92
39 44 66
39 44 102
39 44 102
40 45 6
40 45 57
40 45 108
40 45 26
40 45 173
40 45 24
40 45 163
40 45 46
40 45 144
40 45 127
40 45 5
40 45 110
40 45 171
40 45 88
40 45 45
40 45 42
40 45 43
40 45 53
40 45 66
40 45 56
40 45 103
40 45 129
40 45 95
40 45 47
40 45 129
40 45 95
40 45 91
40 45 29
40 45 153
40 45 150
40 45 105
40 45 110
40 45 123
40 45 185
40 45 114
40 45 138
40 45 165
40 45 162
40 45 121
40 45 70
40 45 57
40 45 12
40 45 32
40 45 83
40 45 5
40 45 79
41 46 147
41 46 21
41 46 179
41 46 108
41 46 20
41 46 106
41 46 12
41 46 37
41 46 33
41 46 125
41 46 164
41 46 76
41 46 27
41 46 170
41 46 94
41 46 161
41 46 48
41 46 140
41 46 16
41 46 20
41 46 47
41 46 37
41 46 23
41 46 158
41 46 95
41 46 137
41 46 1
41 46 191
41 46 178
41 46 152
41 46 103
41 46 89
41 46 8
41 46 58
41 46 144
41 46 144
41 46 72
41 46 110
41 46 157
41 46 171
41 46 52
41 46 17
42 47 109
42 47 43
42 47 50
42 47 126
42 47 49
42 47 45
42 47 106
42 47 36
42 47 144
42 47 95
42 47 105
42 47 144
42 47 86
42 47 109
42 47 54
42 47 162
42 47 69
42 47 14
42 47 135
42 47 49
42 47 47
42 47 187
42 47 189
42 47 5
42 47 5
42 47 132
42 47 119
42 47 147
42 47 143
42 47 92
42 47 26
42 47 75
42 47 109
42 47 46
42 47 183
42 47 190
42 47 108
42 47 20
42 47 21
42 47 160
42 47 42
42 47 119
42 47 113
42 47 133
42 47 54
42 47 26
42 47 166
42 47 31
42 47 159
42 47 26
42 47 195
42 47 18
42 47 166
42 47 141
43 48 41
43 48 126
43 48 3
43 48 93
43 48 102
43 48 29
43 48 2
43 48 25
43 48 128
43 48 151
43 48 159
43 48 99
43 48 73
43 48 191
43 48 149
43 48 96
43 48 195
43 48 157
43 48 39
43 48 178
43 48 78
43 48 9
43 48 10
43 48 30
43 48 18
43 48 151
43 48 178
43 48 195
43 48 1
43 48 62
43 48 132
43 48 87
43 48 30
43 48 149
43 48 188
43 48 30
43 48 30
43 48 127
43 48 99
43 48 101
43 48 4
43 48 171
43 48 94
43 48 82
43 48 1
43 48 186
43 48 185
43 48 59
43 48 16
43 48 119
43 48 40
43 48 107
43 48 195
43 48 194
43 48 142
43 48 112
44 49 57
44 49 81
44 49 22
44 49 92
44 49 165
44 49 102
44 49 116
44 49 158
44 49 59
44 49 20
44 49 101
44 49 49
44 49 115
44 49 119
44 49 13
44 49 23
44 49 36
44 49 85
44 49 92
44 49 49
44 49 3
44 49 3
44 49 32
44 49 166
44 49 85
44 49 122
44 49 21
44 49 133
44 49 30
44 49 54
44 49 100
44 49 66
44 49 179
44 49 124
44 49 174
44 49 77
44 49 15
44 49 165
44 49 165
44 49 166
44 49 78
44 49 180
44 49 21
44 49 139
44 49 22
44 49 157
44 49 25
44 49 161
44 49 147
44 49 105
44 49 177
44 49 48
44 49 3
44 49 129
44 49 145
45 50 32
45 50 182
45 50 44
45 50 117
45 50 86
45 50 73
45 50 160
45 50 175
45 50 10
45 50 94
45 50 179
45 50 21
45 50 48
45 50 49
45 50 134
45 50 104
45 50 66
45 50 71
45 50 60
45 50 14
45 50 45
45 50 196
45 50 43
45 50 131
45 50 132
45 50 192
45 50 148
45 50 78
45 50 98
45 50 7
45 50 157
45 50 19
45 50 152
45 50 172
45 50 180
45 50 57
45 50 103
45 50 112
45 50 46
45 50 188
45 50 72
45 50 148
45 50 17
45 50 119
45 50 12
45 50 9
45 50 36
45 50 148
46 51 108
46 51 133
46 51 7
46 51 91
46 51 149
46 51 125
46 51 24
46 51 20
46 51 32
46 51 97
46 51 95
46 51 81
46 51 158
46 51 115
46 51 16
46 51 29
46 51 88
46 51 32
46 51 156
46 51 148
46 51 192
46 51 124
46 51 125
46 51 40
46 51 170
46 51 170
46 51 47
46 51 134
46 51 145
46 51 71
46 51 95
46 51 76
46 51 45
46 51 29
46 51 186
46 51 198
46 51 60
46 51 75
46 51 167
46 51 158
46 51 78
46 51 31
46 51 11
46 51 51
46 51 156
46 51 132
46 51 60
47 52 174
47 52 175
47 52 138
47 52 60
47 52 8
47 52 124
47 52 114
47 52 172
47 52 178
47 52 99
47 52 113
47 52 94
47 52 147
47 52 110
47 52 85
47 52 17
47 52 163
47 52 97
47 52 159
47 52 43
47 52 73
47 52 32
47 52 77
47 52 196
47 52 35
47 52 64
47 52 14
47 52 1
47 52 191
47 52 193
47 52 192
47 52 140
47 52 69
47 52 73
48 53 136
48 53 80
48 53 165
48 53 126
48 53 191
48 53 35
48 53 37
48 53 16
48 53 167
48 53 87
48 53 106
48 53 84
48 53 150
48 53 79
48 53 187
48 53 123
48 53 41
48 53 85
48 53 114
48 53 167
48 53 117
48 53 169
48 53 165
48 53 3
48 53 79
48 53 38
48 53 80
48 53 115
48 53 50
48 53 101
48 53 164
48 53 22
48 53 51
48 53 60
48 53 100
48 53 151
48 53 127
48 53 111
48 53 165
48 53 42
48 53 6
48 53 41
48 53 17
48 53 160
48 53 31
48 53 50
48 53 165
48 53 168
48 53 26
48 53 162
48 53 144
48 53 104
48 53 68
48 53 167
48 53 19
48 53 1
48 53 9
48 53 145
48 53 143
48 53 28
48 53 170
48 53 128
48 53 98
48 53 28
49 54 61
49 54 31
49 54 111
49 54 39
49 54 147
49 54 1
49 54 80
49 54 121
49 54 87
49 54 144
49 54 167
49 54 69
49 54 137
49 54 158
49 54 126
49 54 77
49 54 171
49 54 14
49 54 21
49 54 164
49 54 90
49 54 97
49 54 102
49 54 158
49 54 71
49 54 113
49 54 153
49 54 80
49 54 64
49 54 36
49 54 161
49 54 157
49 54 177
49 54 60
49 54 195
49 54 28
49 54 129
49 54 91
49 54 175
49 54 133
49 54 31
49 54 107
49 54 47
49 54 77
49 54 169
49 54 164
49 54 92
49 54 1
49 54 56
49 54 63
49 54 196
49 54 152
49 54 34
49 54 92
50 55 67
50 55 127
50 55 162
50 55 113
50 55 161
50 55 199
50 55 100
50 55 128
50 55 78
50 55 9
50 55 176
50 55 130
50 55 54
50 55 141
50 55 153
50 55 117
50 55 140
50 55 159
50 55 136
50 55 30
50 55 161
50 55 151
50 55 58
50 55 170
50 55 22
50 55 167
50 55 91
50 55 153
50 55 138
50 55 151
50 55 84
50 55 139
50 55 158
50 55 126
50 55 141
50 55 156
50 55 140
51 56 22
51 56 170
51 56 185
51 56 60
51 56 35
51 56 65
51 56 107
51 56 125
51 56 15
51 56 5
51 56 144
51 56 65
51 56 79
51 56 49
51 56 19
51 56 121
51 56 198
51 56 11
51 56 48
51 56 13
51 56 36
51 56 111
51 56 55
51 56 91
51 56 147
51 56 87
51 56 179
51 56 172
51 56 200
51 56 183
51 56 190
51 56 59
51 56 161
51 56 43
51 56 133
51 56 147
51 56 127
51 56 138
51 56 55
51 56 51
52 57 52
52 57 183
52 57 12
52 57 124
52 57 193
52 57 83
52 57 8
52 57 170
52 57 54
52 57 18
52 57 95
52 57 1
52 57 11
52 57 190
52 57 22
52 57 40
52 57 93
52 57 72
52 57 21
52 57 2
52 57 81
52 57 30
52 57 69
52 57 59
52 57 77
52 57 194
52 57 145
52 57 84
52 57 31
52 57 96
52 57 1
52 57 70
52 57 48
52 57 87
52 57 9
52 57 18
52 57 97
52 57 20
52 57 150
52 57 33
52 57 79
52 57 62
52 57 23
52 57 9
52 57 169
52 57 113
52 57 79
52 57 51
52 57 140
52 57 157
53 58 177
53 58 49
53 58 20
53 58 53
53 58 75
53 58 127
53 58 119
53 58 137
53 58 186
53 58 161
53 58 170
53 58 48
53 58 21
53 58 102
53 58 194
53 58 121
53 58 198
53 58 181
53 58 65
53 58 137
53 58 9
53 58 183
53 58 92
53 58 56
53 58 16
53 58 131
53 58 188
53 58 100
53 58 51
53 58 72
53 58 49
53 58 15
53 58 115
53 58 27
53 58 177
53 58 190
53 58 122
53 58 185
53 58 66
53 58 42
53 58 154
53 58 183
53 58 29
53 58 187
53 58 123
53 58 138
53 58 121
53 58 163
53 58 90
53 58 43
53 58 29
53 58 133
53 58 44
53 58 107
53 58 40
53 58 139
54 59 161
54 59 191
54 59 31
54 59 105
54 59 182
54 59 173
54 59 2
54 59 53
54 59 31
54 59 32
54 59 192
54 59 37
54 59 127
54 59 44
54 59 188
54 59 90
54 59 63
54 59 176
54 59 106
54 59 44
54 59 199
54 59 112
54 59 27
54 59 162
54 59 40
54 59 181
54 59 172
54 59 172
54 59 95
54 59 43
54 59 183
54 59 40
54 59 182
54 59 127
54 59 44
54 59 114
54 59 4
54 59 2
54 59 106
54 59 170
54 59 7
54 59 133
54 59 165
54 59 44
54 59 78
54 59 176
54 59 148
54 59 190
54 59 125
54 59 54
54 59 92
55 60 187
55 60 195
55 60 135
55 60 41
55 60 155
55 60 39
55 60 99
55 60 166
55 60 179
55 60 4
55 60 102
55 60 138
55 60 50
55 60 51
55 60 135
55 60 191
55 60 186
55 60 30
55 60 40
55 60 191
55 60 31
55 60 31
55 60 27
55 60 176
55 60 144
55 60 78
55 60 147
55 60 52
55 60 18
55 60 20
55 60 34
55 60 35
55 60 110
55 60 106
55 60 89
55 60 142
55 60 100
55 60 34
55 60 65
55 60 33
55 60 48
55 60 130
55 60 114
55 60 174
55 60 94
55 60 29
55 60 77
55 60 176
55 60 112
55 60 182
56 61 148
56 61 105
56 61 90
56 61 92
56 61 121
56 61 101
56 61 107
56 61 140
56 61 41
56 61 55
56 61 102
56 61 37
56 61 4
56 61 20
56 61 107
56 61 8
56 61 150
56 61 112
56 61 24
56 61 78
56 61 83
56 61 96
56 61 115
56 61 83
56 61 159
56 61 197
56 61 107
56 61 173
56 61 158
56 61 18
56 61 153
56 61 148
56 61 67
56 61 23
56 61 46
56 61 194
56 61 75
56 61 12
56 61 23
56 61 155
56 61 190
56 61 18
56 61 88
56 61 194
56 61 88
56 61 49
56 61 10
57 62 89
57 62 151
57 62 61
57 62 39
57 62 133
57 62 71
57 62 163
57 62 63
57 62 45
57 62 143
57 62 78
57 62 130
57 62 57
57 62 104
57 62 67
57 62 61
57 62 129
57 62 123
57 62 35
57 62 123
57 62 72
57 62 53
57 62 181
57 62 124
57 62 97
57 62 82
57 62 100
57 62 32
57 62 156
57 62 188
57 62 21
57 62 155
57 62 17
57 62 75
57 62 24
57 62 111
58 63 22
58 63 179
58 63 117
58 63 32
58 63 23
58 63 32
58 63 39
58 63 19
58 63 72
58 63 11
58 63 176
58 63 102
58 63 109
58 63 73
58 63 147
58 63 59
58 63 31
58 63 6
58 63 75
58 63 19
58 63 188
58 63 122
58 63 147
58 63 120
58 63 47
58 63 105
58 63 128
58 63 90
58 63 12
58 63 147
58 63 124
58 63 99
58 63 63
58 63 55
58 63 89
58 63 69
58 63 73
58 63 1
58 63 141
58 63 161
58 63 60
58 63 102
58 63 36
58 63 109
58 63 163
58 63 86
58 63 193
58 63 120
58 63 6
58 63 57
58 63 7
58 63 187
58 63 31
58 63 22
58 63 96
59 64 115
59 64 16
59 64 134
59 64 12
59 64 63
59 64 168
59 64 116
59 64 164
59 64 33
59 64 200
59 64 73
59 64 77
59 64 90
59 64 7
59 64 54
59 64 84
59 64 56
59 64 194
59 64 45
59 64 131
59 64 168
59 64 199
59 64 132
59 64 136
59 64 19
59 64 137
59 64 40
59 64 25
59 64 94
59 64 6
59 64 180
59 64 161
59 64 135
59 64 153
59 64 92
59 64 185
59 64 199
59 64 17
59 64 135
59 64 152
59 64 17
59 64 59
59 64 162
59 64 86
59 64 5
59 64 110
59 64 159
59 64 66
59 64 19
59 64 39
59 64 108
59 64 165
59 64 143
60 65 127
60 65 18
60 65 161
60 65 56
60 65 65
60 65 2
60 65 100
60 65 33
60 65 67
60 65 47
60 65 144
60 65 83
60 65 23
60 65 166
60 65 87
60 65 40
60 65 38
60 65 29
60 65 79
60 65 190
60 65 19
60 65 198
60 65 83
60 65 145
60 65 186
60 65 150
60 65 5
60 65 37
60 65 163
60 65 200
60 65 13
60 65 45
60 65 46
60 65 99
60 65 147
60 65 73
60 65 156
60 65 191
60 65 104
60 65 22
60 65 192
60 65 156
60 65 169
60 65 130
60 65 116
61 66 140
61 66 80
61 66 81
61 66 38
61 66 77
61 66 138
61 66 33
61 66 26
61 66 6
61 66 39
61 66 140
61 66 183
61 66 44
61 66 6
61 66 146
61 66 162
61 66 10
61 66 71
61 66 13
61 66 97
61 66 25
61 66 59
61 66 155
61 66 22
61 66 198
61 66 68
61 66 79
61 66 58
61 66 33
61 66 59
61 66 128
61 66 91
61 66 33
61 66 150
61 66 5
61 66 96
61 66 32
61 66 173
61 66 45
61 66 34
61 66 84
61 66 59
61 66 95
61 66 182
61 66 161
61 66 170
61 66 17
62 67 173
62 67 199
62 67 17
62 67 154
62 67 101
62 67 151
62 67 197
62 67 30
62 67 136
62 67 122
62 67 153
62 67 86
62 67 116
62 67 151
62 67 146
62 67 127
62 67 83
62 67 97
62 67 192
62 67 162
62 67 48
62 67 38
62 67 199
62 67 71
62 67 30
62 67 147
62 67 74
62 67 26
62 67 119
62 67 151
62 67 10
62 67 18
62 67 122
62 67 185
62 67 180
62 67 120
62 67 13
62 67 108
62 67 23
62 67 107
62 67 102
62 67 174
62 67 78
62 67 121
62 67 11
63 68 92
63 68 145
63 68 157
63 68 160
63 68 101
63 68 46
63 68 25
63 68 47
63 68 143
63 68 163
63 68 200
63 68 40
63 68 109
63 68 37
63 68 107
63 68 30
63 68 1
63 68 86
63 68 105
63 68 13
63 68 194
63 68 148
63 68 76
63 68 37
63 68 194
63 68 158
63 68 134
63 68 179
63 68 134
63 68 122
63 68 173
63 68 180
63 68 49
63 68 166
63 68 153
63 68 48
63 68 72
63 68 51
63 68 28
63 68 65
63 68 105
63 68 43
63 68 21
63 68 111
63 68 200
63 68 54
63 68 26
63 68 196
63 68 92
63 68 62
63 68 106
63 68 72
63 68 109
64 69 186
64 69 181
64 69 119
64 69 92
64 69 179
64 69 33
64 69 143
64 69 19
64 69 42
64 69 192
64 69 6
64 69 137
64 69 75
64 69 193
64 69 111
64 69 155
64 69 199
64 69 178
64 69 128
64 69 33
64 69 185
64 69 189
64 69 80
64 69 176
64 69 161
64 69 80
64 69 189
64 69 171
64 69 196
64 69 8
64 69 94
64 69 30
64 69 180
64 69 153
64 69 36
64 69 48
64 69 165
64 69 4
64 69 110
64 69 73
64 69 183
64 69 153
64 69 46
64 69 64
64 69 22
64 69 73
64 69 97
64 69 104
64 69 117
64 69 135
64 69 153
64 69 149
64 69 25
64 69 144
65 70 21
65 70 135
65 70 175
65 70 161
65 70 176
65 70 195
65 70 183
65 70 42
65 70 151
65 70 162
65 70 166
65 70 37
65 70 44
65 70 182
65 70 81
65 70 200
65 70 27
65 70 123
65 70 58
65 70 100
65 70 91
65 70 18
65 70 179
65 70 81
65 70 163
65 70 27
65 70 142
65 70 95
65 70 144
65 70 165
65 70 114
65 70 135
65 70 81
65 70 7
65 70 50
65 70 178
65 70 40
65 70 95
65 70 195
65 70 76
65 70 199
65 70 76
65 70 108
65 70 41
65 70 46
65 70 83
65 70 134
65 70 85
65 70 100
65 70 1
66 71 62
66 71 173
66 71 140
66 71 162
66 71 78
66 71 32
66 71 38
66 71 45
66 71 169
66 71 33
66 71 44
66 71 57
66 71 139
66 71 22
66 71 188
66 71 46
66 71 15
66 71 187
66 71 186
66 71 156
66 71 14
66 71 188
66 71 200
66 71 34
66 71 66
66 71 189
66 71 192
66 71 126
66 71 199
66 71 168
66 71 81
66 71 99
66 71 58
66 71 183
66 71 136
66 71 102
66 71 85
66 71 54
66 71 76
66 71 109
66 71 160
66 71 161
66 71 180
66 71 19
66 71 107
66 71 69
66 71 154
66 71 21
66 71 134
66 71 125
66 71 69
66 71 123
66 71 70
66 71 54
66 71 185
66 71 48
66 71 78
66 71 104
66 71 50
66 71 56
66 71 91
66 71 51
66 71 88
66 71 77
66 71 48
66 71 191
66 71 170
67 72 82
67 72 162
67 72 175
67 72 2
67 72 24
67 72 143
67 72 79
67 72 157
67 72 187
67 72 196
67 72 164
67 72 131
67 72 65
67 72 189
67 72 75
67 72 48
67 72 99
67 72 143
67 72 61
67 72 178
67 72 50
67 72 159
67 72 63
67 72 102
67 72 183
67 72 145
67 72 125
67 72 31
67 72 105
67 72 121
67 72 178
67 72 139
67 72 141
67 72 180
67 72 86
67 72 161
67 72 64
67 72 95
67 72 77
67 72 48
67 72 191
67 72 140
67 72 79
68 73 71
68 73 29
68 73 162
68 73 175
68 73 17
68 73 165
68 73 66
68 73 184
68 73 182
68 73 165
68 73 141
68 73 91
68 73 94
68 73 28
68 73 87
68 73 60
68 73 90
68 73 59
68 73 149
68 73 44
68 73 151
68 73 185
68 73 33
68 73 155
68 73 198
68 73 73
68 73 18
68 73 174
68 73 75
68 73 144
68 73 172
68 73 99
68 73 41
68 73 144
68 73 176
68 73 75
68 73 189
68 73 111
68 73 25
68 73 1
68 73 144
68 73 57
68 73 10
68 73 26
68 73 182
68 73 157
68 73 25
68 73 170
68 73 196
68 73 181
68 73 64
68 73 174
69 74 117
69 74 168
69 74 178
69 74 114
69 74 200
69 74 52
69 74 144
69 74 163
69 74 164
69 74 68
69 74 78
69 74 22
69 74 193
69 74 117
69 74 164
69 74 126
69 74 200
69 74 158
69 74 103
69 74 11
69 74 175
69 74 69
69 74 48
69 74 77
69 74 117
69 74 3
69 74 8
69 74 26
69 74 96
69 74 145
69 74 105
69 74 69
69 74 143
69 74 5
69 74 196
69 74 104
69 74 50
69 74 5
69 74 124
69 74 24
69 74 12
69 74 40
69 74 145
69 74 73
69 74 146
69 74 90
69 74 140
69 74 163
69 74 168
70 75 193
70 75 53
70 75 1
70 75 146
70 75 94
70 75 144
70 75 198
70 75 130
70 75 179
70 75 181
70 75 168
70 75 32
70 75 25
70 75 84
70 75 185
70 75 166
70 75 88
70 75 104
70 75 142
70 75 114
70 75 88
70 75 144
70 75 22
70 75 137
70 75 13
70 75 168
70 75 70
70 75 172
70 75 105
70 75 32
70 75 161
70 75 139
70 75 45
70 75 17
70 75 7
70 75 80
70 75 183
70 75 159
70 75 195
70 75 148
70 75 100
70 75 125
70 75 165
70 75 111
70 75 183
70 75 137
70 75 34
70 75 42
70 75 7
70 75 150
70 75 11
70 75 80
70 75 85
70 75 83
70 75 159
70 75 73
70 75 147
70 75 75
70 75 112
70 75 140
70 75 7
70 75 150
71 76 119
71 76 177
71 76 197
71 76 20
71 76 7
71 76 93
71 76 26
71 76 114
71 76 177
71 76 126
71 76 10
71 76 120
71 76 176
71 76 189
71 76 160
71 76 194
71 76 143
71 76 138
71 76 105
71 76 82
71 76 4
71 76 167
71 76 49
71 76 118
71 76 49
71 76 195
71 76 190
71 76 142
71 76 68
71 76 195
71 76 139
71 76 132
71 76 156
71 76 75
71 76 59
71 76 178
71 76 49
71 76 148
71 76 109
71 76 184
71 76 105
71 76 110
71 76 43
71 76 182
71 76 95
71 76 133
71 76 77
71 76 59
71 76 44
71 76 119
71 76 199
71 76 10
71 76 52
72 77 105
72 77 50
72 77 182
72 77 138
72 77 44
72 77 181
72 77 6
72 77 9
72 77 105
72 77 60
72 77 197
72 77 40
72 77 159
72 77 140
72 77 55
72 77 29
72 77 9
72 77 14
72 77 150
72 77 149
72 77 46
72 77 89
72 77 124
72 77 125
72 77 115
72 77 145
72 77 199
72 77 2
72 77 193
72 77 63
72 77 142
72 77 113
72 77 113
72 77 199
72 77 1
72 77 49
72 77 49
72 77 57
72 77 70
72 77 31
72 77 4
73 78 116
73 78 169
73 78 20
73 78 90
73 78 194
73 78 107
73 78 53
73 78 185
73 78 83
73 78 171
73 78 101
73 78 41
73 78 164
73 78 145
73 78 7
73 78 39
73 78 118
73 78 29
73 78 19
73 78 133
73 78 39
73 78 126
73 78 105
73 78 112
73 78 4
73 78 127
73 78 195
73 78 84
73 78 114
73 78 128
73 78 98
73 78 38
73 78 91
73 78 48
73 78 152
73 78 43
73 78 56
73 78 125
73 78 101
73 78 150
73 78 53
73 78 90
73 78 43
73 78 176
73 78 61
73 78 137
73 78 183
73 78 7
73 78 115
73 78 10
73 78 58
73 78 164
74 79 43
74 79 199
74 79 64
74 79 89
74 79 49
74 79 172
74 79 79
74 79 172
74 79 28
74 79 187
74 79 200
74 79 46
74 79 110
74 79 81
74 79 11
74 79 136
74 79 106
74 79 66
74 79 83
74 79 93
74 79 2
74 79 71
74 79 43
74 79 199
74 79 99
74 79 123
74 79 123
74 79 123
74 79 177
74 79 1
74 79 93
74 79 124
74 79 120
74 79 116
74 79 115
74 79 144
74 79 5
74 79 38
74 79 173
74 79 138
74 79 169
74 79 8
74 79 61
74 79 143
74 79 120
74 79 198
74 79 196
74 79 70
74 79 115
74 79 33
74 79 4
74 79 105
75 80 197
75 80 118
75 80 126
75 80 122
75 80 83
75 80 57
75 80 14
75 80 180
75 80 179
75 80 137
75 80 63
75 80 57
75 80 67
75 80 32
75 80 86
75 80 22
75 80 30
75 80 176
75 80 138
75 80 41
75 80 152
75 80 90
75 80 199
75 80 79
75 80 28
75 80 137
75 80 159
75 80 190
75 80 177
75 80 131
75 80 47
75 80 110
75 80 72
75 80 114
75 80 190
75 80 60
75 80 59
75 80 175
75 80 64
75 80 83
75 80 164
75 80 153
75 80 10
75 80 184
75 80 131
75 80 153
75 80 171
75 80 11
75 80 66
75 80 182
75 80 75
75 80 43
75 80 5
75 80 132
76 81 78
76 81 111
76 81 76
76 81 195
76 81 28
76 81 107
76 81 117
76 81 78
76 81 111
76 81 57
76 81 191
76 81 86
76 81 91
76 81 39
76 81 38
76 81 18
76 81 12
76 81 29
76 81 154
76 81 110
76 81 192
76 81 70
76 81 171
76 81 197
76 81 167
76 81 38
76 81 83
76 81 197
76 81 174
76 81 148
76 81 80
76 81 178
76 81 165
76 81 189
76 81 64
76 81 158
76 81 83
76 81 29
76 81 81
76 81 185
76 81 114
76 81 157
76 81 72
76 81 13
76 81 159
76 81 4
76 81 143
76 81 194
76 81 43
76 81 23
76 81 177
76 81 39
76 81 116
76 81 127
76 81 2
77 82 62
77 82 58
77 82 127
77 82 165
77 82 38
77 82 36
77 82 99
77 82 49
77 82 187
77 82 75
77 82 85
77 82 106
77 82 110
77 82 33
77 82 108
77 82 76
77 82 193
77 82 67
77 82 116
77 82 67
77 82 196
77 82 33
77 82 34
77 82 24
77 82 186
77 82 76
77 82 32
77 82 9
77 82 111
77 82 148
77 82 86
77 82 148
77 82 200
77 82 34
77 82 36
77 82 108
77 82 131
77 82 124
77 82 37
77 82 129
77 82 46
77 82 192
77 82 118
77 82 117
77 82 120
77 82 122
77 82 184
77 82 170
77 82 183
77 82 33
77 82 112
77 82 101
78 83 38
78 83 3
78 83 76
78 83 191
78 83 24
78 83 174
78 83 147
78 83 148
78 83 14
78 83 167
78 83 136
78 83 168
78 83 14
78 83 116
78 83 143
78 83 199
78 83 80
78 83 118
78 83 38
78 83 188
78 83 53
78 83 120
78 83 4
78 83 66
78 83 23
78 83 194
78 83 174
78 83 136
78 83 192
78 83 40
78 83 116
78 83 189
78 83 62
78 83 185
78 83 90
78 83 138
78 83 131
78 83 77
78 83 14
78 83 30
78 83 10
78 83 116
78 83 160
78 83 165
79 84 141
79 84 130
79 84 86
79 84 4
79 84 176
79 84 109
79 84 28
79 84 176
79 84 76
79 84 52
79 84 43
79 84 72
79 84 75
79 84 87
79 84 170
79 84 10
79 84 141
79 84 133
79 84 114
79 84 175
79 84 123
79 84 195
79 84 18
79 84 37
79 84 183
79 84 131
79 84 155
79 84 17
79 84 7
79 84 105
79 84 40
79 84 10
79 84 195
79 84 68
79 84 48
79 84 51
79 84 64
79 84 49
79 84 79
79 84 54
79 84 59
79 84 183
80 85 28
80 85 77
80 85 83
80 85 94
80 85 105
80 85 117
80 85 148
80 85 124
80 85 98
80 85 57
80 85 137
80 85 135
80 85 64
80 85 61
80 85 156
80 85 198
80 85 88
80 85 175
80 85 47
80 85 165
80 85 95
80 85 83
80 85 175
80 85 55
80 85 82
80 85 87
80 85 56
80 85 5
80 85 113
80 85 192
80 85 162
80 85 111
80 85 99
80 85 123
80 85 52
80 85 70
80 85 45
80 85 60
80 85 108
80 85 131
80 85 29
80 85 24
80 85 120
80 85 25
80 85 105
80 85 132
80 85 54
81 86 187
81 86 156
81 86 150
81 86 167
81 86 163
81 86 112
81 86 125
81 86 111
81 86 9
81 86 166
81 86 113
81 86 76
81 86 189
81 86 39
81 86 169
81 86 173
81 86 49
81 86 22
81 86 184
81 86 138
81 86 107
81 86 93
81 86 152
81 86 43
81 86 198
81 86 81
81 86 75
81 86 100
81 86 82
81 86 69
81 86 35
81 86 192
81 86 97
81 86 21
81 86 83
81 86 88
81 86 160
81 86 123
81 86 72
81 86 112
81 86 57
81 86 26
81 86 59
81 86 194
81 86 90
81 86 2
82 87 173
82 87 176
82 87 191
82 87 78
82 87 71
82 87 119
82 87 100
82 87 28
82 87 107
82 87 89
82 87 37
82 87 87
82 87 48
82 87 29
82 87 129
82 87 142
82 87 72
82 87 147
82 87 10
82 87 121
82 87 104
82 87 172
82 87 57
82 87 53
82 87 103
82 87 178
82 87 2
82 87 138
82 87 16
82 87 172
82 87 186
82 87 150
82 87 42
82 87 71
82 87 125
82 87 163
82 87 189
82 87 68
82 87 121
82 87 69
82 87 94
82 87 58
82 87 184
82 87 102
82 87 149
82 87 1
82 87 198
82 87 38
82 87 54
82 87 104
82 87 198
82 87 136
82 87 125
82 87 134
82 87 52
82 87 22
82 87 191
82 87 73
82 87 14
82 87 16
82 87 169
83 88 147
83 88 70
83 88 50
83 88 146
83 88 162
83 88 149
83 88 31
83 88 68
83 88 65
83 88 54
83 88 102
83 88 31
83 88 74
83 88 109
83 88 15
83 88 142
83 88 69
83 88 79
83 88 139
83 88 169
83 88 167
83 88 139
83 88 53
83 88 10
83 88 66
83 88 99
83 88 53
83 88 31
83 88 83
83 88 134
83 88 147
83 88 56
83 88 80
83 88 31
83 88 81
83 88 177
83 88 101
83 88 26
83 88 180
83 88 106
83 88 33
83 88 28
83 88 129
83 88 177
83 88 135
84 89 32
84 89 193
84 89 135
84 89 190
84 89 66
84 89 174
84 89 192
84 89 88
84 89 158
84 89 28
84 89 27
84 89 96
84 89 75
84 89 146
84 89 59
84 89 80
84 89 55
84 89 156
84 89 125
84 89 22
84 89 86
84 89 149
84 89 20
84 89 178
84 89 13
84 89 187
84 89 159
84 89 97
84 89 184
84 89 36
84 89 194
84 89 183
84 89 19
84 89 65
84 89 50
84 89 122
84 89 169
84 89 132
84 89 142
84 89 56
84 89 48
84 89 55
84 89 27
84 89 84
84 89 56
84 89 9
85 90 9
85 90 64
85 90 124
85 90 117
85 90 92
85 90 23
85 90 163
85 90 56
85 90 16
85 90 189
85 90 65
85 90 146
85 90 163
85 90 150
85 90 165
85 90 123
85 90 178
85 90 19
85 90 145
85 90 8
85 90 40
85 90 85
85 90 26
85 90 145
85 90 61
85 90 113
85 90 125
85 90 187
85 90 156
85 90 104
85 90 87
85 90 34
85 90 119
85 90 128
85 90 127
85 90 128
85 90 55
85 90 199
85 90 197
85 90 55
85 90 173
85 90 64
85 90 102
85 90 94
85 90 187
85 90 134
85 90 51
85 90 179
85 90 63
85 90 112
85 90 129
85 90 102
85 90 198
85 90 153
85 90 50
85 90 77
85 90 128
85 90 121
85 90 51
85 90 65
85 90 154
86 91 29
86 91 71
86 91 6
86 91 6
86 91 194
86 91 130
86 91 136
86 91 188
86 91 33
86 91 1
86 91 152
86 91 130
86 91 90
86 91 130
86 91 160
86 91 86
86 91 4
86 91 98
86 91 150
86 91 69
86 91 87
86 91 85
86 91 9
86 91 111
86 91 45
86 91 196
86 91 159
86 91 84
86 91 115
86 91 45
86 91 181
86 91 96
86 91 65
86 91 29
86 91 140
86 91 115
86 91 38
86 91 87
86 91 143
86 91 109
86 91 99
86 91 125
86 91 164
86 91 57
86 91 7
86 91 128
86 91 119
86 91 153
87 92 59
87 92 185
87 92 126
87 92 35
87 92 107
87 92 102
87 92 5
87 92 124
87 92 79
87 92 31
87 92 27
87 92 89
87 92 153
87 92 54
87 92 112
87 92 173
87 92 106
87 92 154
87 92 144
87 92 138
87 92 173
87 92 14
87 92 48
87 92 191
87 92 32
87 92 67
87 92 137
87 92 110
87 92 156
87 92 23
87 92 17
87 92 88
87 92 185
87 92 145
87 92 21
87 92 105
87 92 169
87 92 124
87 92 139
87 92 87
87 92 2
87 92 171
87 92 81
87 92 140
87 92 106
87 92 104
87 92 59
88 93 53
88 93 168
88 93 160
88 93 140
88 93 136
88 93 21
88 93 142
88 93 165
88 93 164
88 93 116
88 93 40
88 93 112
88 93 41
88 93 32
88 93 1
88 93 159
88 93 128
88 93 169
88 93 81
88 93 181
88 93 4
88 93 138
88 93 99
88 93 187
88 93 168
88 93 136
88 93 141
88 93 135
88 93 181
88 93 60
88 93 196
88 93 157
88 93 136
88 93 33
88 93 121
88 93 197
88 93 120
88 93 124
88 93 8
88 93 7
88 93 2
88 93 61
88 93 114
88 93 105
88 93 158
88 93 149
88 93 48
88 93 135
88 93 111
88 93 125
88 93 88
88 93 136
88 93 82
89 94 136
89 94 191
89 94 4
89 94 47
89 94 108
89 94 11
89 94 3
89 94 168
89 94 71
89 94 62
89 94 166
89 94 4
89 94 12
89 94 43
89 94 29
89 94 34
89 94 195
89 94 117
89 94 21
89 94 181
89 94 126
89 94 45
89 94 40
89 94 93
89 94 148
89 94 41
89 94 172
89 94 26
89 94 96
89 94 83
89 94 96
89 94 33
89 94 57
89 94 180
89 94 2
89 94 85
89 94 54
89 94 138
89 94 89
89 94 82
89 94 51
89 94 149
89 94 73
89 94 8
90 95 124
90 95 19
90 95 50
90 95 49
90 95 140
90 95 106
90 95 170
90 95 145
90 95 141
90 95 152
90 95 65
90 95 175
90 95 76
90 95 24
90 95 94
90 95 98
90 95 81
90 95 97
90 95 73
90 95 179
90 95 172
90 95 54
90 95 164
90 95 58
90 95 164
90 95 164
90 95 85
90 95 82
90 95 137
90 95 14
90 95 135
90 95 162
90 95 50
90 95 41
90 95 41
90 95 20
90 95 35
90 95 21
90 95 96
90 95 193
90 95 129
90 95 156
90 95 97
90 95 193
90 95 149
90 95 26
90 95 31
90 95 67
90 95 128
90 95 71
90 95 159
90 95 152
90 95 114
90 95 89
91 96 144
91 96 136
91 96 56
91 96 116
91 96 182
91 96 40
91 96 169
91 96 149
91 96 185
91 96 162
91 96 62
91 96 58
91 96 194
91 96 5
91 96 52
91 96 52
91 96 23
91 96 86
91 96 170
91 96 119
91 96 93
91 96 178
91 96 184
91 96 52
91 96 13
91 96 170
91 96 35
91 96 51
91 96 28
91 96 25
91 96 186
91 96 137
91 96 80
91 96 102
91 96 123
91 96 29
91 96 200
91 96 14
91 96 61
91 96 17
91 96 98
91 96 186
91 96 179
91 96 71
91 96 52
91 96 188
91 96 176
91 96 43
91 96 181
91 96 36
91 96 109
92 97 129
92 97 107
92 97 126
92 97 182
92 97 26
92 97 143
92 97 200
92 97 170
92 97 159
92 97 171
92 97 148
92 97 121
92 97 142
92 97 38
92 97 95
92 97 108
92 97 173
92 97 16
92 97 173
92 97 4
92 97 30
92 97 76
92 97 99
92 97 137
92 97 108
92 97 76
92 97 174
92 97 152
92 97 79
92 97 11
92 97 94
92 97 130
92 97 10
92 97 153
92 97 87
92 97 188
92 97 180
92 97 126
92 97 3
92 97 49
92 97 76
92 97 40
92 97 42
92 97 67
92 97 154
92 97 81
92 97 117
92 97 81
92 97 12
92 97 114
92 97 17
92 97 27
92 97 137
92 97 15
93 98 73
93 98 117
93 98 118
93 98 160
93 98 153
93 98 60
93 98 102
93 98 42
93 98 84
93 98 2
93 98 53
93 98 198
93 98 146
93 98 55
93 98 124
93 98 188
93 98 9
93 98 66
93 98 148
93 98 181
93 98 170
93 98 11
93 98 108
93 98 34
93 98 1
93 98 91
93 98 125
93 98 128
93 98 30
93 98 67
93 98 91
93 98 171
93 98 196
93 98 173
93 98 72
93 98 66
93 98 119
93 98 154
93 98 97
93 98 121
93 98 122
93 98 163
93 98 74
93 98 81
93 98 118
93 98 131
93 98 170
93 98 178
93 98 73
93 98 9
93 98 168
93 98 4
93 98 183
93 98 54
94 99 155
94 99 74
94 99 79
94 99 21
94 99 12
94 99 141
94 99 135
94 99 180
94 99 55
94 99 99
94 99 86
94 99 149
94 99 5
94 99 89
94 99 136
94 99 175
94 99 172
94 99 85
94 99 136
94 99 111
94 99 147
94 99 114
94 99 19
94 99 191
94 99 183
94 99 73
94 99 71
94 99 20
94 99 193
94 99 109
94 99 125
94 99 166
94 99 147
94 99 109
94 99 195
94 99 178
94 99 86
94 99 132
94 99 116
94 99 27
94 99 142
94 99 88
94 99 78
94 99 134
94 99 62
94 99 117
94 99 145
94 99 129
94 99 50
94 99 153
94 99 23
94 99 86
94 99 128
94 99 68
94 99 191
94 99 163
94 99 70
94 99 122
94 99 191
94 99 133
95 100 51
95 100 136
95 100 11
95 100 63
95 100 13
95 100 117
95 100 152
95 100 176
95 100 112
95 100 98
95 100 131
95 100 100
95 100 41
95 100 14
95 100 196
95 100 162
95 100 154
95 100 65
95 100 23
95 100 101
95 100 148
95 100 82
95 100 184
95 100 60
95 100 164
95 100 84
95 100 93
95 100 78
95 100 183
95 100 62
95 100 92
95 100 45
95 100 8
95 100 152
95 100 181
95 100 138
95 100 59
95 100 130
95 100 166
95 100 86
95 100 67
95 100 179
95 100 117
95 100 194
95 100 9
95 100 134
95 100 81
95 100 80
95 100 76
95 100 59
95 100 63
95 100 42
95 100 33
95 100 41
96 101 33
96 101 69
96 101 121
96 101 185
96 101 154
96 101 12
96 101 149
96 101 181
96 101 90
96 101 30
96 101 182
96 101 15
96 101 22
96 101 157
96 101 136
96 101 88
96 101 81
96 101 159
96 101 170
96 101 120
96 101 60
96 101 109
96 101 132
96 101 140
96 101 86
96 101 175
96 101 35
96 101 134
96 101 119
96 101 117
96 101 62
96 101 36
96 101 77
96 101 158
96 101 76
96 101 33
96 101 5
96 101 160
96 101 79
96 101 7
96 101 23
96 101 173
96 101 73
96 101 156
96 101 176
96 101 77
96 101 133
96 101 121
96 101 73
96 101 5
96 101 8
96 101 101
96 101 185
97 102 38
97 102 46
97 102 93
97 102 40
97 102 173
97 102 75
97 102 61
97 102 6
97 102 140
97 102 68
97 102 33
97 102 28
97 102 140
97 102 175
97 102 60
97 102 120
97 102 36
97 102 36
97 102 110
97 102 185
97 102 140
97 102 58
97 102 70
97 102 146
97 102 187
97 102 152
97 102 97
97 102 53
97 102 72
97 102 161
97 102 136
97 102 137
97 102 143
97 102 78
97 102 80
97 102 16
97 102 26
97 102 44
97 102 166
97 102 166
98 103 118
98 103 185
98 103 17
98 103 156
98 103 194
98 103 162
98 103 95
98 103 107
98 103 88
98 103 54
98 103 65
98 103 27
98 103 42
98 103 66
98 103 36
98 103 31
98 103 6
98 103 131
98 103 164
98 103 121
98 103 59
98 103 71
98 103 119
98 103 93
98 103 126
98 103 192
98 103 195
98 103 26
98 103 118
98 103 28
98 103 40
98 103 106
98 103 131
98 103 180
98 103 151
98 103 174
98 103 71
98 103 101
98 103 155
98 103 79
98 103 20
98 103 27
98 103 29
98 103 184
98 103 188
98 103 190
98 103 69
98 103 6
98 103 181
98 103 49
98 103 198
98 103 60
98 103 184
98 103 73
98 103 100
98 103 117
98 103 78
98 103 133
99 104 138
99 104 152
99 104 72
99 104 130
99 104 121
99 104 183
99 104 137
99 104 161
99 104 21
99 104 83
99 104 59
99 104 23
99 104 29
99 104 121
99 104 135
99 104 132
99 104 159
99 104 146
99 104 93
99 104 131
99 104 100
99 104 200
99 104 155
99 104 1
99 104 171
99 104 15
99 104 143
99 104 71
99 104 188
99 104 181
99 104 81
99 104 188
99 104 158
99 104 190
99 104 196
99 104 154
99 104 18
99 104 66
99 104 51
99 104 149
99 104 168
99 104 29
99 104 91
99 104 138
99 104 119
99 104 65
100 105 161
100 105 111
100 105 111
100 105 9
100 105 97
100 105 198
100 105 165
100 105 124
100 105 81
100 105 41
100 105 137
100 105 72
100 105 131
100 105 99
100 105 180
100 105 146
100 105 156
100 105 24
100 105 7
100 105 113
100 105 163
100 105 122
100 105 174
100 105 128
100 105 85
100 105 57
100 105 194
100 105 157
100 105 78
100 105 130
100 105 152
100 105 145
100 105 94
100 105 155
100 105 154
100 105 135
100 105 158
100 105 189
100 105 50
100 105 55
100 105 165
100 105 132
100 105 149
100 105 146
100 105 145
100 105 181
