5000 126533
1 6 112
1 6 128
1 6 136
1 6 50
1 6 158
1 6 13
1 6 115
1 6 10
1 6 174
1 6 200
1 6 33
1 6 95
1 6 181
1 6 131
1 6 57
1 6 143
1 6 186
1 6 113
1 6 144
1 6 180
1 6 93
1 6 63
1 6 187
1 6 183
1 6 115
1 6 131
1 6 80
1 6 8
1 6 63
1 6 114
1 6 3
1 6 10
1 6 63
1 6 93
1 6 99
1 6 62
1 6 159
1 6 193
1 6 119
1 6 94
1 6 164
1 6 54
1 6 200
1 6 168
1 6 67
1 6 85
2 7 115
2 7 98
2 7 173
2 7 12
2 7 66
2 7 53
2 7 159
2 7 166
2 7 23
2 7 16
2 7 25
2 7 152
2 7 135
2 7 65
2 7 19
2 7 96
2 7 124
2 7 163
2 7 177
2 7 109
2 7 99
2 7 125
2 7 72
2 7 71
2 7 189
2 7 62
2 7 50
2 7 126
2 7 26
2 7 121
2 7 12
2 7 154
2 7 159
2 7 76
2 7 90
2 7 148
2 7 2
2 7 114
2 7 151
2 7 68
2 7 10
2 7 128
2 7 46
2 7 188
2 7 20
2 7 99
2 7 177
2 7 147
3 8 26
3 8 100
3 8 19
3 8 117
3 8 133
3 8 41
3 8 23
3 8 98
3 8 16
3 8 64
3 8 168
3 8 181
3 8 75
3 8 120
3 8 27
3 8 183
3 8 96
3 8 28
3 8 126
3 8 165
3 8 179
3 8 142
3 8 115
3 8 114
3 8 87
3 8 155
3 8 9
3 8 133
3 8 132
3 8 80
3 8 165
3 8 66
3 8 28
3 8 90
3 8 63
3 8 151
3 8 111
3 8 153
3 8 153
3 8 166
3 8 75
3 8 170
3 8 66
3 8 125
3 8 126
3 8 163
3 8 178
4 9 84
4 9 96
4 9 49
4 9 143
4 9 142
4 9 128
4 9 114
4 9 19
4 9 40
4 9 28
4 9 197
4 9 24
4 9 58
4 9 61
4 9 105
4 9 173
4 9 189
4 9 161
4 9 199
4 9 144
4 9 19
4 9 168
4 9 56
4 9 52
4 9 91
4 9 159
4 9 47
4 9 64
4 9 109
4 9 37
4 9 109
4 9 124
4 9 159
4 9 136
4 9 153
4 9 94
4 9 175
4 9 199
4 9 82
4 9 164
4 9 86
5 10 165
5 10 12
5 10 133
5 10 137
5 10 6
5 10 183
5 10 125
5 10 98
5 10 10
5 10 152
5 10 21
5 10 149
5 10 173
5 10 169
5 10 185
5 10 119
5 10 20
5 10 176
5 10 162
5 10 51
5 10 141
5 10 169
5 10 130
5 10 129
5 10 95
5 10 158
5 10 144
5 10 76
5 10 81
5 10 180
5 10 133
5 10 22
5 10 185
5 10 47
5 10 122
5 10 13
5 10 34
5 10 2
5 10 39
5 10 12
5 10 48
5 10 124
5 10 26
5 10 25
5 10 173
5 10 154
5 10 185
5 10 5
5 10 76
5 10 31
5 10 75
5 10 78
5 10 14
5 10 58
5 10 112
5 10 105
5 10 116
5 10 49
5 10 103
5 10 94
5 10 52
5 10 34
5 10 84
5 10 116
5 10 151
5 10 143
5 10 116
6 11 180
6 11 78
6 11 181
6 11 183
6 11 23
6 11 96
6 11 55
6 11 119
6 11 39
6 11 67
6 11 183
6 11 163
6 11 187
6 11 143
6 11 2
6 11 113
6 11 195
6 11 189
6 11 50
6 11 69
6 11 126
6 11 195
6 11 105
6 11 2
6 11 60
6 11 54
6 11 196
6 11 126
6 11 36
6 11 44
6 11 65
6 11 139
6 11 147
6 11 57
6 11 175
6 11 91
6 11 87
6 11 145
6 11 16
6 11 198
6 11 134
6 11 9
6 11 29
7 12 112
7 12 87
7 12 136
7 12 140
7 12 152
7 12 181
7 12 55
7 12 27
7 12 49
7 12 114
7 12 112
7 12 96
7 12 125
7 12 9
7 12 128
7 12 133
7 12 191
7 12 42
7 12 192
7 12 187
7 12 125
7 12 20
7 12 83
7 12 41
7 12 12
7 12 49
7 12 80
7 12 127
7 12 45
7 12 121
7 12 87
7 12 95
7 12 81
7 12 170
7 12 33
7 12 172
7 12 106
7 12 135
7 12 76
7 12 139
7 12 25
7 12 180
7 12 200
7 12 55
7 12 64
7 12 138
7 12 159
7 12 157
7 12 88
7 12 64
7 12 58
7 12 88
7 12 53
8 13 138
8 13 89
8 13 37
8 13 106
8 13 21
8 13 24
8 13 167
8 13 107
8 13 131
8 13 87
8 13 13
8 13 189
8 13 65
8 13 94
8 13 20
8 13 187
8 13 48
8 13 166
8 13 127
8 13 105
8 13 129
8 13 93
8 13 13
8 13 52
8 13 2
8 13 158
8 13 176
8 13 120
8 13 84
8 13 111
8 13 146
8 13 11
8 13 99
8 13 71
8 13 123
8 13 144
8 13 169
8 13 1
8 13 129
8 13 138
8 13 158
8 13 165
8 13 193
8 13 55
8 13 131
8 13 127
8 13 84
8 13 1
8 13 41
8 13 188
8 13 140
8 13 176
8 13 32
8 13 77
8 13 159
8 13 82
8 13 135
8 13 174
9 14 31
9 14 33
9 14 28
9 14 128
9 14 168
9 14 146
9 14 119
9 14 101
9 14 121
9 14 143
9 14 59
9 14 134
9 14 129
9 14 74
9 14 21
9 14 194
9 14 187
9 14 147
9 14 165
9 14 63
9 14 78
9 14 109
9 14 172
9 14 3
9 14 69
9 14 11
9 14 10
9 14 94
9 14 89
9 14 30
9 14 92
9 14 171
9 14 34
9 14 13
9 14 23
9 14 103
9 14 47
9 14 44
9 14 82
9 14 147
9 14 33
9 14 98
9 14 171
9 14 164
9 14 50
9 14 103
9 14 114
9 14 107
9 14 176
9 14 8
10 15 78
10 15 67
10 15 112
10 15 77
10 15 31
10 15 85
10 15 24
10 15 26
10 15 93
10 15 102
10 15 81
10 15 76
10 15 72
10 15 168
10 15 47
10 15 75
10 15 63
10 15 128
10 15 133
10 15 138
10 15 7
10 15 10
10 15 79
10 15 109
10 15 141
10 15 138
10 15 4
10 15 51
10 15 102
10 15 156
10 15 198
10 15 75
10 15 164
10 15 23
10 15 177
10 15 119
10 15 52
10 15 191
10 15 196
10 15 144
10 15 191
10 15 44
10 15 185
10 15 81
10 15 182
10 15 175
10 15 89
10 15 163
10 15 127
10 15 104
10 15 144
11 16 195
11 16 64
11 16 189
11 16 114
11 16 71
11 16 187
11 16 121
11 16 2
11 16 111
11 16 58
11 16 140
11 16 182
11 16 60
11 16 164
11 16 46
11 16 78
11 16 158
11 16 122
11 16 72
11 16 108
11 16 134
11 16 15
11 16 199
11 16 77
11 16 100
11 16 72
11 16 39
11 16 33
11 16 72
11 16 191
11 16 108
11 16 186
11 16 108
11 16 143
11 16 15
11 16 56
11 16 176
11 16 122
11 16 200
11 16 102
11 16 61
11 16 44
11 16 158
11 16 187
11 16 131
11 16 167
11 16 146
11 16 60
11 16 15
11 16 195
11 16 17
11 16 131
11 16 75
11 16 173
11 16 178
11 16 104
11 16 133
11 16 200
11 16 187
11 16 13
11 16 171
11 16 17
11 16 110
11 16 54
11 16 71
11 16 50
12 17 195
12 17 54
12 17 156
12 17 50
12 17 65
12 17 194
12 17 197
12 17 47
12 17 99
12 17 68
12 17 32
12 17 173
12 17 80
12 17 133
12 17 33
12 17 171
12 17 32
12 17 87
12 17 82
12 17 24
12 17 5
12 17 79
12 17 14
12 17 21
12 17 185
12 17 144
12 17 175
12 17 41
12 17 133
12 17 9
12 17 18
12 17 147
12 17 189
12 17 7
12 17 154
12 17 139
12 17 180
12 17 180
12 17 110
12 17 185
12 17 198
12 17 144
12 17 198
12 17 134
12 17 83
12 17 49
12 17 38
12 17 173
12 17 32
12 17 101
12 17 192
13 18 22
13 18 171
13 18 34
13 18 64
13 18 57
13 18 75
13 18 23
13 18 2
13 18 95
13 18 60
13 18 14
13 18 175
13 18 27
13 18 44
13 18 148
13 18 68
13 18 92
13 18 129
13 18 10
13 18 113
13 18 153
13 18 49
13 18 73
13 18 52
13 18 84
13 18 22
13 18 146
13 18 136
13 18 117
13 18 99
13 18 67
13 18 134
13 18 199
13 18 127
13 18 25
13 18 123
13 18 43
13 18 111
13 18 101
13 18 125
13 18 67
13 18 187
13 18 33
13 18 116
13 18 125
13 18 87
14 19 133
14 19 19
14 19 23
14 19 176
14 19 54
14 19 116
14 19 108
14 19 141
14 19 120
14 19 126
14 19 139
14 19 186
14 19 77
14 19 107
14 19 66
14 19 76
14 19 90
14 19 90
14 19 164
14 19 52
14 19 114
14 19 29
14 19 28
14 19 189
14 19 48
14 19 50
14 19 177
14 19 151
14 19 153
14 19 94
14 19 111
14 19 94
14 19 49
14 19 189
14 19 80
14 19 112
14 19 168
14 19 137
14 19 138
14 19 1
14 19 107
14 19 58
14 19 122
14 19 18
14 19 84
14 19 191
14 19 82
14 19 4
14 19 36
14 19 145
14 19 126
14 19 110
15 20 77
15 20 86
15 20 44
15 20 73
15 20 85
15 20 106
15 20 42
15 20 79
15 20 140
15 20 102
15 20 136
15 20 177
15 20 98
15 20 88
15 20 178
15 20 195
15 20 40
15 20 97
15 20 127
15 20 79
15 20 158
15 20 174
15 20 64
15 20 184
15 20 75
15 20 168
15 20 182
15 20 189
15 20 26
15 20 75
15 20 116
15 20 106
15 20 110
15 20 6
15 20 60
15 20 137
15 20 7
15 20 9
15 20 35
15 20 129
15 20 35
15 20 173
15 20 182
15 20 166
15 20 18
15 20 22
15 20 78
15 20 196
15 20 154
15 20 91
15 20 51
15 20 27
15 20 10
15 20 155
16 21 98
16 21 157
16 21 44
16 21 164
16 21 18
16 21 178
16 21 98
16 21 12
16 21 62
16 21 108
16 21 140
16 21 30
16 21 84
16 21 84
16 21 76
16 21 78
16 21 78
16 21 5
16 21 98
16 21 168
16 21 127
16 21 113
16 21 185
16 21 183
16 21 155
16 21 143
16 21 139
16 21 96
16 21 64
16 21 92
16 21 189
16 21 90
16 21 174
16 21 7
16 21 57
16 21 12
16 21 44
16 21 198
16 21 12
16 21 48
16 21 31
16 21 93
16 21 105
16 21 151
16 21 194
16 21 137
16 21 94
16 21 47
16 21 86
16 21 85
16 21 109
16 21 45
16 21 25
16 21 91
16 21 68
16 21 35
16 21 9
16 21 180
16 21 140
16 21 71
16 21 48
16 21 180
17 22 198
17 22 150
17 22 118
17 22 77
17 22 73
17 22 61
17 22 84
17 22 132
17 22 132
17 22 165
17 22 111
17 22 168
17 22 145
17 22 32
17 22 72
17 22 151
17 22 66
17 22 120
17 22 123
17 22 96
17 22 55
17 22 111
17 22 175
17 22 95
17 22 46
17 22 92
17 22 100
17 22 19
17 22 1
17 22 22
17 22 128
17 22 168
17 22 94
17 22 177
17 22 100
17 22 74
17 22 84
17 22 43
17 22 169
17 22 86
17 22 196
17 22 121
17 22 179
17 22 119
17 22 18
17 22 144
17 22 22
18 23 151
18 23 25
18 23 155
18 23 182
18 23 136
18 23 53
18 23 148
18 23 154
18 23 10
18 23 26
18 23 15
18 23 147
18 23 51
18 23 26
18 23 132
18 23 154
18 23 57
18 23 98
18 23 91
18 23 9
18 23 148
18 23 156
18 23 93
18 23 96
18 23 83
18 23 142
18 23 99
18 23 176
18 23 102
18 23 16
18 23 32
18 23 127
18 23 16
18 23 197
18 23 200
18 23 22
18 23 42
18 23 17
18 23 11
18 23 194
18 23 91
18 23 134
18 23 65
18 23 143
18 23 179
18 23 100
18 23 31
19 24 40
19 24 191
19 24 31
19 24 43
19 24 56
19 24 57
19 24 150
19 24 81
19 24 79
19 24 83
19 24 71
19 24 10
19 24 30
19 24 6
19 24 193
19 24 190
19 24 88
19 24 1
19 24 5
19 24 46
19 24 98
19 24 189
19 24 45
19 24 48
19 24 78
19 24 78
19 24 59
19 24 166
19 24 88
19 24 160
19 24 1
19 24 155
19 24 104
19 24 135
19 24 148
19 24 78
19 24 29
19 24 159
19 24 147
19 24 136
19 24 132
19 24 99
19 24 180
19 24 151
19 24 129
19 24 42
19 24 19
19 24 25
19 24 79
19 24 167
19 24 163
19 24 27
19 24 63
20 25 4
20 25 161
20 25 10
20 25 11
20 25 31
20 25 147
20 25 199
20 25 162
20 25 120
20 25 78
20 25 132
20 25 146
20 25 55
20 25 63
20 25 66
20 25 16
20 25 119
20 25 179
20 25 153
20 25 161
20 25 143
20 25 92
20 25 79
20 25 98
20 25 188
20 25 30
20 25 17
20 25 93
20 25 51
20 25 34
20 25 116
20 25 103
20 25 168
20 25 38
20 25 29
20 25 36
20 25 7
20 25 95
20 25 197
20 25 54
20 25 46
20 25 68
20 25 165
20 25 189
20 25 181
20 25 36
20 25 63
20 25 166
21 26 10
21 26 184
21 26 197
21 26 174
21 26 101
21 26 39
21 26 45
21 26 181
21 26 161
21 26 184
21 26 50
21 26 21
21 26 154
21 26 23
21 26 84
21 26 193
21 26 199
21 26 64
21 26 157
21 26 137
21 26 115
21 26 18
21 26 9
21 26 190
21 26 68
21 26 115
21 26 16
21 26 62
21 26 82
21 26 167
21 26 132
21 26 107
21 26 151
21 26 87
21 26 168
21 26 181
21 26 35
21 26 64
21 26 152
21 26 116
21 26 35
21 26 39
21 26 26
21 26 170
21 26 192
21 26 56
21 26 36
22 27 14
22 27 182
22 27 149
22 27 181
22 27 25
22 27 53
22 27 24
22 27 45
22 27 74
22 27 41
22 27 15
22 27 181
22 27 28
22 27 60
22 27 74
22 27 16
22 27 122
22 27 79
22 27 30
22 27 17
22 27 85
22 27 77
22 27 52
22 27 192
22 27 61
22 27 54
22 27 72
22 27 127
22 27 36
22 27 50
22 27 71
22 27 4
22 27 120
22 27 188
22 27 158
22 27 129
22 27 17
22 27 168
22 27 13
22 27 189
22 27 145
22 27 24
22 27 155
22 27 154
22 27 143
22 27 138
22 27 91
22 27 135
22 27 193
22 27 44
22 27 112
22 27 145
22 27 55
22 27 140
23 28 111
23 28 91
23 28 108
23 28 3
23 28 46
23 28 95
23 28 136
23 28 99
23 28 55
23 28 150
23 28 107
23 28 170
23 28 148
23 28 42
23 28 49
23 28 22
23 28 144
23 28 4
23 28 113
23 28 43
23 28 185
23 28 145
23 28 5
23 28 114
23 28 69
23 28 101
23 28 113
23 28 60
23 28 169
23 28 27
23 28 52
23 28 23
23 28 166
23 28 153
23 28 150
23 28 133
23 28 88
23 28 125
23 28 115
23 28 172
23 28 77
24 29 51
24 29 18
24 29 57
24 29 189
24 29 67
24 29 190
24 29 189
24 29 91
24 29 38
24 29 43
24 29 18
24 29 28
24 29 74
24 29 153
24 29 103
24 29 170
24 29 51
24 29 146
24 29 134
24 29 67
24 29 131
24 29 66
24 29 84
24 29 65
24 29 76
24 29 48
24 29 138
24 29 133
24 29 100
24 29 190
24 29 159
24 29 71
24 29 4
24 29 112
24 29 131
24 29 112
24 29 99
24 29 139
24 29 17
24 29 55
24 29 91
24 29 7
24 29 54
24 29 84
24 29 99
25 30 113
25 30 136
25 30 123
25 30 119
25 30 112
25 30 122
25 30 30
25 30 11
25 30 39
25 30 190
25 30 163
25 30 66
25 30 74
25 30 61
25 30 181
25 30 53
25 30 183
25 30 175
25 30 76
25 30 143
25 30 90
25 30 172
25 30 1
25 30 25
25 30 178
25 30 77
25 30 115
25 30 159
25 30 86
25 30 156
25 30 165
25 30 128
25 30 8
25 30 165
25 30 76
25 30 27
25 30 145
25 30 178
25 30 112
25 30 11
25 30 39
25 30 68
25 30 76
25 30 36
25 30 153
26 31 8
26 31 15
26 31 154
26 31 33
26 31 128
26 31 104
26 31 109
26 31 117
26 31 83
26 31 123
26 31 102
26 31 118
26 31 170
26 31 54
26 31 16
26 31 62
26 31 152
26 31 21
26 31 171
26 31 71
26 31 99
26 31 187
26 31 126
26 31 38
26 31 81
26 31 168
26 31 4
26 31 45
26 31 29
26 31 149
26 31 1
26 31 148
26 31 150
26 31 185
26 31 163
26 31 44
26 31 14
26 31 12
26 31 182
26 31 163
26 31 191
26 31 95
26 31 186
26 31 45
26 31 13
26 31 42
26 31 13
26 31 166
26 31 4
26 31 42
26 31 101
26 31 46
26 31 32
27 32 175
27 32 41
27 32 100
27 32 2
27 32 24
27 32 6
27 32 30
27 32 47
27 32 160
27 32 19
27 32 189
27 32 170
27 32 41
27 32 50
27 32 88
27 32 48
27 32 152
27 32 73
27 32 43
27 32 31
27 32 77
27 32 168
27 32 125
27 32 112
27 32 78
27 32 196
27 32 198
27 32 72
27 32 41
27 32 35
27 32 59
27 32 30
27 32 48
27 32 114
27 32 150
27 32 147
27 32 5
27 32 99
27 32 96
27 32 29
27 32 44
27 32 82
28 33 115
28 33 81
28 33 148
28 33 10
28 33 197
28 33 1
28 33 200
28 33 135
28 33 165
28 33 137
28 33 162
28 33 139
28 33 33
28 33 119
28 33 130
28 33 106
28 33 89
28 33 123
28 33 14
28 33 48
28 33 173
28 33 71
28 33 100
28 33 29
28 33 39
28 33 119
28 33 125
28 33 142
28 33 151
28 33 16
28 33 97
28 33 127
28 33 12
28 33 118
28 33 13
28 33 55
28 33 97
28 33 165
28 33 107
28 33 107
28 33 12
28 33 24
28 33 193
29 34 84
29 34 131
29 34 161
29 34 34
29 34 41
29 34 34
29 34 2
29 34 167
29 34 82
29 34 61
29 34 177
29 34 2
29 34 192
29 34 139
29 34 79
29 34 26
29 34 189
29 34 13
29 34 2
29 34 73
29 34 180
29 34 29
29 34 52
29 34 178
29 34 116
29 34 137
29 34 1
29 34 190
29 34 140
29 34 15
29 34 126
29 34 100
29 34 156
29 34 78
29 34 128
29 34 192
29 34 14
29 34 85
29 34 40
29 34 107
29 34 99
29 34 24
29 34 196
29 34 57
29 34 100
29 34 180
29 34 52
29 34 56
30 35 139
30 35 47
30 35 101
30 35 162
30 35 29
30 35 160
30 35 2
30 35 21
30 35 30
30 35 71
30 35 119
30 35 101
30 35 49
30 35 150
30 35 67
30 35 4
30 35 67
30 35 175
30 35 187
30 35 116
30 35 39
30 35 173
30 35 97
30 35 175
30 35 178
30 35 37
30 35 176
30 35 55
30 35 187
30 35 13
30 35 131
30 35 95
30 35 2
30 35 122
30 35 45
30 35 123
30 35 145
30 35 110
30 35 114
30 35 199
30 35 168
30 35 160
30 35 35
30 35 140
30 35 143
30 35 152
30 35 124
30 35 116
30 35 132
31 36 133
31 36 42
31 36 183
31 36 126
31 36 130
31 36 45
31 36 16
31 36 130
31 36 154
31 36 7
31 36 85
31 36 27
31 36 85
31 36 90
31 36 163
31 36 94
31 36 134
31 36 160
31 36 177
31 36 57
31 36 147
31 36 2
31 36 191
31 36 96
31 36 160
31 36 152
31 36 101
31 36 165
31 36 103
31 36 102
31 36 34
31 36 123
31 36 11
31 36 114
31 36 23
31 36 68
31 36 114
31 36 132
31 36 3
31 36 114
31 36 112
31 36 185
31 36 145
31 36 174
31 36 40
31 36 96
31 36 137
31 36 14
31 36 38
31 36 135
31 36 31
31 36 53
31 36 79
32 37 172
32 37 41
32 37 88
32 37 18
32 37 11
32 37 130
32 37 87
32 37 144
32 37 51
32 37 87
32 37 93
32 37 140
32 37 92
32 37 79
32 37 90
32 37 166
32 37 109
32 37 88
32 37 159
32 37 19
32 37 56
32 37 19
32 37 185
32 37 152
32 37 166
32 37 83
32 37 25
32 37 11
32 37 198
32 37 171
32 37 58
32 37 135
32 37 129
32 37 132
32 37 10
32 37 124
32 37 61
32 37 19
32 37 180
32 37 59
32 37 55
32 37 27
32 37 116
32 37 5
32 37 139
32 37 130
32 37 1
32 37 24
32 37 110
32 37 146
32 37 51
32 37 63
32 37 65
32 37 41
32 37 167
32 37 57
32 37 175
32 37 3
32 37 52
32 37 168
32 37 120
33 38 62
33 38 188
33 38 6
33 38 188
33 38 89
33 38 45
33 38 93
33 38 195
33 38 135
33 38 56
33 38 134
33 38 26
33 38 149
33 38 142
33 38 3
33 38 41
33 38 77
33 38 28
33 38 139
33 38 69
33 38 174
33 38 57
33 38 147
33 38 26
33 38 3
33 38 200
33 38 151
33 38 142
33 38 40
33 38 191
33 38 118
33 38 85
33 38 121
33 38 153
33 38 59
33 38 182
33 38 185
33 38 156
33 38 70
33 38 48
33 38 152
33 38 183
33 38 24
33 38 165
33 38 184
33 38 62
33 38 134
33 38 24
33 38 8
33 38 154
33 38 88
33 38 161
33 38 95
33 38 166
33 38 187
33 38 138
33 38 12
33 38 22
33 38 126
34 39 90
34 39 107
34 39 171
34 39 85
34 39 6
34 39 190
34 39 135
34 39 7
34 39 44
34 39 44
34 39 76
34 39 99
34 39 64
34 39 120
34 39 153
34 39 49
34 39 190
34 39 165
34 39 92
34 39 35
34 39 188
34 39 105
34 39 138
34 39 47
34 39 66
34 39 18
34 39 173
34 39 38
34 39 123
34 39 51
34 39 120
34 39 198
34 39 111
34 39 70
34 39 116
34 39 187
34 39 144
34 39 115
34 39 8
34 39 191
34 39 17
34 39 185
34 39 88
34 39 57
34 39 63
34 39 180
34 39 99
34 39 192
35 40 132
35 40 183
35 40 116
35 40 77
35 40 173
35 40 188
35 40 13
35 40 48
35 40 62
35 40 191
35 40 200
35 40 152
35 40 58
35 40 142
35 40 130
35 40 46
35 40 117
35 40 136
35 40 25
35 40 156
35 40 32
35 40 173
35 40 189
35 40 144
35 40 28
35 40 109
35 40 69
35 40 46
35 40 193
35 40 63
35 40 125
35 40 184
35 40 100
35 40 147
35 40 192
35 40 68
35 40 106
35 40 158
35 40 29
35 40 108
35 40 197
35 40 130
35 40 83
35 40 152
35 40 172
35 40 115
35 40 183
35 40 68
35 40 30
35 40 32
35 40 130
35 40 101
35 40 37
35 40 39
35 40 188
35 40 58
36 41 45
36 41 10
36 41 66
36 41 48
36 41 62
36 41 94
36 41 151
36 41 147
36 41 179
36 41 27
36 41 5
36 41 160
36 41 155
36 41 79
36 41 113
36 41 18
36 41 68
36 41 38
36 41 125
36 41 63
36 41 71
36 41 189
36 41 169
36 41 51
36 41 9
36 41 111
36 41 12
36 41 40
36 41 157
36 41 129
36 41 21
36 41 144
36 41 47
36 41 87
36 41 119
36 41 88
36 41 160
36 41 137
36 41 89
36 41 136
36 41 166
36 41 68
36 41 17
36 41 67
36 41 67
37 42 8
37 42 35
37 42 113
37 42 123
37 42 158
37 42 69
37 42 37
37 42 38
37 42 71
37 42 167
37 42 198
37 42 100
37 42 171
37 42 121
37 42 198
37 42 14
37 42 107
37 42 59
37 42 194
37 42 195
37 42 67
37 42 38
37 42 195
37 42 124
37 42 127
37 42 43
37 42 176
37 42 151
37 42 145
37 42 134
37 42 186
37 42 131
37 42 122
37 42 114
37 42 1
37 42 113
37 42 3
37 42 39
37 42 164
37 42 32
37 42 130
37 42 132
37 42 162
37 42 88
37 42 185
38 43 92
38 43 193
38 43 173
38 43 195
38 43 83
38 43 173
38 43 146
38 43 16
38 43 74
38 43 146
38 43 55
38 43 167
38 43 92
38 43 137
38 43 150
38 43 106
38 43 59
38 43 141
38 43 47
38 43 179
38 43 98
38 43 88
38 43 166
38 43 87
38 43 133
38 43 85
38 43 141
38 43 45
38 43 157
38 43 175
38 43 12
38 43 94
38 43 170
38 43 48
38 43 42
38 43 35
38 43 64
38 43 86
38 43 124
38 43 112
38 43 145
38 43 77
38 43 199
38 43 29
38 43 26
38 43 197
39 44 30
39 44 42
39 44 200
39 44 117
39 44 166
39 44 36
39 44 24
39 44 140
39 44 177
39 44 31
39 44 142
39 44 22
39 44 21
39 44 2
39 44 120
39 44 57
39 44 124
39 44 180
39 44 58
39 44 69
39 44 165
39 44 9
39 44 45
39 44 173
39 44 80
39 44 158
39 44 117
39 44 154
39 44 106
39 44 97
39 44 84
39 44 196
39 44 108
39 44 191
39 44 108
39 44 109
39 44 162
39 44 135
39 44 189
39 44 199
39 44 97
39 44 84
39 44 108
39 44 137
39 44 197
39 44 144
39 44 178
39 44 59
39 44 160
39 44 154
39 44 160
39 44 20
39 44 137
39 44 29
39 44 177
39 44 118
39 44 73
40 45 16
40 45 52
40 45 32
40 45 126
40 45 54
40 45 148
40 45 59
40 45 148
40 45 155
40 45 81
40 45 52
40 45 85
40 45 181
40 45 132
40 45 50
40 45 13
40 45 91
40 45 123
40 45 129
40 45 181
40 45 184
40 45 122
40 45 61
40 45 182
40 45 72
40 45 158
40 45 102
40 45 38
40 45 5
40 45 144
40 45 150
40 45 147
40 45 172
40 45 66
40 45 87
40 45 193
40 45 3
40 45 200
40 45 165
40 45 187
40 45 19
40 45 13
40 45 115
40 45 198
40 45 150
40 45 190
40 45 168
40 45 67
40 45 49
40 45 63
40 45 116
41 46 171
41 46 148
41 46 165
41 46 170
41 46 102
41 46 156
41 46 183
41 46 181
41 46 200
41 46 120
41 46 106
41 46 20
41 46 102
41 46 4
41 46 104
41 46 35
41 46 9
41 46 175
41 46 166
41 46 167
41 46 131
41 46 141
41 46 63
41 46 111
41 46 191
41 46 186
41 46 142
41 46 39
41 46 130
41 46 88
41 46 33
41 46 104
41 46 95
41 46 93
41 46 181
41 46 20
41 46 96
41 46 179
41 46 80
41 46 170
41 46 130
41 46 191
41 46 32
41 46 123
41 46 116
42 47 133
42 47 136
42 47 155
42 47 113
42 47 190
42 47 172
42 47 38
42 47 92
42 47 183
42 47 49
42 47 69
42 47 87
42 47 45
42 47 148
42 47 57
42 47 191
42 47 176
42 47 178
42 47 162
42 47 141
42 47 173
42 47 32
42 47 49
42 47 46
42 47 140
42 47 190
42 47 60
42 47 199
42 47 98
42 47 192
42 47 57
42 47 42
42 47 185
42 47 183
42 47 154
42 47 96
42 47 130
42 47 11
42 47 6
42 47 119
42 47 163
42 47 200
42 47 157
42 47 78
43 48 141
43 48 107
43 48 27
43 48 199
43 48 40
43 48 40
43 48 53
43 48 9
43 48 87
43 48 102
43 48 2
43 48 15
43 48 92
43 48 114
43 48 190
43 48 138
43 48 21
43 48 163
43 48 191
43 48 95
43 48 48
43 48 14
43 48 19
43 48 43
43 48 16
43 48 141
43 48 44
43 48 72
43 48 68
43 48 122
43 48 23
43 48 90
43 48 81
43 48 88
43 48 192
43 48 28
43 48 116
43 48 46
43 48 59
43 48 36
43 48 195
43 48 24
43 48 94
43 48 97
43 48 36
43 48 171
43 48 32
43 48 90
43 48 125
43 48 104
43 48 48
43 48 189
44 49 174
44 49 126
44 49 162
44 49 135
44 49 189
44 49 17
44 49 124
44 49 26
44 49 163
44 49 53
44 49 198
44 49 169
44 49 33
44 49 58
44 49 200
44 49 102
44 49 171
44 49 68
44 49 170
44 49 180
44 49 137
44 49 107
44 49 84
44 49 158
44 49 96
44 49 186
44 49 74
44 49 33
44 49 61
44 49 143
44 49 152
44 49 77
44 49 166
44 49 98
44 49 105
44 49 148
44 49 77
44 49 55
44 49 183
44 49 37
44 49 14
44 49 89
44 49 74
45 50 180
45 50 156
45 50 185
45 50 38
45 50 135
45 50 132
45 50 42
45 50 16
45 50 122
45 50 86
45 50 96
45 50 53
45 50 155
45 50 19
45 50 105
45 50 51
45 50 48
45 50 64
45 50 134
45 50 31
45 50 34
45 50 108
45 50 29
45 50 132
45 50 11
45 50 53
45 50 197
45 50 85
45 50 149
45 50 77
45 50 52
45 50 185
45 50 123
45 50 95
45 50 17
45 50 61
45 50 96
45 50 130
45 50 179
45 50 75
45 50 55
45 50 137
45 50 183
45 50 4
45 50 112
45 50 60
45 50 124
45 50 139
45 50 99
45 50 26
45 50 199
45 50 136
45 50 127
46 51 128
46 51 145
46 51 31
46 51 196
46 51 68
46 51 156
46 51 167
46 51 26
46 51 112
46 51 141
46 51 179
46 51 185
46 51 32
46 51 161
46 51 144
46 51 90
46 51 121
46 51 13
46 51 116
46 51 44
46 51 12
46 51 54
46 51 156
46 51 104
46 51 195
46 51 157
46 51 34
46 51 104
46 51 190
46 51 164
46 51 88
46 51 149
46 51 44
46 51 15
46 51 86
46 51 64
46 51 20
46 51 82
46 51 199
46 51 25
46 51 153
46 51 65
46 51 158
46 51 39
46 51 81
46 51 19
46 51 104
46 51 123
46 51 161
46 51 114
46 51 126
46 51 88
46 51 39
46 51 3
46 51 89
47 52 111
47 52 134
47 52 63
47 52 178
47 52 67
47 52 129
47 52 115
47 52 194
47 52 112
47 52 131
47 52 124
47 52 162
47 52 169
47 52 56
47 52 119
47 52 10
47 52 5
47 52 90
47 52 28
47 52 154
47 52 137
47 52 105
47 52 153
47 52 91
47 52 49
47 52 151
47 52 114
47 52 4
47 52 55
47 52 158
47 52 42
47 52 86
47 52 10
47 52 150
47 52 59
47 52 189
47 52 200
47 52 171
47 52 14
47 52 187
47 52 31
47 52 133
47 52 140
47 52 54
47 52 130
48 53 196
48 53 82
48 53 153
48 53 74
48 53 88
48 53 2
48 53 13
48 53 29
48 53 54
48 53 195
48 53 78
48 53 67
48 53 114
48 53 47
48 53 166
48 53 59
48 53 3
48 53 151
48 53 113
48 53 24
48 53 38
48 53 151
48 53 136
48 53 20
48 53 184
48 53 50
48 53 195
48 53 120
48 53 118
48 53 49
48 53 171
48 53 187
49 54 179
49 54 40
49 54 99
49 54 95
49 54 12
49 54 130
49 54 174
49 54 191
49 54 106
49 54 87
49 54 131
49 54 169
49 54 120
49 54 164
49 54 171
49 54 197
49 54 18
49 54 13
49 54 62
49 54 191
49 54 167
49 54 140
49 54 50
49 54 82
49 54 80
49 54 97
49 54 179
49 54 89
49 54 130
49 54 102
49 54 76
49 54 137
49 54 176
49 54 20
49 54 186
49 54 139
49 54 81
49 54 92
49 54 29
49 54 60
49 54 118
49 54 32
50 55 98
50 55 34
50 55 84
50 55 84
50 55 113
50 55 107
50 55 20
50 55 161
50 55 65
50 55 121
50 55 197
50 55 56
50 55 185
50 55 154
50 55 71
50 55 109
50 55 10
50 55 167
50 55 95
50 55 160
50 55 13
50 55 73
50 55 112
50 55 84
50 55 176
50 55 112
50 55 16
50 55 164
50 55 64
51 56 163
51 56 124
51 56 98
51 56 162
51 56 78
51 56 149
51 56 195
51 56 154
51 56 12
51 56 7
51 56 93
51 56 17
51 56 70
51 56 113
51 56 168
51 56 142
51 56 38
51 56 70
51 56 16
51 56 33
51 56 144
51 56 152
51 56 41
51 56 9
51 56 168
51 56 78
51 56 162
51 56 160
51 56 180
51 56 86
51 56 66
51 56 72
51 56 72
51 56 101
51 56 93
51 56 139
51 56 137
51 56 104
51 56 160
51 56 124
51 56 82
51 56 89
51 56 163
51 56 158
51 56 193
51 56 174
51 56 5
51 56 6
51 56 120
51 56 155
51 56 184
51 56 184
51 56 129
51 56 166
52 57 11
52 57 56
52 57 161
52 57 125
52 57 170
52 57 114
52 57 7
52 57 125
52 57 109
52 57 6
52 57 6
52 57 52
52 57 54
52 57 64
52 57 108
52 57 110
52 57 148
52 57 135
52 57 156
52 57 99
52 57 71
52 57 187
52 57 200
52 57 98
52 57 1
52 57 128
52 57 29
52 57 199
52 57 22
52 57 55
52 57 108
52 57 180
52 57 44
52 57 118
52 57 19
52 57 171
52 57 190
52 57 118
52 57 115
52 57 122
53 58 188
53 58 99
53 58 8
53 58 57
53 58 120
53 58 104
53 58 9
53 58 136
53 58 180
53 58 7
53 58 67
53 58 52
53 58 10
53 58 19
53 58 131
53 58 110
53 58 56
53 58 32
53 58 17
53 58 21
53 58 82
53 58 183
53 58 146
53 58 67
53 58 55
53 58 107
53 58 36
53 58 192
53 58 97
53 58 49
53 58 75
53 58 85
53 58 62
53 58 141
53 58 132
53 58 135
53 58 26
53 58 105
53 58 49
53 58 78
53 58 40
53 58 80
53 58 45
53 58 197
53 58 78
53 58 49
53 58 197
53 58 49
54 59 74
54 59 29
54 59 132
54 59 41
54 59 35
54 59 172
54 59 56
54 59 4
54 59 2
54 59 29
54 59 188
54 59 25
54 59 12
54 59 156
54 59 132
54 59 96
54 59 130
54 59 123
54 59 72
54 59 193
54 59 23
54 59 48
54 59 49
54 59 104
54 59 1
54 59 47
54 59 97
54 59 145
54 59 151
54 59 165
54 59 160
54 59 100
54 59 199
54 59 18
54 59 184
54 59 197
54 59 16
54 59 162
54 59 27
54 59 78
54 59 185
54 59 34
54 59 37
54 59 78
54 59 183
54 59 101
54 59 45
54 59 147
54 59 61
54 59 138
54 59 195
54 59 24
54 59 25
54 59 21
54 59 120
54 59 153
54 59 140
54 59 90
54 59 194
54 59 44
54 59 35
55 60 21
55 60 36
55 60 11
55 60 49
55 60 60
55 60 35
55 60 1
55 60 158
55 60 195
55 60 43
55 60 195
55 60 192
55 60 69
55 60 51
55 60 83
55 60 156
55 60 81
55 60 21
55 60 110
55 60 37
55 60 105
55 60 54
55 60 27
55 60 152
55 60 122
55 60 191
55 60 168
55 60 31
55 60 72
55 60 63
55 60 115
55 60 105
55 60 133
55 60 171
55 60 151
55 60 79
55 60 155
55 60 88
55 60 15
55 60 170
55 60 113
55 60 68
55 60 185
55 60 82
55 60 34
55 60 95
55 60 143
56 61 39
56 61 88
56 61 64
56 61 67
56 61 126
56 61 183
56 61 182
56 61 2
56 61 101
56 61 144
56 61 153
56 61 118
56 61 111
56 61 88
56 61 33
56 61 87
56 61 191
56 61 6
56 61 178
56 61 60
56 61 28
56 61 109
56 61 193
56 61 71
56 61 37
56 61 38
56 61 175
56 61 1
56 61 115
56 61 62
56 61 45
56 61 7
56 61 25
56 61 43
56 61 115
56 61 89
56 61 86
56 61 160
56 61 136
56 61 182
56 61 82
56 61 65
56 61 21
56 61 183
56 61 89
56 61 69
57 62 139
57 62 25
57 62 40
57 62 177
57 62 142
57 62 93
57 62 161
57 62 61
57 62 145
57 62 150
57 62 47
57 62 70
57 62 28
57 62 40
57 62 107
57 62 119
57 62 114
57 62 68
57 62 200
57 62 158
57 62 82
57 62 129
57 62 5
57 62 142
57 62 124
57 62 130
57 62 132
57 62 130
57 62 148
57 62 40
57 62 186
57 62 3
57 62 79
57 62 29
57 62 134
57 62 20
57 62 92
57 62 8
57 62 189
57 62 137
57 62 154
57 62 25
57 62 133
57 62 49
57 62 92
57 62 45
57 62 50
57 62 70
57 62 99
57 62 144
58 63 167
58 63 171
58 63 187
58 63 173
58 63 8
58 63 75
58 63 40
58 63 22
58 63 52
58 63 80
58 63 171
58 63 105
58 63 197
58 63 36
58 63 54
58 63 90
58 63 164
58 63 146
58 63 8
58 63 184
58 63 69
58 63 188
58 63 97
58 63 77
58 63 61
58 63 16
58 63 14
58 63 135
58 63 137
58 63 41
58 63 37
58 63 110
58 63 1
58 63 176
58 63 97
58 63 169
58 63 145
58 63 115
58 63 13
58 63 5
58 63 180
58 63 190
58 63 28
58 63 117
58 63 32
58 63 12
58 63 166
58 63 12
58 63 89
58 63 170
58 63 8
58 63 84
58 63 63
58 63 11
58 63 40
58 63 2
59 64 60
59 64 173
59 64 142
59 64 137
59 64 24
59 64 22
59 64 161
59 64 138
59 64 183
59 64 69
59 64 157
59 64 193
59 64 95
59 64 119
59 64 146
59 64 169
59 64 50
59 64 79
59 64 176
59 64 131
59 64 161
59 64 15
59 64 19
59 64 55
59 64 46
59 64 75
59 64 149
59 64 199
59 64 59
59 64 50
59 64 43
59 64 108
59 64 50
59 64 12
59 64 121
59 64 145
59 64 97
59 64 91
59 64 135
60 65 82
60 65 16
60 65 113
60 65 196
60 65 66
60 65 152
60 65 20
60 65 46
60 65 89
60 65 22
60 65 98
60 65 38
60 65 54
60 65 100
60 65 138
60 65 136
60 65 121
60 65 140
60 65 49
60 65 63
60 65 160
60 65 15
60 65 33
60 65 56
60 65 29
60 65 62
60 65 159
60 65 56
60 65 70
60 65 23
60 65 32
60 65 106
60 65 27
60 65 83
60 65 153
60 65 183
60 65 78
60 65 169
60 65 49
60 65 165
60 65 11
60 65 50
60 65 42
60 65 1
60 65 132
60 65 128
61 66 145
61 66 24
61 66 170
61 66 111
61 66 167
61 66 170
61 66 104
61 66 151
61 66 157
61 66 46
61 66 20
61 66 191
61 66 160
61 66 167
61 66 153
61 66 157
61 66 80
61 66 6
61 66 81
61 66 119
61 66 186
61 66 122
61 66 5
61 66 133
61 66 44
61 66 37
61 66 91
61 66 142
61 66 177
61 66 167
61 66 87
61 66 161
61 66 184
61 66 81
61 66 176
61 66 63
61 66 24
61 66 157
61 66 53
61 66 144
61 66 73
61 66 186
61 66 88
61 66 142
61 66 182
61 66 45
61 66 194
61 66 191
61 66 163
61 66 155
61 66 151
62 67 100
62 67 75
62 67 104
62 67 96
62 67 67
62 67 34
62 67 185
62 67 151
62 67 128
62 67 85
62 67 51
62 67 151
62 67 130
62 67 170
62 67 64
62 67 18
62 67 21
62 67 77
62 67 99
62 67 164
62 67 54
62 67 74
62 67 94
62 67 103
62 67 82
62 67 84
62 67 7
62 67 66
62 67 145
62 67 172
62 67 107
62 67 74
62 67 51
62 67 40
62 67 160
62 67 73
62 67 33
62 67 95
62 67 36
62 67 105
62 67 138
62 67 115
62 67 71
62 67 136
62 67 183
62 67 122
62 67 172
63 68 136
63 68 102
63 68 23
63 68 9
63 68 68
63 68 63
63 68 32
63 68 178
63 68 115
63 68 157
63 68 15
63 68 35
63 68 17
63 68 101
63 68 9
63 68 64
63 68 163
63 68 133
63 68 67
63 68 123
63 68 43
63 68 79
63 68 128
63 68 29
63 68 136
63 68 173
63 68 11
63 68 122
63 68 196
63 68 118
63 68 81
63 68 38
63 68 138
63 68 141
63 68 133
63 68 100
63 68 171
63 68 83
63 68 61
63 68 192
63 68 137
63 68 169
63 68 15
64 69 85
64 69 194
64 69 92
64 69 146
64 69 158
64 69 178
64 69 21
64 69 36
64 69 175
64 69 100
64 69 163
64 69 50
64 69 13
64 69 84
64 69 23
64 69 90
64 69 132
64 69 165
64 69 196
64 69 121
64 69 91
64 69 72
64 69 144
64 69 18
64 69 52
64 69 12
64 69 112
64 69 24
64 69 75
64 69 144
64 69 151
64 69 104
64 69 157
64 69 110
64 69 176
64 69 121
64 69 113
64 69 155
64 69 98
64 69 106
64 69 181
64 69 111
64 69 157
64 69 184
64 69 58
64 69 147
64 69 189
64 69 107
65 70 185
65 70 113
65 70 138
65 70 169
65 70 166
65 70 65
65 70 124
65 70 152
65 70 157
65 70 176
65 70 14
65 70 135
65 70 27
65 70 21
65 70 58
65 70 189
65 70 108
65 70 145
65 70 143
65 70 40
65 70 135
65 70 77
65 70 63
65 70 26
65 70 146
65 70 170
65 70 27
65 70 145
65 70 40
65 70 98
65 70 7
65 70 129
65 70 153
65 70 92
65 70 151
65 70 58
65 70 111
65 70 174
65 70 69
65 70 122
65 70 151
65 70 173
65 70 154
65 70 142
65 70 181
65 70 13
65 70 71
65 70 35
65 70 156
66 71 159
66 71 165
66 71 193
66 71 135
66 71 162
66 71 160
66 71 87
66 71 11
66 71 124
66 71 94
66 71 83
66 71 194
66 71 59
66 71 194
66 71 142
66 71 52
66 71 50
66 71 121
66 71 151
66 71 186
66 71 127
66 71 9
66 71 25
66 71 128
66 71 40
66 71 105
66 71 189
66 71 173
66 71 75
66 71 94
66 71 200
66 71 142
66 71 55
66 71 34
66 71 73
66 71 54
66 71 104
66 71 62
66 71 43
66 71 167
66 71 167
66 71 44
66 71 139
66 71 151
66 71 127
66 71 196
66 71 51
66 71 155
66 71 60
66 71 108
66 71 102
66 71 94
66 71 183
66 71 134
66 71 25
66 71 154
66 71 161
66 71 62
67 72 37
67 72 71
67 72 196
67 72 29
67 72 76
67 72 93
67 72 6
67 72 80
67 72 33
67 72 40
67 72 140
67 72 44
67 72 5
67 72 173
67 72 6
67 72 59
67 72 49
67 72 83
67 72 167
67 72 15
67 72 27
67 72 1
67 72 152
67 72 110
67 72 122
67 72 27
67 72 149
67 72 113
67 72 31
67 72 174
67 72 113
67 72 57
67 72 189
67 72 70
67 72 77
67 72 7
67 72 170
67 72 117
67 72 106
67 72 100
67 72 23
67 72 91
67 72 61
67 72 108
67 72 66
67 72 41
67 72 140
68 73 119
68 73 181
68 73 19
68 73 114
68 73 156
68 73 40
68 73 13
68 73 172
68 73 197
68 73 132
68 73 19
68 73 162
68 73 13
68 73 110
68 73 93
68 73 121
68 73 87
68 73 29
68 73 161
68 73 139
68 73 125
68 73 198
68 73 134
68 73 38
68 73 198
68 73 190
68 73 95
68 73 41
68 73 85
68 73 75
68 73 89
68 73 71
68 73 73
68 73 121
68 73 106
68 73 14
68 73 11
68 73 5
68 73 9
68 73 8
68 73 157
68 73 113
68 73 2
68 73 92
68 73 109
68 73 118
68 73 103
68 73 31
68 73 151
68 73 162
68 73 25
68 73 55
68 73 36
68 73 77
68 73 42
68 73 162
68 73 127
68 73 14
68 73 144
69 74 145
69 74 153
69 74 97
69 74 25
69 74 50
69 74 54
69 74 172
69 74 118
69 74 71
69 74 160
69 74 60
69 74 103
69 74 140
69 74 150
69 74 113
69 74 41
69 74 35
69 74 17
69 74 160
69 74 153
69 74 86
69 74 134
69 74 141
69 74 166
69 74 98
69 74 104
69 74 155
69 74 87
69 74 7
69 74 113
69 74 77
69 74 190
69 74 112
69 74 41
69 74 26
69 74 155
69 74 58
69 74 42
69 74 50
69 74 108
69 74 88
69 74 182
69 74 129
69 74 59
69 74 5
70 75 71
70 75 126
70 75 181
70 75 48
70 75 90
70 75 182
70 75 76
70 75 150
70 75 82
70 75 34
70 75 155
70 75 55
70 75 194
70 75 7
70 75 83
70 75 149
70 75 179
70 75 181
70 75 74
70 75 160
70 75 122
70 75 161
70 75 115
70 75 112
70 75 190
70 75 45
70 75 160
70 75 15
70 75 22
70 75 15
70 75 54
70 75 95
70 75 141
70 75 193
70 75 156
70 75 136
70 75 136
70 75 104
70 75 196
70 75 138
70 75 32
70 75 6
70 75 152
70 75 34
70 75 175
70 75 43
70 75 156
70 75 102
70 75 123
70 75 59
70 75 78
70 75 166
70 75 108
70 75 198
70 75 168
70 75 132
70 75 46
70 75 139
70 75 14
70 75 200
70 75 46
70 75 139
70 75 121
70 75 122
70 75 31
71 76 94
71 76 162
71 76 37
71 76 38
71 76 54
71 76 146
71 76 23
71 76 34
71 76 87
71 76 78
71 76 197
71 76 167
71 76 4
71 76 14
71 76 185
71 76 125
71 76 178
71 76 8
71 76 68
71 76 78
71 76 166
71 76 73
71 76 1
71 76 100
71 76 6
71 76 30
71 76 35
71 76 64
71 76 26
71 76 139
71 76 36
71 76 71
71 76 199
71 76 186
71 76 183
71 76 69
71 76 158
71 76 118
71 76 190
71 76 83
71 76 44
71 76 145
71 76 173
71 76 54
71 76 106
71 76 174
71 76 39
71 76 77
71 76 168
71 76 91
71 76 52
71 76 75
71 76 65
71 76 19
71 76 156
71 76 155
71 76 162
71 76 94
71 76 184
71 76 150
71 76 200
71 76 180
72 77 121
72 77 172
72 77 121
72 77 38
72 77 193
72 77 169
72 77 106
72 77 186
72 77 96
72 77 40
72 77 12
72 77 162
72 77 45
72 77 49
72 77 132
72 77 198
72 77 161
72 77 150
72 77 84
72 77 199
72 77 49
72 77 12
72 77 106
72 77 45
72 77 36
72 77 111
72 77 14
72 77 41
72 77 103
72 77 161
72 77 198
72 77 57
72 77 61
72 77 79
72 77 6
72 77 144
72 77 179
72 77 174
72 77 136
72 77 164
72 77 159
72 77 62
72 77 35
72 77 16
72 77 118
72 77 193
72 77 13
72 77 59
72 77 121
72 77 162
72 77 69
72 77 178
72 77 135
72 77 182
72 77 139
72 77 104
72 77 130
72 77 10
72 77 196
72 77 23
72 77 175
73 78 132
73 78 66
73 78 183
73 78 122
73 78 139
73 78 79
73 78 168
73 78 98
73 78 33
73 78 54
73 78 41
73 78 200
73 78 39
73 78 81
73 78 15
73 78 91
73 78 124
73 78 114
73 78 60
73 78 41
73 78 110
73 78 125
73 78 143
73 78 34
73 78 56
73 78 82
73 78 118
73 78 46
73 78 123
73 78 54
73 78 85
73 78 181
73 78 66
73 78 194
73 78 148
73 78 7
73 78 156
73 78 83
73 78 28
73 78 133
73 78 45
73 78 135
73 78 26
73 78 168
73 78 3
73 78 88
73 78 16
73 78 132
73 78 57
73 78 32
73 78 47
73 78 61
74 79 169
74 79 72
74 79 43
74 79 161
74 79 67
74 79 116
74 79 164
74 79 105
74 79 92
74 79 172
74 79 74
74 79 94
74 79 121
74 79 47
74 79 75
74 79 71
74 79 33
74 79 40
74 79 199
74 79 57
74 79 43
74 79 98
74 79 115
74 79 197
74 79 65
74 79 18
74 79 78
74 79 29
74 79 183
74 79 103
74 79 47
74 79 198
74 79 183
74 79 27
74 79 75
74 79 94
74 79 113
74 79 178
74 79 143
74 79 20
74 79 140
74 79 66
74 79 70
74 79 190
74 79 158
74 79 158
74 79 161
74 79 38
74 79 195
75 80 200
75 80 76
75 80 19
75 80 164
75 80 53
75 80 7
75 80 194
75 80 78
75 80 51
75 80 167
75 80 92
75 80 73
75 80 118
75 80 182
75 80 80
75 80 70
75 80 174
75 80 60
75 80 197
75 80 82
75 80 95
75 80 59
75 80 45
75 80 17
75 80 150
75 80 53
75 80 6
75 80 54
75 80 56
75 80 13
75 80 118
75 80 107
75 80 170
75 80 59
75 80 68
75 80 148
75 80 30
75 80 113
75 80 165
75 80 121
75 80 103
75 80 155
75 80 163
75 80 101
75 80 123
75 80 36
75 80 42
75 80 144
75 80 70
75 80 130
75 80 81
75 80 171
75 80 101
75 80 20
75 80 47
75 80 80
75 80 64
75 80 179
75 80 96
75 80 22
75 80 50
75 80 98
76 81 28
76 81 178
76 81 134
76 81 55
76 81 83
76 81 82
76 81 188
76 81 102
76 81 140
76 81 81
76 81 7
76 81 175
76 81 68
76 81 64
76 81 31
76 81 74
76 81 75
76 81 114
76 81 92
76 81 40
76 81 81
76 81 11
76 81 190
76 81 144
76 81 99
76 81 29
76 81 45
76 81 157
76 81 117
76 81 116
76 81 38
76 81 172
76 81 182
76 81 192
76 81 124
76 81 160
76 81 120
76 81 120
76 81 162
76 81 75
76 81 6
76 81 151
76 81 117
76 81 12
76 81 153
76 81 131
76 81 73
76 81 112
76 81 117
76 81 36
77 82 167
77 82 195
77 82 186
77 82 13
77 82 186
77 82 183
77 82 171
77 82 22
77 82 136
77 82 68
77 82 57
77 82 73
77 82 18
77 82 132
77 82 39
77 82 13
77 82 129
77 82 152
77 82 154
77 82 24
77 82 161
77 82 134
77 82 58
77 82 194
77 82 94
77 82 101
77 82 128
77 82 53
77 82 144
77 82 172
77 82 56
77 82 87
77 82 146
77 82 64
77 82 99
77 82 17
77 82 81
77 82 144
77 82 109
77 82 35
77 82 34
77 82 112
77 82 80
77 82 196
77 82 167
77 82 81
77 82 22
77 82 169
77 82 147
77 82 22
77 82 92
77 82 78
77 82 162
78 83 125
78 83 15
78 83 194
78 83 50
78 83 149
78 83 166
78 83 73
78 83 170
78 83 13
78 83 186
78 83 74
78 83 113
78 83 166
78 83 5
78 83 151
78 83 100
78 83 128
78 83 175
78 83 101
78 83 42
78 83 119
78 83 160
78 83 35
78 83 81
78 83 150
78 83 102
78 83 50
78 83 155
78 83 15
78 83 122
78 83 195
78 83 52
78 83 181
78 83 81
78 83 32
78 83 200
78 83 81
78 83 70
78 83 32
78 83 32
78 83 34
78 83 110
78 83 42
78 83 114
78 83 53
78 83 121
78 83 34
78 83 50
78 83 110
78 83 199
78 83 175
78 83 158
78 83 149
78 83 114
78 83 40
78 83 113
78 83 158
78 83 36
78 83 109
78 83 104
78 83 179
78 83 16
78 83 195
78 83 11
78 83 105
78 83 70
78 83 75
79 84 164
79 84 81
79 84 57
79 84 171
79 84 196
79 84 130
79 84 80
79 84 140
79 84 60
79 84 28
79 84 184
79 84 158
79 84 30
79 84 80
79 84 46
79 84 1
79 84 140
79 84 132
79 84 58
79 84 140
79 84 171
79 84 126
79 84 35
79 84 144
79 84 141
79 84 43
79 84 102
79 84 57
79 84 22
79 84 80
79 84 183
79 84 79
79 84 194
79 84 45
79 84 112
79 84 19
79 84 144
79 84 5
79 84 160
79 84 108
79 84 101
80 85 26
80 85 59
80 85 189
80 85 135
80 85 160
80 85 183
80 85 33
80 85 77
80 85 5
80 85 101
80 85 76
80 85 70
80 85 50
80 85 99
80 85 86
80 85 46
80 85 96
80 85 23
80 85 40
80 85 141
80 85 152
80 85 10
80 85 115
80 85 18
80 85 108
80 85 9
80 85 148
80 85 126
80 85 110
80 85 68
80 85 81
80 85 89
80 85 159
80 85 37
80 85 22
80 85 103
80 85 91
80 85 136
80 85 119
80 85 74
80 85 127
80 85 196
80 85 60
80 85 178
80 85 139
80 85 19
80 85 94
80 85 7
80 85 20
80 85 104
80 85 186
80 85 102
80 85 17
81 86 9
81 86 46
81 86 95
81 86 126
81 86 33
81 86 67
81 86 12
81 86 89
81 86 76
81 86 129
81 86 16
81 86 20
81 86 86
81 86 117
81 86 122
81 86 199
81 86 187
81 86 15
81 86 198
81 86 45
81 86 168
81 86 57
81 86 70
81 86 57
81 86 150
81 86 161
81 86 33
81 86 10
81 86 124
81 86 92
81 86 87
81 86 183
81 86 103
81 86 50
81 86 135
81 86 2
81 86 30
81 86 83
81 86 105
81 86 86
81 86 65
81 86 126
81 86 195
81 86 124
81 86 107
81 86 53
81 86 194
81 86 29
81 86 104
81 86 161
82 87 146
82 87 126
82 87 39
82 87 41
82 87 126
82 87 180
82 87 77
82 87 139
82 87 168
82 87 17
82 87 172
82 87 87
82 87 143
82 87 133
82 87 157
82 87 99
82 87 67
82 87 166
82 87 182
82 87 26
82 87 4
82 87 184
82 87 105
82 87 69
82 87 51
82 87 43
82 87 194
82 87 60
82 87 19
82 87 116
82 87 160
82 87 16
82 87 91
82 87 119
82 87 144
82 87 35
82 87 189
82 87 181
82 87 164
82 87 131
82 87 195
82 87 120
82 87 105
82 87 144
82 87 160
82 87 157
82 87 75
82 87 151
83 88 116
83 88 168
83 88 118
83 88 126
83 88 30
83 88 97
83 88 37
83 88 97
83 88 80
83 88 128
83 88 197
83 88 99
83 88 75
83 88 185
83 88 119
83 88 16
83 88 109
83 88 161
83 88 103
83 88 59
83 88 193
83 88 183
83 88 54
83 88 168
83 88 133
83 88 110
83 88 151
83 88 160
83 88 47
83 88 194
83 88 104
83 88 148
83 88 198
83 88 174
83 88 139
83 88 73
83 88 18
83 88 118
83 88 55
83 88 153
83 88 159
83 88 72
83 88 31
83 88 21
83 88 196
83 88 116
84 89 183
84 89 87
84 89 142
84 89 24
84 89 136
84 89 178
84 89 99
84 89 55
84 89 147
84 89 96
84 89 77
84 89 62
84 89 130
84 89 95
84 89 100
84 89 138
84 89 174
84 89 164
84 89 92
84 89 61
84 89 42
84 89 151
84 89 28
84 89 142
84 89 118
84 89 177
84 89 194
84 89 106
84 89 79
84 89 78
84 89 36
84 89 110
84 89 69
84 89 168
84 89 152
84 89 80
84 89 132
84 89 93
84 89 15
84 89 26
84 89 114
84 89 4
84 89 126
84 89 53
84 89 154
84 89 145
84 89 34
84 89 10
84 89 167
84 89 17
85 90 56
85 90 145
85 90 36
85 90 109
85 90 103
85 90 163
85 90 19
85 90 129
85 90 186
85 90 19
85 90 109
85 90 158
85 90 56
85 90 34
85 90 110
85 90 89
85 90 16
85 90 196
85 90 192
85 90 190
85 90 143
85 90 93
85 90 185
85 90 64
85 90 96
85 90 40
85 90 101
85 90 99
85 90 91
85 90 152
85 90 52
85 90 159
85 90 75
85 90 1
85 90 170
85 90 3
85 90 173
85 90 142
85 90 96
85 90 199
85 90 95
85 90 2
85 90 200
85 90 161
85 90 70
85 90 139
85 90 178
85 90 51
85 90 143
85 90 28
85 90 99
85 90 160
85 90 121
85 90 152
85 90 191
85 90 92
85 90 147
85 90 175
85 90 183
85 90 50
85 90 108
85 90 100
85 90 89
85 90 183
85 90 78
86 91 106
86 91 147
86 91 149
86 91 63
86 91 130
86 91 14
86 91 120
86 91 177
86 91 174
86 91 195
86 91 173
86 91 167
86 91 87
86 91 25
86 91 29
86 91 160
86 91 171
86 91 178
86 91 14
86 91 193
86 91 34
86 91 106
86 91 173
86 91 150
86 91 194
86 91 54
86 91 25
86 91 171
86 91 197
86 91 168
86 91 2
86 91 68
86 91 42
86 91 12
86 91 2
86 91 62
86 91 50
86 91 3
86 91 118
86 91 148
86 91 104
86 91 68
86 91 174
86 91 19
86 91 4
86 91 199
86 91 111
86 91 179
86 91 40
86 91 174
87 92 99
87 92 12
87 92 25
87 92 46
87 92 38
87 92 50
87 92 78
87 92 43
87 92 193
87 92 149
87 92 59
87 92 17
87 92 144
87 92 78
87 92 171
87 92 173
87 92 165
87 92 102
87 92 33
87 92 110
87 92 7
87 92 56
87 92 60
87 92 112
87 92 167
87 92 114
87 92 197
87 92 89
87 92 134
87 92 48
87 92 103
87 92 164
87 92 92
87 92 11
87 92 105
87 92 113
87 92 15
87 92 72
87 92 62
87 92 31
87 92 54
87 92 154
87 92 120
87 92 19
87 92 22
87 92 23
87 92 191
87 92 25
87 92 108
87 92 114
87 92 106
87 92 131
87 92 149
87 92 198
87 92 53
87 92 151
87 92 124
88 93 84
88 93 86
88 93 106
88 93 41
88 93 197
88 93 138
88 93 70
88 93 199
88 93 56
88 93 83
88 93 26
88 93 5
88 93 172
88 93 98
88 93 43
88 93 30
88 93 109
88 93 58
88 93 3
88 93 56
88 93 139
88 93 100
88 93 199
88 93 99
88 93 82
88 93 113
88 93 1
88 93 184
88 93 122
88 93 14
88 93 196
88 93 99
88 93 74
88 93 53
88 93 167
88 93 143
88 93 49
88 93 40
88 93 35
88 93 69
88 93 101
88 93 19
88 93 55
88 93 73
89 94 166
89 94 163
89 94 176
89 94 14
89 94 198
89 94 13
89 94 191
89 94 187
89 94 137
89 94 167
89 94 42
89 94 26
89 94 98
89 94 11
89 94 1
89 94 37
89 94 99
89 94 132
89 94 185
89 94 95
89 94 14
89 94 150
89 94 176
89 94 115
89 94 32
89 94 140
89 94 21
89 94 12
89 94 10
89 94 163
89 94 81
89 94 55
89 94 192
89 94 150
89 94 161
89 94 170
89 94 141
89 94 52
89 94 36
89 94 91
89 94 114
89 94 77
89 94 149
89 94 29
89 94 104
89 94 79
89 94 70
90 95 157
90 95 182
90 95 111
90 95 70
90 95 171
90 95 33
90 95 29
90 95 27
90 95 29
90 95 146
90 95 172
90 95 139
90 95 127
90 95 6
90 95 144
90 95 8
90 95 192
90 95 124
90 95 146
90 95 159
90 95 112
90 95 77
90 95 95
90 95 30
90 95 56
90 95 42
90 95 116
90 95 9
90 95 49
90 95 84
90 95 75
90 95 171
90 95 173
90 95 141
90 95 64
90 95 104
90 95 114
90 95 132
90 95 51
90 95 64
90 95 68
90 95 137
90 95 52
90 95 43
91 96 74
91 96 92
91 96 163
91 96 45
91 96 169
91 96 79
91 96 15
91 96 47
91 96 186
91 96 56
91 96 34
91 96 100
91 96 27
91 96 136
91 96 106
91 96 193
91 96 176
91 96 182
91 96 7
91 96 200
91 96 60
91 96 111
91 96 14
91 96 133
91 96 29
91 96 93
91 96 16
91 96 86
91 96 107
91 96 64
91 96 44
91 96 141
91 96 125
91 96 162
91 96 11
91 96 159
91 96 166
91 96 84
91 96 143
91 96 99
91 96 71
91 96 99
92 97 7
92 97 37
92 97 79
92 97 70
92 97 61
92 97 79
92 97 143
92 97 62
92 97 161
92 97 46
92 97 24
92 97 200
92 97 54
92 97 28
92 97 14
92 97 9
92 97 188
92 97 86
92 97 85
92 97 48
92 97 79
92 97 16
92 97 105
92 97 54
92 97 88
92 97 188
92 97 114
92 97 188
92 97 103
92 97 168
92 97 24
92 97 79
92 97 172
92 97 30
92 97 56
92 97 11
92 97 128
92 97 38
92 97 62
92 97 53
92 97 63
92 97 84
92 97 200
92 97 65
92 97 27
92 97 171
92 97 8
92 97 193
92 97 91
92 97 179
92 97 57
93 98 165
93 98 135
93 98 43
93 98 38
93 98 144
93 98 150
93 98 27
93 98 10
93 98 54
93 98 25
93 98 24
93 98 43
93 98 139
93 98 141
93 98 144
93 98 196
93 98 73
93 98 111
93 98 59
93 98 196
93 98 180
93 98 78
93 98 42
93 98 192
93 98 127
93 98 45
93 98 83
93 98 185
93 98 31
93 98 18
93 98 66
93 98 59
93 98 163
93 98 129
93 98 52
93 98 146
93 98 121
93 98 44
93 98 123
93 98 141
93 98 112
93 98 168
93 98 44
93 98 45
93 98 155
93 98 115
93 98 119
93 98 123
93 98 99
93 98 155
93 98 41
93 98 80
93 98 166
93 98 18
93 98 89
93 98 145
93 98 177
94 99 142
94 99 190
94 99 48
94 99 106
94 99 159
94 99 115
94 99 48
94 99 161
94 99 182
94 99 171
94 99 81
94 99 172
94 99 157
94 99 179
94 99 49
94 99 7
94 99 122
94 99 16
94 99 109
94 99 5
94 99 148
94 99 128
94 99 156
94 99 167
94 99 27
94 99 129
94 99 89
94 99 63
94 99 102
94 99 4
94 99 53
94 99 93
94 99 177
94 99 129
94 99 14
94 99 199
94 99 143
94 99 53
94 99 53
94 99 186
94 99 115
94 99 40
94 99 68
94 99 188
94 99 165
94 99 75
94 99 128
95 100 7
95 100 61
95 100 140
95 100 118
95 100 190
95 100 183
95 100 91
95 100 190
95 100 56
95 100 121
95 100 184
95 100 44
95 100 44
95 100 46
95 100 32
95 100 55
95 100 160
95 100 88
95 100 114
95 100 22
95 100 171
95 100 16
95 100 160
95 100 67
95 100 152
95 100 94
95 100 62
95 100 41
95 100 181
95 100 46
95 100 137
95 100 159
95 100 116
95 100 67
95 100 83
95 100 122
95 100 128
95 100 104
95 100 73
95 100 115
96 101 20
96 101 33
96 101 11
96 101 169
96 101 168
96 101 199
96 101 23
96 101 173
96 101 162
96 101 147
96 101 82
96 101 33
96 101 103
96 101 91
96 101 21
96 101 62
96 101 174
96 101 11
96 101 149
96 101 63
96 101 27
96 101 10
96 101 30
96 101 131
96 101 188
96 101 187
96 101 102
96 101 16
96 101 93
96 101 189
96 101 10
96 101 18
96 101 109
96 101 47
96 101 40
96 101 172
96 101 131
97 102 173
97 102 141
97 102 89
97 102 144
97 102 124
97 102 56
97 102 148
97 102 26
97 102 113
97 102 11
97 102 51
97 102 116
97 102 180
97 102 32
97 102 198
97 102 48
97 102 146
97 102 58
97 102 144
97 102 155
97 102 117
97 102 50
97 102 46
97 102 147
97 102 84
97 102 22
97 102 4
97 102 71
97 102 109
97 102 183
97 102 181
97 102 130
97 102 81
97 102 167
97 102 48
97 102 137
97 102 20
97 102 109
97 102 88
97 102 83
97 102 63
97 102 16
97 102 199
97 102 41
97 102 167
97 102 40
97 102 199
97 102 117
97 102 82
97 102 182
97 102 95
97 102 52
97 102 112
97 102 10
97 102 74
97 102 118
97 102 58
98 103 82
98 103 27
98 103 110
98 103 67
98 103 148
98 103 160
98 103 22
98 103 169
98 103 158
98 103 166
98 103 187
98 103 70
98 103 118
98 103 105
98 103 139
98 103 1
98 103 62
98 103 136
98 103 123
98 103 73
98 103 9
98 103 153
98 103 33
98 103 74
98 103 54
98 103 145
98 103 191
98 103 4
98 103 120
98 103 190
98 103 147
98 103 154
98 103 101
98 103 144
98 103 176
98 103 186
98 103 8
98 103 27
98 103 180
98 103 156
98 103 121
98 103 167
98 103 67
98 103 128
98 103 189
98 103 1
98 103 77
98 103 116
98 103 69
98 103 153
98 103 77
98 103 80
98 103 10
98 103 119
98 103 61
98 103 54
98 103 116
98 103 179
98 103 179
98 103 83
99 104 187
99 104 195
99 104 109
99 104 59
99 104 77
99 104 178
99 104 122
99 104 75
99 104 34
99 104 52
99 104 47
99 104 66
99 104 18
99 104 88
99 104 41
99 104 146
99 104 126
99 104 163
99 104 35
99 104 105
99 104 152
99 104 164
99 104 125
99 104 186
99 104 118
99 104 35
99 104 11
99 104 61
99 104 195
99 104 193
99 104 4
99 104 121
99 104 183
99 104 104
99 104 190
99 104 4
99 104 68
99 104 168
99 104 10
99 104 90
99 104 102
99 104 137
99 104 26
99 104 6
99 104 107
99 104 76
99 104 16
99 104 155
100 105 136
100 105 72
100 105 142
100 105 114
100 105 136
100 105 174
100 105 174
100 105 73
100 105 110
100 105 64
100 105 135
100 105 15
100 105 64
100 105 127
100 105 104
100 105 30
100 105 80
100 105 6
100 105 163
100 105 86
100 105 154
100 105 30
100 105 65
100 105 33
100 105 172
100 105 141
100 105 196
100 105 20
100 105 86
100 105 95
100 105 131
100 105 136
100 105 87
100 105 8
100 105 7
100 105 177
100 105 24
100 105 1
100 105 76
100 105 35
100 105 16
100 105 5
100 105 116
100 105 45
100 105 143
100 105 142
100 105 183
100 105 22
100 105 151
100 105 143
100 105 185
100 105 152
100 105 79
