5000 125538
1 6 150
1 6 24
1 6 129
1 6 89
1 6 26
1 6 55
1 6 178
1 6 131
1 6 91
1 6 95
1 6 142
1 6 65
1 6 48
1 6 36
1 6 46
1 6 172
1 6 162
1 6 160
1 6 122
1 6 60
1 6 5
1 6 21
1 6 10
1 6 20
1 6 122
1 6 77
1 6 70
1 6 144
1 6 22
1 6 173
1 6 65
1 6 106
1 6 187
1 6 18
1 6 125
1 6 70
1 6 182
1 6 130
1 6 195
1 6 132
1 6 43
1 6 137
1 6 101
1 6 63
1 6 195
1 6 104
1 6 106
1 6 155
1 6 124
1 6 170
2 7 24
2 7 189
2 7 108
2 7 11
2 7 159
2 7 36
2 7 106
2 7 108
2 7 84
2 7 157
2 7 114
2 7 183
2 7 140
2 7 138
2 7 152
2 7 176
2 7 71
2 7 17
2 7 20
2 7 152
2 7 59
2 7 95
2 7 164
2 7 67
2 7 108
2 7 189
2 7 5
2 7 168
2 7 49
2 7 67
2 7 76
2 7 168
2 7 153
2 7 25
2 7 13
2 7 136
2 7 22
2 7 186
2 7 101
2 7 94
2 7 192
2 7 58
2 7 29
2 7 64
2 7 166
2 7 139
2 7 159
2 7 59
2 7 26
2 7 164
2 7 177
2 7 28
2 7 142
2 7 196
2 7 153
3 8 58
3 8 137
3 8 153
3 8 10
3 8 22
3 8 154
3 8 88
3 8 121
3 8 131
3 8 34
3 8 9
3 8 29
3 8 198
3 8 7
3 8 190
3 8 52
3 8 57
3 8 82
3 8 77
3 8 197
3 8 52
3 8 43
3 8 130
3 8 18
3 8 165
3 8 92
3 8 28
3 8 29
3 8 77
3 8 84
3 8 178
3 8 112
3 8 60
3 8 108
3 8 26
3 8 68
3 8 50
3 8 128
3 8 113
3 8 29
3 8 157
3 8 13
3 8 61
3 8 26
4 9 126
4 9 133
4 9 95
4 9 23
4 9 188
4 9 74
4 9 120
4 9 60
4 9 123
4 9 59
4 9 197
4 9 17
4 9 142
4 9 61
4 9 5
4 9 15
4 9 151
4 9 175
4 9 164
4 9 77
4 9 125
4 9 2
4 9 48
4 9 79
4 9 1
4 9 107
4 9 103
4 9 36
4 9 193
4 9 125
4 9 155
4 9 134
4 9 98
4 9 152
4 9 40
4 9 32
4 9 24
4 9 165
4 9 138
4 9 135
4 9 15
4 9 167
4 9 47
4 9 194
4 9 16
4 9 195
4 9 49
4 9 56
4 9 23
4 9 42
4 9 98
4 9 29
4 9 30
4 9 181
4 9 98
4 9 30
5 10 18
5 10 171
5 10 163
5 10 22
5 10 64
5 10 29
5 10 107
5 10 22
5 10 17
5 10 43
5 10 23
5 10 162
5 10 103
5 10 158
5 10 159
5 10 153
5 10 175
5 10 136
5 10 112
5 10 164
5 10 45
5 10 110
5 10 163
5 10 174
5 10 120
5 10 122
5 10 122
5 10 136
5 10 57
5 10 124
5 10 181
5 10 91
5 10 156
5 10 178
5 10 42
5 10 143
5 10 42
5 10 96
5 10 193
5 10 76
5 10 3
5 10 109
5 10 138
5 10 106
5 10 101
5 10 167
5 10 88
5 10 150
5 10 84
5 10 7
6 11 97
6 11 47
6 11 62
6 11 189
6 11 76
6 11 136
6 11 144
6 11 200
6 11 18
6 11 163
6 11 161
6 11 14
6 11 106
6 11 138
6 11 196
6 11 18
6 11 142
6 11 92
6 11 124
6 11 61
6 11 183
6 11 156
6 11 87
6 11 112
6 11 71
6 11 187
6 11 43
6 11 176
6 11 148
6 11 59
6 11 150
6 11 102
6 11 24
6 11 53
6 11 24
6 11 13
6 11 33
6 11 107
6 11 124
6 11 106
6 11 148
6 11 193
6 11 63
6 11 139
6 11 20
6 11 3
6 11 67
6 11 164
6 11 25
6 11 106
6 11 72
6 11 74
6 11 58
6 11 174
6 11 163
7 12 115
7 12 96
7 12 10
7 12 61
7 12 88
7 12 136
7 12 96
7 12 194
7 12 8
7 12 9
7 12 107
7 12 52
7 12 8
7 12 61
7 12 118
7 12 91
7 12 76
7 12 122
7 12 184
7 12 193
7 12 100
7 12 77
7 12 76
7 12 154
7 12 50
7 12 96
7 12 131
7 12 151
7 12 155
7 12 133
7 12 148
7 12 193
7 12 10
7 12 183
7 12 69
7 12 167
7 12 199
7 12 60
7 12 153
7 12 110
7 12 72
7 12 157
7 12 54
7 12 104
7 12 4
7 12 101
7 12 189
7 12 179
7 12 43
7 12 142
7 12 77
7 12 100
7 12 7
7 12 131
7 12 86
7 12 131
7 12 82
8 13 176
8 13 91
8 13 156
8 13 148
8 13 137
8 13 33
8 13 64
8 13 65
8 13 32
8 13 147
8 13 48
8 13 186
8 13 45
8 13 152
8 13 81
8 13 118
8 13 83
8 13 182
8 13 115
8 13 39
8 13 6
8 13 26
8 13 172
8 13 146
8 13 10
8 13 103
8 13 34
8 13 110
8 13 1
8 13 95
8 13 149
8 13 188
8 13 33
8 13 124
8 13 112
8 13 142
8 13 26
8 13 159
8 13 104
8 13 110
8 13 193
8 13 92
8 13 151
9 14 32
9 14 143
9 14 57
9 14 179
9 14 109
9 14 64
9 14 191
9 14 171
9 14 143
9 14 61
9 14 175
9 14 82
9 14 38
9 14 61
9 14 31
9 14 121
9 14 130
9 14 58
9 14 171
9 14 199
9 14 74
9 14 108
9 14 40
9 14 44
9 14 130
9 14 198
9 14 126
9 14 130
9 14 21
9 14 118
9 14 56
9 14 103
9 14 90
9 14 148
9 14 92
9 14 72
9 14 156
9 14 100
9 14 49
9 14 144
9 14 149
9 14 110
9 14 92
9 14 141
9 14 65
9 14 6
9 14 194
9 14 140
9 14 125
9 14 152
9 14 198
10 15 100
10 15 15
10 15 11
10 15 21
10 15 31
10 15 76
10 15 74
10 15 2
10 15 199
10 15 97
10 15 121
10 15 15
10 15 109
10 15 9
10 15 130
10 15 159
10 15 143
10 15 172
10 15 163
10 15 80
10 15 172
10 15 154
10 15 188
10 15 37
10 15 5
10 15 98
10 15 158
10 15 105
10 15 124
10 15 62
10 15 50
10 15 100
10 15 6
10 15 132
10 15 179
10 15 80
10 15 33
10 15 177
10 15 48
10 15 155
10 15 76
10 15 44
10 15 46
10 15 48
10 15 177
10 15 168
10 15 63
10 15 90
10 15 61
10 15 149
10 15 182
10 15 107
10 15 199
10 15 5
10 15 195
10 15 86
11 16 100
11 16 173
11 16 158
11 16 101
11 16 42
11 16 12
11 16 174
11 16 88
11 16 107
11 16 194
11 16 26
11 16 35
11 16 125
11 16 138
11 16 78
11 16 77
11 16 68
11 16 56
11 16 9
11 16 41
11 16 11
11 16 15
11 16 92
11 16 142
11 16 103
11 16 74
11 16 74
11 16 200
11 16 59
11 16 45
11 16 145
11 16 56
11 16 16
11 16 153
11 16 52
11 16 58
11 16 2
11 16 33
11 16 156
11 16 136
11 16 25
11 16 60
11 16 90
11 16 52
11 16 32
11 16 183
12 17 82
12 17 187
12 17 87
12 17 87
12 17 160
12 17 121
12 17 71
12 17 37
12 17 132
12 17 190
12 17 45
12 17 21
12 17 29
12 17 142
12 17 31
12 17 186
12 17 197
12 17 18
12 17 121
12 17 128
12 17 1
12 17 8
12 17 144
12 17 85
12 17 15
12 17 146
12 17 171
12 17 173
12 17 190
12 17 43
12 17 179
12 17 106
12 17 154
12 17 182
12 17 168
12 17 122
12 17 147
12 17 137
12 17 174
12 17 188
12 17 187
12 17 191
12 17 54
12 17 184
12 17 124
12 17 190
12 17 3
12 17 125
12 17 25
12 17 50
12 17 155
12 17 149
12 17 183
13 18 139
13 18 169
13 18 164
13 18 20
13 18 171
13 18 200
13 18 105
13 18 4
13 18 132
13 18 15
13 18 102
13 18 70
13 18 194
13 18 190
13 18 54
13 18 145
13 18 97
13 18 32
13 18 200
13 18 25
13 18 60
13 18 9
13 18 84
13 18 170
13 18 150
13 18 41
13 18 146
13 18 78
13 18 165
13 18 149
13 18 194
13 18 16
13 18 141
13 18 167
13 18 101
13 18 146
13 18 174
13 18 189
13 18 29
13 18 130
13 18 132
13 18 21
13 18 129
13 18 65
13 18 152
13 18 71
14 19 147
14 19 103
14 19 17
14 19 20
14 19 142
14 19 190
14 19 150
14 19 62
14 19 157
14 19 139
14 19 73
14 19 195
14 19 1
14 19 38
14 19 188
14 19 3
14 19 151
14 19 122
14 19 22
14 19 122
14 19 23
14 19 53
14 19 158
14 19 160
14 19 127
14 19 67
14 19 140
14 19 144
14 19 162
14 19 87
14 19 33
14 19 195
14 19 109
14 19 84
14 19 199
14 19 44
14 19 38
14 19 138
14 19 152
14 19 67
14 19 34
14 19 193
14 19 1
14 19 74
14 19 102
14 19 102
14 19 187
14 19 111
14 19 81
14 19 50
14 19 20
14 19 19
14 19 28
14 19 130
14 19 145
15 20 82
15 20 171
15 20 39
15 20 117
15 20 41
15 20 184
15 20 146
15 20 21
15 20 112
15 20 90
15 20 197
15 20 47
15 20 77
15 20 89
15 20 132
15 20 125
15 20 90
15 20 146
15 20 18
15 20 122
15 20 194
15 20 176
15 20 48
15 20 132
15 20 48
15 20 79
15 20 76
15 20 134
15 20 47
15 20 80
15 20 153
15 20 166
15 20 190
15 20 196
15 20 55
15 20 74
15 20 161
15 20 42
15 20 143
15 20 163
16 21 40
16 21 145
16 21 47
16 21 135
16 21 115
16 21 94
16 21 64
16 21 162
16 21 76
16 21 19
16 21 154
16 21 10
16 21 31
16 21 146
16 21 45
16 21 1
16 21 51
16 21 101
16 21 147
16 21 169
16 21 172
16 21 180
16 21 163
16 21 197
16 21 26
16 21 101
16 21 71
16 21 9
16 21 183
16 21 44
16 21 136
16 21 154
16 21 9
16 21 141
16 21 107
16 21 4
16 21 74
16 21 132
16 21 120
16 21 35
16 21 98
16 21 108
16 21 68
16 21 174
16 21 135
16 21 143
16 21 15
16 21 22
16 21 125
16 21 96
16 21 200
16 21 152
16 21 35
16 21 79
16 21 179
16 21 113
16 21 148
16 21 165
17 22 112
17 22 24
17 22 90
17 22 12
17 22 140
17 22 65
17 22 80
17 22 188
17 22 107
17 22 106
17 22 13
17 22 176
17 22 73
17 22 114
17 22 145
17 22 37
17 22 195
17 22 98
17 22 120
17 22 17
17 22 71
17 22 80
17 22 154
17 22 22
17 22 38
17 22 54
17 22 170
17 22 30
17 22 116
17 22 72
17 22 94
17 22 120
17 22 146
17 22 58
17 22 94
17 22 90
17 22 25
17 22 190
17 22 160
17 22 40
17 22 3
17 22 106
17 22 65
17 22 148
17 22 54
17 22 125
17 22 120
17 22 77
17 22 132
17 22 32
18 23 167
18 23 11
18 23 197
18 23 120
18 23 116
18 23 92
18 23 173
18 23 42
18 23 160
18 23 152
18 23 151
18 23 55
18 23 131
18 23 32
18 23 36
18 23 22
18 23 13
18 23 124
18 23 66
18 23 111
18 23 180
18 23 78
18 23 44
18 23 72
18 23 90
18 23 74
18 23 99
18 23 58
18 23 174
18 23 123
18 23 158
18 23 59
18 23 149
18 23 25
18 23 63
18 23 33
18 23 175
18 23 154
18 23 67
18 23 163
18 23 154
18 23 49
18 23 117
18 23 40
19 24 67
19 24 71
19 24 99
19 24 78
19 24 147
19 24 62
19 24 57
19 24 103
19 24 59
19 24 126
19 24 105
19 24 114
19 24 168
19 24 185
19 24 100
19 24 196
19 24 29
19 24 124
19 24 138
19 24 130
19 24 105
19 24 1
19 24 92
19 24 135
19 24 167
19 24 174
19 24 61
19 24 50
19 24 112
19 24 148
19 24 128
19 24 59
19 24 64
19 24 72
19 24 109
19 24 87
19 24 31
19 24 115
19 24 92
19 24 22
19 24 55
19 24 121
19 24 69
19 24 81
19 24 185
19 24 196
19 24 14
19 24 14
19 24 49
19 24 156
19 24 129
19 24 96
19 24 173
19 24 82
19 24 15
19 24 165
19 24 177
19 24 39
19 24 53
19 24 57
19 24 102
19 24 189
20 25 66
20 25 17
20 25 168
20 25 19
20 25 179
20 25 23
20 25 21
20 25 91
20 25 24
20 25 198
20 25 180
20 25 166
20 25 124
20 25 25
20 25 139
20 25 74
20 25 134
20 25 14
20 25 92
20 25 46
20 25 11
20 25 12
20 25 19
20 25 145
20 25 80
20 25 154
20 25 146
20 25 117
20 25 93
20 25 157
20 25 194
20 25 126
20 25 191
20 25 64
20 25 10
20 25 195
20 25 151
20 25 19
20 25 172
21 26 90
21 26 72
21 26 106
21 26 2
21 26 113
21 26 183
21 26 63
21 26 134
21 26 6
21 26 42
21 26 10
21 26 183
21 26 70
21 26 79
21 26 200
21 26 119
21 26 10
21 26 15
21 26 32
21 26 136
21 26 86
21 26 56
21 26 68
21 26 142
21 26 102
21 26 64
21 26 193
21 26 145
21 26 148
21 26 172
21 26 136
21 26 80
21 26 104
21 26 100
21 26 80
21 26 188
21 26 130
21 26 165
21 26 154
21 26 48
22 27 82
22 27 72
22 27 191
22 27 155
22 27 171
22 27 172
22 27 167
22 27 170
22 27 131
22 27 179
22 27 200
22 27 185
22 27 155
22 27 52
22 27 100
22 27 182
22 27 75
22 27 146
22 27 173
22 27 97
22 27 54
22 27 189
22 27 163
22 27 169
22 27 193
22 27 1
22 27 187
22 27 4
22 27 159
22 27 154
22 27 131
22 27 73
22 27 199
22 27 109
22 27 86
22 27 120
22 27 29
22 27 41
22 27 155
22 27 103
22 27 196
22 27 196
22 27 127
22 27 114
22 27 172
22 27 98
22 27 152
22 27 36
22 27 12
22 27 14
22 27 125
22 27 9
22 27 72
22 27 10
22 27 83
22 27 190
22 27 193
22 27 178
22 27 123
22 27 14
22 27 67
22 27 6
22 27 68
23 28 123
23 28 195
23 28 148
23 28 172
23 28 196
23 28 142
23 28 1
23 28 86
23 28 111
23 28 55
23 28 178
23 28 134
23 28 111
23 28 113
23 28 195
23 28 168
23 28 93
23 28 104
23 28 9
23 28 31
23 28 198
23 28 170
23 28 128
23 28 192
23 28 81
23 28 62
23 28 129
23 28 160
23 28 200
23 28 49
23 28 182
23 28 129
23 28 200
23 28 182
23 28 122
23 28 12
23 28 179
23 28 23
23 28 145
23 28 32
23 28 185
23 28 181
23 28 38
23 28 107
23 28 181
23 28 36
23 28 153
23 28 113
23 28 160
23 28 89
23 28 139
24 29 133
24 29 16
24 29 62
24 29 149
24 29 57
24 29 90
24 29 4
24 29 142
24 29 122
24 29 125
24 29 49
24 29 45
24 29 8
24 29 123
24 29 158
24 29 14
24 29 162
24 29 193
24 29 48
24 29 163
24 29 13
24 29 3
24 29 176
24 29 37
24 29 76
24 29 131
24 29 126
24 29 155
24 29 77
24 29 193
24 29 96
24 29 69
24 29 62
24 29 53
24 29 52
24 29 188
24 29 47
24 29 92
24 29 4
24 29 164
24 29 161
24 29 108
24 29 71
24 29 162
24 29 200
24 29 112
24 29 96
24 29 189
24 29 37
24 29 188
25 30 75
25 30 64
25 30 154
25 30 182
25 30 4
25 30 59
25 30 145
25 30 67
25 30 19
25 30 130
25 30 175
25 30 168
25 30 22
25 30 171
25 30 197
25 30 27
25 30 108
25 30 48
25 30 20
25 30 112
25 30 53
25 30 165
25 30 186
25 30 87
25 30 15
25 30 55
25 30 182
25 30 142
25 30 154
25 30 185
25 30 104
25 30 59
25 30 43
25 30 140
25 30 39
25 30 124
25 30 198
25 30 166
25 30 154
25 30 112
25 30 183
25 30 126
25 30 22
25 30 114
25 30 195
25 30 146
25 30 79
25 30 188
25 30 44
25 30 136
25 30 15
25 30 186
25 30 60
25 30 169
25 30 63
25 30 85
25 30 113
25 30 43
25 30 109
26 31 85
26 31 68
26 31 100
26 31 20
26 31 8
26 31 137
26 31 175
26 31 165
26 31 28
26 31 189
26 31 73
26 31 133
26 31 184
26 31 114
26 31 115
26 31 46
26 31 194
26 31 156
26 31 42
26 31 84
26 31 149
26 31 12
26 31 120
26 31 69
26 31 85
26 31 137
26 31 189
26 31 110
26 31 11
26 31 14
26 31 30
26 31 64
26 31 162
26 31 121
26 31 78
26 31 158
26 31 61
26 31 106
26 31 94
26 31 177
26 31 198
26 31 142
26 31 101
26 31 148
26 31 45
26 31 147
26 31 102
26 31 110
26 31 190
26 31 119
26 31 56
26 31 47
27 32 196
27 32 158
27 32 57
27 32 68
27 32 23
27 32 100
27 32 127
27 32 38
27 32 142
27 32 164
27 32 12
27 32 35
27 32 64
27 32 161
27 32 189
27 32 71
27 32 147
27 32 156
27 32 109
27 32 76
27 32 119
27 32 159
27 32 138
27 32 59
27 32 3
27 32 53
27 32 2
27 32 147
27 32 20
27 32 70
27 32 7
27 32 1
27 32 183
27 32 199
27 32 81
27 32 27
27 32 87
27 32 11
27 32 144
27 32 79
27 32 84
27 32 42
27 32 43
27 32 120
27 32 53
27 32 121
27 32 41
27 32 109
27 32 65
27 32 124
27 32 158
27 32 35
28 33 110
28 33 92
28 33 143
28 33 63
28 33 177
28 33 31
28 33 77
28 33 170
28 33 92
28 33 87
28 33 198
28 33 158
28 33 169
28 33 191
28 33 193
28 33 135
28 33 100
28 33 25
28 33 111
28 33 168
28 33 167
28 33 77
28 33 27
28 33 87
28 33 15
28 33 105
28 33 59
28 33 158
28 33 61
28 33 43
28 33 54
28 33 16
28 33 23
28 33 154
28 33 170
28 33 82
28 33 90
28 33 59
28 33 28
28 33 111
28 33 127
28 33 77
28 33 135
28 33 166
28 33 69
28 33 63
28 33 88
28 33 159
28 33 41
29 34 71
29 34 57
29 34 198
29 34 184
29 34 88
29 34 114
29 34 199
29 34 55
29 34 171
29 34 55
29 34 19
29 34 141
29 34 192
29 34 177
29 34 200
29 34 147
29 34 54
29 34 7
29 34 113
29 34 51
29 34 33
29 34 48
29 34 2
29 34 164
29 34 68
29 34 107
29 34 45
29 34 189
29 34 160
29 34 130
29 34 118
29 34 82
29 34 86
29 34 58
29 34 63
29 34 162
29 34 198
29 34 176
29 34 71
29 34 163
29 34 151
29 34 85
29 34 184
29 34 9
29 34 136
29 34 151
29 34 108
29 34 53
30 35 6
30 35 156
30 35 154
30 35 77
30 35 193
30 35 51
30 35 200
30 35 11
30 35 124
30 35 7
30 35 87
30 35 125
30 35 34
30 35 16
30 35 56
30 35 41
30 35 79
30 35 130
30 35 191
30 35 94
30 35 196
30 35 24
30 35 139
30 35 20
30 35 70
30 35 123
30 35 18
30 35 191
30 35 153
30 35 161
30 35 107
30 35 57
30 35 36
30 35 198
30 35 155
30 35 35
30 35 134
30 35 16
30 35 102
30 35 141
30 35 187
30 35 24
30 35 180
30 35 148
30 35 168
30 35 191
30 35 122
31 36 161
31 36 70
31 36 24
31 36 61
31 36 95
31 36 120
31 36 145
31 36 198
31 36 140
31 36 71
31 36 21
31 36 143
31 36 178
31 36 61
31 36 99
31 36 83
31 36 144
31 36 150
31 36 123
31 36 111
31 36 147
31 36 115
31 36 11
31 36 111
31 36 120
31 36 54
31 36 89
31 36 147
31 36 135
31 36 93
31 36 160
31 36 169
31 36 113
31 36 68
31 36 91
31 36 146
31 36 4
31 36 57
31 36 187
31 36 85
31 36 120
31 36 53
31 36 122
31 36 157
31 36 143
31 36 191
31 36 116
31 36 191
32 37 61
32 37 181
32 37 29
32 37 112
32 37 173
32 37 72
32 37 93
32 37 54
32 37 33
32 37 34
32 37 67
32 37 43
32 37 29
32 37 20
32 37 198
32 37 61
32 37 26
32 37 128
32 37 42
32 37 24
32 37 47
32 37 65
32 37 106
32 37 124
32 37 72
32 37 185
32 37 97
32 37 77
32 37 184
32 37 44
32 37 46
32 37 131
32 37 114
32 37 161
32 37 64
32 37 181
32 37 179
32 37 41
32 37 158
32 37 32
32 37 14
32 37 32
32 37 6
32 37 164
32 37 92
32 37 155
32 37 99
32 37 7
32 37 7
33 38 136
33 38 113
33 38 55
33 38 65
33 38 100
33 38 124
33 38 125
33 38 122
33 38 62
33 38 39
33 38 113
33 38 93
33 38 185
33 38 29
33 38 158
33 38 125
33 38 82
33 38 39
33 38 5
33 38 18
33 38 190
33 38 82
33 38 186
33 38 35
33 38 191
33 38 153
33 38 178
33 38 194
33 38 187
33 38 101
33 38 73
33 38 44
33 38 55
33 38 125
33 38 143
33 38 153
33 38 180
33 38 53
33 38 152
33 38 36
33 38 102
33 38 140
33 38 110
33 38 57
33 38 79
33 38 147
33 38 50
33 38 163
33 38 90
33 38 12
33 38 10
33 38 67
33 38 196
33 38 57
33 38 155
33 38 199
34 39 134
34 39 12
34 39 94
34 39 175
34 39 167
34 39 61
34 39 170
34 39 184
34 39 36
34 39 1
34 39 8
34 39 101
34 39 162
34 39 176
34 39 128
34 39 87
34 39 168
34 39 189
34 39 85
34 39 145
34 39 67
34 39 139
34 39 121
34 39 194
34 39 182
34 39 44
34 39 100
34 39 75
34 39 159
34 39 116
34 39 57
34 39 21
34 39 82
34 39 72
34 39 137
34 39 192
34 39 132
34 39 153
34 39 14
34 39 135
34 39 146
34 39 82
34 39 170
34 39 91
34 39 105
34 39 148
34 39 71
34 39 2
34 39 100
34 39 146
34 39 99
34 39 177
34 39 166
34 39 73
34 39 67
34 39 48
35 40 190
35 40 195
35 40 119
35 40 194
35 40 178
35 40 161
35 40 196
35 40 89
35 40 138
35 40 196
35 40 15
35 40 110
35 40 115
35 40 99
35 40 144
35 40 72
35 40 142
35 40 31
35 40 88
35 40 25
35 40 26
35 40 81
35 40 92
35 40 18
35 40 162
35 40 19
35 40 82
35 40 70
35 40 183
35 40 177
35 40 87
35 40 34
35 40 108
35 40 19
35 40 19
35 40 184
35 40 58
35 40 11
35 40 88
35 40 16
35 40 164
35 40 91
35 40 85
35 40 192
35 40 79
36 41 108
36 41 43
36 41 12
36 41 44
36 41 197
36 41 38
36 41 147
36 41 117
36 41 174
36 41 187
36 41 88
36 41 84
36 41 27
36 41 16
36 41 88
36 41 48
36 41 57
36 41 11
36 41 114
36 41 120
36 41 169
36 41 82
36 41 75
36 41 148
36 41 50
36 41 187
36 41 1
36 41 200
36 41 56
36 41 14
36 41 143
37 42 90
37 42 32
37 42 112
37 42 51
37 42 115
37 42 94
37 42 150
37 42 173
37 42 59
37 42 92
37 42 199
37 42 119
37 42 88
37 42 196
37 42 14
37 42 138
37 42 16
37 42 27
37 42 171
37 42 30
37 42 168
37 42 25
37 42 119
37 42 71
37 42 16
37 42 175
37 42 157
37 42 17
37 42 90
37 42 146
37 42 14
37 42 61
37 42 120
37 42 43
37 42 11
37 42 121
37 42 74
37 42 138
37 42 67
37 42 64
37 42 106
37 42 74
37 42 115
37 42 53
37 42 138
37 42 179
37 42 191
37 42 96
37 42 124
37 42 44
37 42 34
37 42 17
37 42 71
37 42 160
37 42 50
37 42 168
38 43 67
38 43 119
38 43 12
38 43 178
38 43 80
38 43 149
38 43 77
38 43 183
38 43 12
38 43 177
38 43 127
38 43 34
38 43 51
38 43 12
38 43 94
38 43 158
38 43 135
38 43 191
38 43 47
38 43 82
38 43 191
38 43 43
38 43 30
38 43 104
38 43 29
38 43 69
38 43 80
38 43 13
38 43 81
38 43 3
38 43 32
38 43 151
38 43 16
38 43 77
38 43 194
38 43 28
38 43 108
38 43 14
38 43 194
38 43 60
38 43 59
38 43 50
38 43 24
38 43 27
38 43 86
38 43 43
38 43 22
38 43 173
38 43 179
38 43 92
38 43 38
38 43 126
38 43 101
38 43 192
38 43 35
39 44 53
39 44 7
39 44 153
39 44 70
39 44 60
39 44 132
39 44 97
39 44 15
39 44 132
39 44 57
39 44 79
39 44 16
39 44 74
39 44 180
39 44 14
39 44 22
39 44 93
39 44 180
39 44 67
39 44 191
39 44 142
39 44 95
39 44 97
39 44 80
39 44 77
39 44 59
39 44 88
39 44 94
39 44 65
39 44 113
39 44 44
39 44 90
39 44 108
39 44 9
39 44 195
39 44 38
39 44 155
39 44 156
39 44 186
39 44 152
39 44 152
39 44 136
39 44 47
39 44 68
39 44 185
39 44 26
39 44 188
39 44 195
39 44 3
39 44 160
39 44 15
39 44 113
39 44 72
40 45 123
40 45 58
40 45 117
40 45 85
40 45 23
40 45 198
40 45 198
40 45 48
40 45 16
40 45 4
40 45 134
40 45 132
40 45 67
40 45 16
40 45 38
40 45 62
40 45 98
40 45 87
40 45 13
40 45 136
40 45 145
40 45 68
40 45 178
40 45 24
40 45 113
40 45 192
40 45 43
40 45 200
40 45 136
40 45 63
40 45 68
40 45 155
40 45 9
40 45 52
40 45 95
40 45 74
40 45 99
40 45 81
40 45 61
40 45 5
40 45 170
40 45 37
40 45 118
40 45 22
40 45 39
40 45 124
40 45 189
40 45 178
40 45 97
40 45 78
40 45 86
40 45 32
40 45 146
40 45 114
41 46 199
41 46 183
41 46 116
41 46 90
41 46 195
41 46 57
41 46 132
41 46 38
41 46 190
41 46 68
41 46 133
41 46 145
41 46 68
41 46 141
41 46 172
41 46 119
41 46 9
41 46 92
41 46 43
41 46 12
41 46 35
41 46 138
41 46 63
41 46 36
41 46 78
41 46 150
41 46 189
41 46 166
41 46 101
41 46 93
41 46 114
41 46 126
41 46 84
41 46 162
41 46 167
41 46 37
41 46 100
42 47 196
42 47 137
42 47 58
42 47 125
42 47 178
42 47 68
42 47 97
42 47 13
42 47 174
42 47 143
42 47 30
42 47 116
42 47 3
42 47 167
42 47 123
42 47 114
42 47 123
42 47 63
42 47 92
42 47 165
42 47 60
42 47 99
42 47 99
42 47 53
42 47 170
42 47 167
42 47 53
42 47 194
42 47 55
42 47 127
42 47 1
42 47 7
42 47 67
42 47 179
42 47 137
42 47 148
42 47 86
42 47 39
42 47 138
42 47 107
42 47 29
42 47 22
42 47 63
42 47 50
42 47 79
42 47 3
42 47 53
42 47 64
42 47 54
42 47 15
42 47 96
43 48 82
43 48 86
43 48 67
43 48 169
43 48 72
43 48 93
43 48 182
43 48 68
43 48 156
43 48 36
43 48 34
43 48 122
43 48 176
43 48 161
43 48 107
43 48 91
43 48 93
43 48 92
43 48 11
43 48 57
43 48 183
43 48 84
43 48 4
43 48 120
43 48 59
43 48 150
43 48 167
43 48 116
43 48 170
43 48 159
43 48 117
43 48 57
43 48 188
43 48 193
43 48 16
43 48 110
43 48 34
43 48 155
43 48 49
43 48 127
43 48 60
43 48 184
43 48 138
43 48 185
44 49 172
44 49 90
44 49 164
44 49 118
44 49 53
44 49 190
44 49 105
44 49 175
44 49 149
44 49 43
44 49 163
44 49 35
44 49 131
44 49 169
44 49 138
44 49 133
44 49 136
44 49 173
44 49 192
44 49 159
44 49 170
44 49 51
44 49 14
44 49 72
44 49 129
44 49 76
44 49 164
44 49 48
44 49 155
44 49 136
44 49 1
44 49 79
44 49 59
44 49 18
44 49 197
44 49 24
44 49 141
44 49 143
44 49 3
44 49 159
44 49 109
44 49 171
44 49 114
44 49 169
44 49 113
44 49 63
44 49 6
44 49 183
44 49 79
44 49 118
44 49 163
45 50 5
45 50 168
45 50 169
45 50 108
45 50 90
45 50 21
45 50 50
45 50 180
45 50 16
45 50 49
45 50 50
45 50 12
45 50 69
45 50 139
45 50 82
45 50 116
45 50 69
45 50 76
45 50 67
45 50 184
45 50 129
45 50 69
45 50 148
45 50 150
45 50 198
45 50 7
45 50 36
45 50 103
45 50 188
45 50 180
45 50 197
45 50 85
45 50 140
45 50 84
45 50 14
45 50 197
45 50 166
45 50 162
45 50 171
45 50 164
45 50 14
45 50 103
45 50 58
45 50 93
45 50 168
45 50 121
45 50 72
45 50 5
45 50 197
46 51 133
46 51 152
46 51 54
46 51 143
46 51 90
46 51 194
46 51 39
46 51 166
46 51 10
46 51 75
46 51 196
46 51 172
46 51 118
46 51 110
46 51 21
46 51 123
46 51 83
46 51 57
46 51 89
46 51 83
46 51 120
46 51 170
46 51 101
46 51 171
46 51 80
46 51 86
46 51 151
46 51 135
46 51 139
46 51 91
46 51 109
46 51 183
46 51 123
46 51 61
46 51 105
46 51 2
46 51 29
46 51 158
46 51 4
46 51 137
46 51 24
46 51 152
46 51 137
46 51 23
46 51 117
46 51 122
47 52 179
47 52 20
47 52 83
47 52 157
47 52 45
47 52 105
47 52 65
47 52 140
47 52 194
47 52 143
47 52 48
47 52 188
47 52 170
47 52 143
47 52 98
47 52 61
47 52 73
47 52 11
47 52 106
47 52 190
47 52 180
47 52 56
47 52 21
47 52 171
47 52 6
47 52 31
47 52 187
47 52 115
47 52 156
47 52 68
47 52 17
47 52 165
47 52 146
47 52 183
47 52 187
47 52 92
47 52 85
47 52 48
47 52 183
47 52 112
47 52 102
48 53 51
48 53 14
48 53 200
48 53 97
48 53 26
48 53 111
48 53 143
48 53 145
48 53 142
48 53 74
48 53 87
48 53 160
48 53 3
48 53 11
48 53 68
48 53 112
48 53 180
48 53 16
48 53 18
48 53 13
48 53 119
48 53 73
48 53 53
48 53 4
48 53 86
48 53 125
48 53 108
48 53 40
48 53 71
48 53 28
48 53 102
48 53 97
48 53 145
48 53 145
48 53 21
48 53 148
48 53 135
48 53 103
48 53 135
48 53 184
48 53 61
48 53 58
48 53 199
48 53 55
48 53 95
48 53 102
48 53 136
49 54 146
49 54 36
49 54 119
49 54 13
49 54 98
49 54 185
49 54 161
49 54 61
49 54 23
49 54 81
49 54 192
49 54 185
49 54 197
49 54 104
49 54 109
49 54 136
49 54 155
49 54 27
49 54 141
49 54 82
49 54 55
49 54 40
49 54 196
49 54 34
49 54 119
49 54 32
49 54 35
49 54 162
49 54 45
49 54 63
49 54 193
49 54 172
49 54 164
49 54 79
49 54 166
49 54 183
49 54 66
49 54 138
49 54 2
49 54 144
49 54 52
49 54 126
49 54 21
49 54 170
49 54 28
49 54 124
49 54 43
49 54 189
49 54 99
49 54 111
49 54 176
49 54 8
49 54 43
49 54 168
49 54 70
49 54 96
49 54 117
50 55 178
50 55 65
50 55 64
50 55 180
50 55 132
50 55 38
50 55 168
50 55 101
50 55 184
50 55 12
50 55 90
50 55 127
50 55 26
50 55 112
50 55 186
50 55 146
50 55 184
50 55 104
50 55 92
50 55 175
50 55 58
50 55 62
50 55 137
50 55 108
50 55 180
50 55 29
50 55 80
50 55 115
50 55 9
50 55 133
50 55 25
50 55 115
50 55 84
50 55 100
50 55 4
50 55 144
50 55 139
50 55 194
50 55 176
50 55 74
50 55 173
50 55 108
50 55 180
50 55 161
50 55 87
50 55 2
50 55 110
50 55 159
50 55 54
50 55 175
50 55 180
51 56 133
51 56 44
51 56 27
51 56 155
51 56 110
51 56 136
51 56 175
51 56 16
51 56 42
51 56 149
51 56 124
51 56 180
51 56 190
51 56 89
51 56 181
51 56 123
51 56 23
51 56 6
51 56 27
51 56 122
51 56 155
51 56 188
51 56 51
51 56 163
51 56 77
51 56 83
51 56 125
51 56 73
51 56 191
51 56 184
51 56 27
51 56 173
51 56 160
51 56 129
51 56 74
51 56 116
51 56 49
51 56 117
51 56 10
51 56 93
51 56 22
51 56 119
51 56 180
51 56 43
51 56 22
51 56 185
51 56 172
51 56 75
51 56 179
51 56 64
51 56 128
51 56 80
51 56 19
51 56 74
51 56 185
51 56 190
51 56 87
51 56 76
51 56 34
51 56 21
51 56 68
51 56 173
51 56 156
51 56 123
51 56 183
51 56 169
52 57 116
52 57 146
52 57 15
52 57 151
52 57 151
52 57 131
52 57 74
52 57 166
52 57 104
52 57 29
52 57 52
52 57 41
52 57 105
52 57 70
52 57 151
52 57 153
52 57 91
52 57 183
52 57 118
52 57 199
52 57 40
52 57 131
52 57 88
52 57 66
52 57 55
52 57 126
52 57 138
52 57 177
52 57 34
52 57 184
52 57 15
52 57 104
52 57 75
52 57 190
52 57 179
52 57 6
52 57 77
52 57 129
52 57 188
52 57 108
52 57 16
52 57 97
52 57 196
52 57 154
52 57 125
52 57 186
52 57 63
52 57 107
52 57 187
52 57 132
53 58 98
53 58 158
53 58 180
53 58 50
53 58 191
53 58 91
53 58 96
53 58 45
53 58 124
53 58 19
53 58 173
53 58 81
53 58 116
53 58 117
53 58 185
53 58 94
53 58 102
53 58 115
53 58 117
53 58 116
53 58 183
53 58 155
53 58 192
53 58 94
53 58 47
53 58 184
53 58 95
53 58 127
53 58 197
53 58 95
53 58 61
53 58 8
53 58 35
53 58 155
53 58 144
53 58 170
53 58 55
53 58 62
53 58 142
53 58 144
53 58 145
53 58 83
53 58 117
53 58 93
53 58 190
53 58 34
53 58 46
53 58 178
53 58 154
53 58 197
53 58 148
53 58 35
53 58 176
53 58 186
53 58 28
54 59 115
54 59 157
54 59 180
54 59 158
54 59 92
54 59 51
54 59 172
54 59 146
54 59 169
54 59 75
54 59 127
54 59 197
54 59 40
54 59 124
54 59 116
54 59 97
54 59 192
54 59 155
54 59 167
54 59 86
54 59 37
54 59 86
54 59 61
54 59 120
54 59 180
54 59 5
54 59 60
54 59 45
54 59 169
54 59 113
54 59 150
54 59 76
54 59 196
54 59 146
54 59 120
54 59 143
54 59 48
54 59 138
54 59 159
54 59 161
54 59 24
54 59 144
54 59 119
54 59 20
54 59 151
54 59 180
54 59 92
54 59 183
54 59 165
54 59 56
54 59 14
54 59 3
54 59 114
54 59 36
54 59 198
54 59 86
54 59 135
54 59 107
54 59 69
54 59 48
54 59 48
55 60 137
55 60 164
55 60 131
55 60 28
55 60 119
55 60 156
55 60 15
55 60 180
55 60 36
55 60 134
55 60 94
55 60 191
55 60 76
55 60 144
55 60 104
55 60 139
55 60 172
55 60 148
55 60 111
55 60 55
55 60 174
55 60 57
55 60 134
55 60 18
55 60 75
55 60 11
55 60 164
55 60 85
55 60 26
55 60 104
55 60 158
55 60 16
55 60 89
55 60 198
55 60 46
55 60 197
55 60 61
55 60 33
55 60 182
55 60 128
55 60 191
55 60 169
55 60 95
55 60 189
55 60 31
56 61 79
56 61 151
56 61 200
56 61 121
56 61 150
56 61 74
56 61 144
56 61 158
56 61 102
56 61 3
56 61 192
56 61 190
56 61 143
56 61 161
56 61 110
56 61 101
56 61 35
56 61 192
56 61 193
56 61 140
56 61 52
56 61 172
56 61 159
56 61 181
56 61 14
56 61 157
56 61 59
56 61 99
56 61 33
56 61 176
56 61 6
56 61 94
56 61 183
56 61 103
56 61 145
56 61 20
56 61 55
56 61 75
56 61 185
56 61 5
56 61 90
56 61 183
56 61 38
56 61 136
56 61 110
56 61 32
56 61 46
56 61 41
57 62 17
57 62 113
57 62 16
57 62 144
57 62 179
57 62 166
57 62 175
57 62 45
57 62 89
57 62 11
57 62 75
57 62 193
57 62 145
57 62 48
57 62 53
57 62 92
57 62 17
57 62 200
57 62 9
57 62 43
57 62 163
57 62 50
57 62 117
57 62 193
57 62 124
57 62 102
57 62 112
57 62 92
57 62 179
57 62 10
57 62 179
57 62 130
57 62 52
57 62 164
57 62 84
57 62 117
57 62 180
57 62 113
57 62 188
57 62 62
57 62 94
57 62 87
58 63 108
58 63 30
58 63 171
58 63 96
58 63 15
58 63 84
58 63 84
58 63 171
58 63 136
58 63 63
58 63 156
58 63 102
58 63 180
58 63 115
58 63 155
58 63 127
58 63 152
58 63 139
58 63 127
58 63 176
58 63 171
58 63 184
58 63 103
58 63 96
58 63 129
58 63 88
58 63 126
58 63 107
58 63 44
58 63 75
58 63 195
58 63 130
58 63 59
58 63 30
58 63 77
58 63 83
58 63 41
58 63 129
58 63 156
58 63 167
58 63 142
58 63 114
58 63 50
58 63 152
58 63 116
58 63 197
58 63 50
58 63 49
58 63 67
58 63 74
58 63 189
58 63 115
58 63 177
58 63 61
59 64 32
59 64 61
59 64 56
59 64 16
59 64 27
59 64 57
59 64 17
59 64 163
59 64 45
59 64 12
59 64 44
59 64 26
59 64 124
59 64 180
59 64 42
59 64 50
59 64 98
59 64 187
59 64 187
59 64 120
59 64 162
59 64 197
59 64 192
59 64 115
59 64 149
59 64 198
59 64 51
59 64 9
59 64 80
59 64 149
59 64 178
59 64 41
59 64 157
59 64 31
59 64 21
59 64 90
59 64 63
59 64 63
59 64 52
59 64 66
60 65 143
60 65 91
60 65 133
60 65 168
60 65 105
60 65 66
60 65 16
60 65 126
60 65 185
60 65 172
60 65 191
60 65 178
60 65 183
60 65 197
60 65 120
60 65 3
60 65 159
60 65 109
60 65 198
60 65 159
60 65 13
60 65 189
60 65 34
60 65 189
60 65 7
60 65 197
60 65 63
60 65 54
60 65 39
60 65 4
60 65 114
60 65 98
60 65 40
60 65 179
60 65 85
60 65 49
60 65 1
60 65 105
60 65 107
60 65 49
60 65 47
60 65 198
60 65 196
60 65 53
60 65 105
60 65 80
61 66 35
61 66 190
61 66 75
61 66 39
61 66 16
61 66 122
61 66 48
61 66 152
61 66 173
61 66 36
61 66 60
61 66 95
61 66 80
61 66 142
61 66 105
61 66 169
61 66 74
61 66 199
61 66 67
61 66 153
61 66 94
61 66 36
61 66 94
61 66 27
61 66 3
61 66 104
61 66 44
61 66 53
61 66 23
61 66 117
61 66 194
61 66 73
61 66 56
61 66 175
61 66 3
61 66 73
61 66 170
61 66 140
61 66 26
61 66 79
61 66 156
61 66 23
61 66 38
61 66 119
61 66 131
61 66 136
61 66 125
61 66 100
61 66 110
61 66 168
61 66 76
61 66 160
61 66 131
61 66 21
61 66 51
61 66 158
61 66 153
61 66 72
61 66 30
61 66 61
61 66 76
61 66 165
61 66 29
62 67 76
62 67 195
62 67 96
62 67 49
62 67 141
62 67 119
62 67 53
62 67 113
62 67 165
62 67 31
62 67 45
62 67 167
62 67 155
62 67 7
62 67 168
62 67 43
62 67 9
62 67 142
62 67 45
62 67 9
62 67 117
62 67 63
62 67 17
62 67 117
62 67 62
62 67 168
62 67 174
62 67 185
62 67 78
62 67 171
62 67 52
62 67 123
62 67 167
62 67 14
62 67 18
62 67 146
62 67 124
62 67 157
62 67 59
62 67 125
62 67 179
62 67 188
62 67 100
62 67 76
62 67 151
62 67 127
62 67 10
62 67 92
63 68 11
63 68 166
63 68 112
63 68 65
63 68 148
63 68 130
63 68 20
63 68 144
63 68 138
63 68 95
63 68 132
63 68 52
63 68 102
63 68 39
63 68 173
63 68 14
63 68 4
63 68 166
63 68 194
63 68 154
63 68 29
63 68 22
63 68 105
63 68 135
63 68 149
63 68 136
63 68 117
63 68 70
63 68 96
63 68 87
63 68 91
63 68 103
63 68 174
63 68 71
63 68 59
63 68 124
63 68 2
63 68 94
63 68 71
63 68 146
63 68 152
63 68 115
63 68 186
63 68 135
63 68 26
63 68 43
63 68 22
63 68 189
63 68 42
63 68 122
63 68 151
63 68 197
63 68 40
64 69 8
64 69 74
64 69 59
64 69 135
64 69 150
64 69 16
64 69 163
64 69 141
64 69 159
64 69 56
64 69 186
64 69 190
64 69 56
64 69 3
64 69 136
64 69 136
64 69 155
64 69 33
64 69 105
64 69 4
64 69 157
64 69 147
64 69 137
64 69 130
64 69 115
64 69 48
64 69 157
64 69 194
64 69 90
64 69 17
64 69 110
64 69 123
64 69 104
64 69 176
64 69 2
64 69 175
64 69 55
64 69 58
64 69 177
64 69 191
64 69 80
64 69 88
64 69 46
64 69 188
64 69 43
64 69 177
65 70 83
65 70 113
65 70 59
65 70 38
65 70 58
65 70 165
65 70 155
65 70 9
65 70 103
65 70 19
65 70 27
65 70 51
65 70 39
65 70 10
65 70 85
65 70 144
65 70 32
65 70 70
65 70 57
65 70 171
65 70 149
65 70 145
65 70 178
65 70 85
65 70 40
65 70 40
65 70 155
65 70 45
65 70 60
65 70 165
65 70 99
65 70 120
65 70 33
65 70 185
65 70 156
65 70 99
65 70 84
65 70 40
65 70 10
65 70 63
65 70 170
65 70 122
65 70 132
65 70 155
65 70 76
65 70 2
65 70 195
65 70 135
65 70 184
65 70 74
65 70 38
66 71 47
66 71 47
66 71 9
66 71 125
66 71 5
66 71 73
66 71 142
66 71 70
66 71 124
66 71 43
66 71 159
66 71 72
66 71 128
66 71 111
66 71 135
66 71 4
66 71 90
66 71 21
66 71 60
66 71 134
66 71 17
66 71 36
66 71 92
66 71 156
66 71 166
66 71 92
66 71 101
66 71 176
66 71 193
66 71 188
66 71 64
66 71 115
66 71 80
66 71 190
66 71 114
66 71 170
66 71 49
66 71 15
66 71 25
66 71 176
66 71 5
66 71 191
67 72 149
67 72 139
67 72 195
67 72 188
67 72 9
67 72 149
67 72 82
67 72 17
67 72 67
67 72 109
67 72 75
67 72 163
67 72 126
67 72 21
67 72 72
67 72 192
67 72 179
67 72 43
67 72 118
67 72 104
67 72 47
67 72 83
67 72 106
67 72 148
67 72 113
67 72 51
67 72 52
67 72 37
67 72 135
67 72 63
67 72 89
67 72 31
67 72 167
67 72 10
67 72 117
67 72 67
67 72 37
67 72 23
67 72 23
67 72 87
67 72 62
67 72 172
67 72 86
67 72 159
67 72 81
67 72 52
67 72 26
67 72 69
67 72 31
67 72 132
67 72 168
67 72 176
67 72 189
67 72 190
67 72 122
67 72 143
67 72 73
67 72 155
67 72 184
67 72 58
68 73 80
68 73 82
68 73 151
68 73 180
68 73 173
68 73 65
68 73 153
68 73 193
68 73 30
68 73 8
68 73 197
68 73 156
68 73 108
68 73 8
68 73 22
68 73 63
68 73 107
68 73 157
68 73 194
68 73 176
68 73 15
68 73 168
68 73 29
68 73 128
68 73 139
68 73 142
68 73 114
68 73 132
68 73 10
68 73 103
68 73 176
68 73 35
68 73 38
68 73 118
68 73 152
68 73 69
68 73 167
68 73 158
68 73 102
68 73 132
68 73 173
68 73 154
68 73 64
68 73 192
68 73 180
68 73 181
68 73 188
68 73 76
68 73 23
68 73 136
68 73 28
69 74 198
69 74 86
69 74 106
69 74 155
69 74 162
69 74 123
69 74 196
69 74 125
69 74 12
69 74 31
69 74 172
69 74 171
69 74 15
69 74 62
69 74 34
69 74 93
69 74 157
69 74 55
69 74 58
69 74 57
69 74 120
69 74 115
69 74 94
69 74 49
69 74 142
69 74 97
69 74 89
69 74 104
69 74 193
69 74 25
69 74 155
69 74 122
69 74 13
69 74 133
69 74 98
69 74 159
69 74 120
69 74 63
69 74 97
69 74 174
69 74 159
69 74 182
69 74 153
69 74 115
69 74 88
69 74 26
69 74 128
69 74 196
69 74 114
69 74 157
69 74 121
69 74 1
69 74 58
69 74 58
69 74 138
70 75 34
70 75 11
70 75 11
70 75 33
70 75 60
70 75 174
70 75 110
70 75 84
70 75 27
70 75 166
70 75 81
70 75 182
70 75 149
70 75 143
70 75 111
70 75 78
70 75 178
70 75 109
70 75 83
70 75 157
70 75 120
70 75 7
70 75 77
70 75 81
70 75 146
70 75 126
70 75 63
70 75 110
70 75 35
70 75 80
70 75 92
70 75 90
70 75 98
70 75 195
70 75 94
70 75 53
70 75 177
70 75 156
70 75 68
70 75 16
70 75 50
70 75 159
70 75 134
70 75 182
70 75 94
70 75 199
70 75 108
70 75 186
70 75 44
70 75 97
71 76 192
71 76 155
71 76 135
71 76 92
71 76 120
71 76 200
71 76 178
71 76 129
71 76 28
71 76 179
71 76 112
71 76 159
71 76 47
71 76 28
71 76 101
71 76 33
71 76 199
71 76 154
71 76 175
71 76 78
71 76 16
71 76 28
71 76 169
71 76 152
71 76 61
71 76 184
71 76 112
71 76 172
71 76 164
71 76 26
71 76 27
71 76 99
71 76 73
71 76 37
71 76 53
71 76 14
71 76 56
71 76 140
71 76 92
71 76 6
71 76 192
71 76 114
71 76 78
71 76 36
71 76 64
71 76 120
71 76 18
71 76 35
71 76 189
71 76 198
71 76 109
71 76 196
71 76 3
71 76 46
72 77 155
72 77 102
72 77 20
72 77 148
72 77 178
72 77 77
72 77 188
72 77 155
72 77 169
72 77 109
72 77 10
72 77 118
72 77 54
72 77 173
72 77 94
72 77 186
72 77 85
72 77 31
72 77 37
72 77 136
72 77 44
72 77 168
72 77 149
72 77 37
72 77 133
72 77 126
72 77 76
72 77 15
72 77 184
72 77 89
72 77 127
72 77 195
72 77 64
72 77 193
72 77 72
72 77 132
72 77 189
72 77 10
72 77 76
72 77 199
72 77 86
72 77 90
72 77 133
72 77 137
72 77 58
72 77 116
72 77 1
72 77 136
72 77 71
72 77 95
73 78 95
73 78 147
73 78 169
73 78 94
73 78 51
73 78 16
73 78 86
73 78 28
73 78 146
73 78 191
73 78 22
73 78 151
73 78 123
73 78 15
73 78 200
73 78 173
73 78 186
73 78 174
73 78 144
73 78 142
73 78 158
73 78 33
73 78 101
73 78 45
73 78 138
73 78 10
73 78 101
73 78 79
73 78 49
73 78 46
73 78 104
73 78 4
73 78 115
73 78 84
73 78 172
73 78 101
73 78 56
73 78 49
73 78 189
73 78 164
73 78 89
73 78 147
73 78 109
73 78 165
73 78 88
73 78 27
73 78 113
73 78 63
74 79 96
74 79 161
74 79 152
74 79 153
74 79 31
74 79 134
74 79 138
74 79 141
74 79 38
74 79 70
74 79 11
74 79 112
74 79 69
74 79 137
74 79 32
74 79 57
74 79 163
74 79 157
74 79 109
74 79 98
74 79 115
74 79 77
74 79 120
74 79 189
74 79 139
74 79 62
74 79 39
74 79 115
74 79 125
74 79 130
74 79 12
74 79 64
74 79 68
74 79 60
74 79 139
74 79 134
74 79 114
74 79 160
74 79 143
74 79 27
74 79 135
74 79 134
74 79 185
74 79 179
74 79 169
74 79 36
74 79 31
74 79 25
74 79 79
74 79 39
74 79 182
74 79 113
74 79 156
74 79 135
74 79 157
74 79 161
75 80 169
75 80 49
75 80 64
75 80 173
75 80 55
75 80 195
75 80 82
75 80 156
75 80 54
75 80 69
75 80 179
75 80 116
75 80 7
75 80 168
75 80 3
75 80 89
75 80 197
75 80 57
75 80 50
75 80 140
75 80 145
75 80 56
75 80 41
75 80 186
75 80 89
75 80 19
75 80 9
75 80 188
75 80 2
75 80 144
75 80 180
76 81 131
76 81 59
76 81 87
76 81 75
76 81 184
76 81 80
76 81 184
76 81 185
76 81 141
76 81 29
76 81 191
76 81 41
76 81 93
76 81 153
76 81 5
76 81 100
76 81 84
76 81 148
76 81 138
76 81 161
76 81 148
76 81 45
76 81 69
76 81 122
76 81 191
76 81 149
76 81 25
76 81 163
76 81 98
76 81 177
76 81 103
76 81 7
76 81 126
76 81 143
76 81 153
76 81 166
76 81 174
76 81 180
76 81 127
76 81 23
76 81 148
76 81 65
76 81 82
76 81 116
76 81 38
76 81 125
76 81 160
76 81 97
76 81 60
76 81 104
76 81 175
76 81 104
76 81 168
77 82 67
77 82 152
77 82 13
77 82 142
77 82 60
77 82 87
77 82 158
77 82 59
77 82 118
77 82 113
77 82 65
77 82 152
77 82 109
77 82 64
77 82 180
77 82 93
77 82 41
77 82 181
77 82 98
77 82 103
77 82 87
77 82 186
77 82 25
77 82 173
77 82 10
77 82 134
77 82 13
77 82 147
77 82 175
77 82 76
77 82 95
77 82 111
77 82 89
77 82 96
77 82 109
77 82 11
77 82 29
77 82 61
77 82 96
77 82 142
77 82 185
77 82 173
77 82 129
77 82 153
77 82 67
77 82 76
77 82 86
77 82 6
77 82 118
77 82 63
77 82 10
77 82 21
77 82 189
77 82 198
77 82 74
77 82 74
77 82 136
77 82 149
78 83 200
78 83 143
78 83 143
78 83 91
78 83 49
78 83 157
78 83 43
78 83 126
78 83 176
78 83 114
78 83 77
78 83 155
78 83 185
78 83 15
78 83 88
78 83 117
78 83 20
78 83 121
78 83 190
78 83 52
78 83 131
78 83 64
78 83 48
78 83 73
78 83 97
78 83 117
78 83 30
78 83 195
78 83 29
78 83 62
78 83 195
78 83 196
78 83 76
78 83 46
78 83 44
78 83 46
78 83 48
78 83 95
78 83 106
78 83 111
78 83 147
78 83 48
78 83 104
79 84 84
79 84 104
79 84 44
79 84 160
79 84 156
79 84 159
79 84 119
79 84 195
79 84 162
79 84 99
79 84 178
79 84 89
79 84 27
79 84 177
79 84 10
79 84 12
79 84 192
79 84 183
79 84 42
79 84 17
79 84 160
79 84 177
79 84 157
79 84 104
79 84 141
79 84 164
79 84 184
79 84 50
79 84 74
79 84 104
79 84 5
79 84 112
79 84 19
79 84 142
79 84 175
79 84 119
79 84 49
79 84 152
79 84 10
79 84 38
79 84 13
79 84 14
79 84 186
79 84 32
79 84 162
79 84 154
79 84 44
79 84 144
79 84 162
79 84 20
79 84 32
79 84 185
79 84 98
79 84 123
79 84 186
79 84 72
79 84 155
79 84 80
80 85 163
80 85 53
80 85 179
80 85 172
80 85 117
80 85 9
80 85 33
80 85 34
80 85 107
80 85 38
80 85 127
80 85 138
80 85 65
80 85 163
80 85 17
80 85 43
80 85 105
80 85 115
80 85 125
80 85 32
80 85 15
80 85 3
80 85 86
80 85 99
80 85 73
80 85 112
80 85 4
80 85 46
80 85 85
80 85 146
80 85 15
80 85 92
80 85 1
80 85 67
80 85 148
80 85 72
80 85 91
80 85 141
80 85 137
80 85 98
80 85 76
81 86 98
81 86 61
81 86 190
81 86 1
81 86 97
81 86 69
81 86 77
81 86 124
81 86 110
81 86 17
81 86 78
81 86 196
81 86 45
81 86 91
81 86 174
81 86 70
81 86 80
81 86 10
81 86 65
81 86 162
81 86 136
81 86 56
81 86 119
81 86 16
81 86 49
81 86 109
81 86 19
81 86 163
81 86 64
81 86 34
81 86 110
81 86 11
81 86 19
81 86 104
81 86 16
81 86 169
81 86 5
81 86 49
81 86 152
81 86 150
81 86 15
81 86 87
81 86 195
81 86 134
81 86 78
81 86 95
82 87 190
82 87 117
82 87 74
82 87 178
82 87 195
82 87 31
82 87 188
82 87 123
82 87 163
82 87 184
82 87 82
82 87 195
82 87 193
82 87 144
82 87 166
82 87 65
82 87 156
82 87 172
82 87 38
82 87 118
82 87 113
82 87 79
82 87 98
82 87 27
82 87 187
82 87 137
82 87 138
82 87 4
82 87 139
82 87 31
82 87 125
82 87 63
82 87 40
82 87 174
82 87 124
82 87 155
82 87 156
82 87 199
82 87 126
82 87 38
82 87 145
82 87 173
82 87 122
83 88 49
83 88 40
83 88 133
83 88 59
83 88 58
83 88 114
83 88 92
83 88 124
83 88 79
83 88 142
83 88 124
83 88 164
83 88 89
83 88 129
83 88 15
83 88 84
83 88 13
83 88 200
83 88 134
83 88 90
83 88 128
83 88 169
83 88 57
83 88 43
83 88 49
83 88 188
83 88 177
83 88 4
83 88 161
83 88 58
83 88 161
83 88 48
83 88 145
83 88 65
83 88 132
83 88 79
83 88 79
83 88 29
83 88 107
83 88 5
83 88 7
83 88 131
83 88 108
83 88 109
83 88 110
83 88 126
83 88 15
83 88 37
84 89 87
84 89 194
84 89 118
84 89 101
84 89 192
84 89 34
84 89 66
84 89 94
84 89 149
84 89 65
84 89 6
84 89 83
84 89 151
84 89 59
84 89 9
84 89 152
84 89 166
84 89 120
84 89 200
84 89 150
84 89 178
84 89 34
84 89 45
84 89 83
84 89 113
84 89 51
84 89 116
84 89 45
84 89 131
84 89 59
84 89 34
84 89 47
84 89 168
84 89 145
84 89 111
84 89 196
84 89 185
84 89 167
84 89 135
84 89 98
84 89 76
84 89 86
84 89 1
84 89 184
84 89 103
84 89 54
84 89 133
84 89 112
84 89 161
84 89 187
84 89 99
84 89 6
84 89 189
84 89 99
84 89 105
84 89 80
84 89 39
84 89 143
84 89 184
84 89 140
84 89 189
84 89 8
84 89 175
84 89 46
84 89 21
84 89 4
84 89 129
85 90 55
85 90 103
85 90 154
85 90 5
85 90 102
85 90 179
85 90 114
85 90 56
85 90 129
85 90 52
85 90 82
85 90 11
85 90 38
85 90 184
85 90 139
85 90 31
85 90 186
85 90 39
85 90 47
85 90 195
85 90 91
85 90 76
85 90 138
85 90 150
85 90 39
85 90 148
85 90 41
85 90 20
85 90 149
85 90 133
85 90 187
85 90 168
85 90 145
85 90 54
85 90 200
85 90 134
85 90 93
85 90 5
85 90 54
85 90 155
85 90 130
85 90 80
85 90 77
85 90 167
85 90 33
85 90 76
85 90 71
85 90 177
86 91 61
86 91 76
86 91 173
86 91 16
86 91 193
86 91 73
86 91 141
86 91 127
86 91 83
86 91 91
86 91 50
86 91 24
86 91 10
86 91 136
86 91 44
86 91 89
86 91 10
86 91 190
86 91 118
86 91 41
86 91 112
86 91 44
86 91 119
86 91 141
86 91 49
86 91 28
86 91 159
86 91 159
86 91 146
86 91 140
86 91 16
86 91 8
86 91 51
86 91 96
86 91 103
86 91 129
86 91 32
86 91 105
86 91 48
86 91 9
86 91 45
86 91 25
87 92 164
87 92 91
87 92 49
87 92 195
87 92 199
87 92 151
87 92 175
87 92 49
87 92 134
87 92 82
87 92 173
87 92 181
87 92 75
87 92 1
87 92 111
87 92 148
87 92 191
87 92 94
87 92 143
87 92 176
87 92 122
87 92 41
87 92 137
87 92 112
87 92 97
87 92 95
87 92 84
87 92 168
87 92 93
87 92 157
87 92 57
87 92 146
87 92 59
87 92 67
87 92 57
87 92 3
87 92 7
87 92 95
87 92 76
87 92 198
87 92 45
87 92 100
87 92 176
87 92 66
87 92 10
87 92 44
87 92 138
87 92 131
87 92 33
87 92 92
87 92 148
87 92 161
87 92 80
87 92 152
87 92 132
87 92 86
87 92 44
87 92 173
87 92 121
87 92 151
87 92 11
87 92 66
87 92 181
87 92 79
88 93 170
88 93 61
88 93 166
88 93 52
88 93 103
88 93 121
88 93 169
88 93 53
88 93 130
88 93 90
88 93 160
88 93 48
88 93 126
88 93 130
88 93 139
88 93 149
88 93 75
88 93 130
88 93 100
88 93 113
88 93 162
88 93 73
88 93 133
88 93 110
88 93 143
88 93 151
88 93 53
88 93 41
88 93 145
88 93 11
88 93 63
88 93 2
88 93 88
88 93 87
88 93 152
88 93 60
88 93 19
88 93 61
88 93 19
88 93 85
88 93 38
88 93 154
88 93 115
88 93 143
88 93 158
88 93 57
88 93 15
88 93 57
88 93 15
89 94 110
89 94 162
89 94 186
89 94 58
89 94 143
89 94 92
89 94 69
89 94 43
89 94 159
89 94 29
89 94 127
89 94 131
89 94 32
89 94 164
89 94 47
89 94 27
89 94 83
89 94 166
89 94 105
89 94 63
89 94 168
89 94 45
89 94 105
89 94 60
89 94 8
89 94 64
89 94 166
89 94 38
89 94 164
89 94 47
89 94 92
89 94 70
89 94 69
89 94 59
89 94 68
89 94 31
89 94 148
89 94 162
89 94 120
89 94 112
89 94 34
89 94 78
89 94 8
89 94 61
89 94 194
89 94 93
89 94 64
89 94 195
89 94 5
89 94 86
89 94 159
90 95 162
90 95 199
90 95 136
90 95 52
90 95 144
90 95 46
90 95 127
90 95 179
90 95 3
90 95 76
90 95 12
90 95 179
90 95 193
90 95 63
90 95 118
90 95 47
90 95 155
90 95 122
90 95 111
90 95 51
90 95 135
90 95 144
90 95 147
90 95 119
90 95 56
90 95 169
90 95 78
90 95 155
90 95 62
90 95 96
90 95 60
90 95 11
90 95 146
90 95 168
90 95 166
90 95 12
90 95 73
90 95 121
90 95 69
90 95 102
90 95 66
90 95 72
90 95 102
90 95 168
90 95 47
90 95 63
90 95 69
90 95 86
90 95 142
90 95 188
90 95 90
90 95 129
90 95 36
90 95 181
90 95 86
91 96 108
91 96 144
91 96 94
91 96 175
91 96 178
91 96 92
91 96 86
91 96 198
91 96 112
91 96 11
91 96 54
91 96 177
91 96 37
91 96 90
91 96 162
91 96 117
91 96 9
91 96 174
91 96 176
91 96 77
91 96 167
91 96 11
91 96 14
91 96 106
91 96 64
91 96 177
91 96 1
91 96 66
91 96 71
91 96 102
91 96 61
91 96 108
91 96 141
91 96 152
91 96 180
91 96 124
91 96 110
91 96 157
91 96 166
91 96 165
91 96 88
91 96 136
91 96 20
91 96 18
91 96 145
91 96 198
91 96 68
91 96 20
91 96 88
91 96 70
91 96 76
91 96 163
91 96 185
91 96 178
91 96 50
91 96 114
91 96 185
91 96 144
91 96 2
91 96 98
91 96 48
92 97 86
92 97 28
92 97 151
92 97 34
92 97 59
92 97 154
92 97 55
92 97 92
92 97 36
92 97 70
92 97 179
92 97 32
92 97 61
92 97 41
92 97 158
92 97 147
92 97 144
92 97 84
92 97 133
92 97 162
92 97 178
92 97 7
92 97 128
92 97 18
92 97 154
92 97 18
92 97 141
92 97 115
92 97 94
92 97 139
92 97 99
92 97 94
92 97 126
93 98 179
93 98 137
93 98 59
93 98 153
93 98 76
93 98 118
93 98 38
93 98 184
93 98 73
93 98 114
93 98 142
93 98 167
93 98 56
93 98 110
93 98 73
93 98 191
93 98 137
93 98 5
93 98 58
93 98 166
93 98 64
93 98 183
93 98 58
93 98 150
93 98 108
93 98 166
93 98 170
93 98 65
93 98 20
93 98 114
93 98 36
93 98 29
93 98 26
93 98 43
93 98 194
93 98 2
93 98 20
93 98 169
93 98 164
93 98 121
93 98 67
93 98 16
93 98 45
93 98 125
93 98 161
94 99 36
94 99 41
94 99 87
94 99 105
94 99 98
94 99 31
94 99 41
94 99 121
94 99 28
94 99 184
94 99 12
94 99 5
94 99 17
94 99 67
94 99 95
94 99 162
94 99 12
94 99 95
94 99 160
94 99 99
94 99 148
94 99 133
94 99 27
94 99 76
94 99 51
94 99 50
94 99 38
94 99 122
94 99 6
94 99 165
94 99 54
94 99 61
94 99 47
94 99 53
95 100 20
95 100 48
95 100 158
95 100 110
95 100 132
95 100 152
95 100 165
95 100 3
95 100 46
95 100 191
95 100 55
95 100 194
95 100 95
95 100 58
95 100 45
95 100 165
95 100 130
95 100 128
95 100 12
95 100 14
95 100 159
95 100 195
95 100 67
95 100 71
95 100 83
95 100 40
95 100 103
95 100 149
95 100 197
95 100 171
95 100 183
95 100 17
95 100 159
95 100 37
95 100 122
95 100 70
95 100 85
95 100 23
95 100 154
95 100 179
95 100 12
95 100 55
95 100 154
95 100 119
95 100 2
95 100 143
95 100 176
95 100 43
96 101 174
96 101 10
96 101 127
96 101 70
96 101 50
96 101 19
96 101 125
96 101 153
96 101 117
96 101 50
96 101 116
96 101 10
96 101 192
96 101 165
96 101 106
96 101 19
96 101 167
96 101 131
96 101 159
96 101 105
96 101 143
96 101 148
96 101 61
96 101 135
96 101 62
96 101 61
96 101 3
96 101 79
96 101 158
96 101 17
96 101 121
96 101 157
96 101 138
96 101 77
96 101 3
96 101 176
96 101 25
96 101 121
96 101 8
96 101 103
96 101 34
96 101 74
96 101 62
96 101 43
97 102 61
97 102 62
97 102 154
97 102 64
97 102 183
97 102 131
97 102 22
97 102 86
97 102 76
97 102 22
97 102 120
97 102 97
97 102 18
97 102 29
97 102 103
97 102 112
97 102 138
97 102 173
97 102 185
97 102 61
97 102 127
97 102 70
97 102 138
97 102 48
97 102 111
97 102 11
97 102 104
97 102 185
97 102 158
97 102 72
97 102 106
97 102 153
97 102 150
97 102 81
97 102 41
97 102 135
97 102 13
97 102 105
97 102 134
97 102 98
97 102 8
97 102 31
97 102 126
97 102 67
97 102 92
97 102 15
97 102 46
97 102 61
97 102 11
97 102 19
98 103 31
98 103 84
98 103 163
98 103 109
98 103 60
98 103 123
98 103 26
98 103 59
98 103 52
98 103 194
98 103 55
98 103 56
98 103 183
98 103 124
98 103 186
98 103 113
98 103 55
98 103 67
98 103 65
98 103 123
98 103 38
98 103 17
98 103 185
98 103 20
98 103 48
98 103 174
98 103 125
98 103 116
98 103 121
98 103 183
98 103 96
98 103 138
98 103 47
98 103 193
98 103 92
98 103 168
98 103 127
98 103 35
98 103 151
98 103 71
98 103 155
98 103 35
98 103 161
98 103 92
98 103 24
98 103 185
98 103 2
99 104 52
99 104 25
99 104 154
99 104 128
99 104 138
99 104 4
99 104 58
99 104 112
99 104 75
99 104 158
99 104 103
99 104 92
99 104 38
99 104 54
99 104 182
99 104 82
99 104 112
99 104 90
99 104 171
99 104 91
99 104 70
99 104 176
99 104 162
99 104 160
99 104 138
99 104 75
99 104 79
99 104 45
99 104 155
99 104 131
99 104 90
99 104 80
99 104 122
99 104 127
99 104 134
99 104 29
99 104 37
99 104 81
99 104 121
99 104 158
99 104 113
99 104 102
99 104 173
99 104 187
99 104 21
99 104 150
99 104 125
99 104 40
99 104 8
99 104 149
99 104 66
99 104 60
99 104 159
99 104 11
99 104 97
99 104 177
99 104 140
99 104 48
99 104 127
99 104 49
100 105 135
100 105 47
100 105 140
100 105 8
100 105 185
100 105 72
100 105 193
100 105 22
100 105 128
100 105 178
100 105 51
100 105 40
100 105 56
100 105 160
100 105 26
100 105 161
100 105 4
100 105 112
100 105 191
100 105 93
100 105 83
100 105 6
100 105 17
100 105 81
100 105 175
100 105 14
100 105 87
100 105 66
100 105 104
100 105 179
100 105 189
100 105 52
100 105 44
100 105 53
100 105 87
100 105 86
100 105 3
100 105 129
100 105 22
100 105 52
100 105 12
100 105 150
100 105 149
100 105 30
100 105 113
100 105 124
100 105 192
100 105 131
100 105 118
