5000 127117
1 6 56
1 6 91
1 6 8
1 6 53
1 6 49
1 6 99
1 6 79
1 6 48
1 6 61
1 6 84
1 6 5
1 6 69
1 6 63
1 6 15
1 6 55
1 6 33
1 6 61
1 6 39
1 6 57
1 6 31
1 6 27
1 6 90
1 6 41
1 6 8
1 6 60
1 6 66
1 6 64
1 6 49
1 6 17
1 6 30
1 6 76
1 6 98
1 6 75
1 6 28
1 6 81
1 6 96
1 6 10
1 6 80
1 6 42
1 6 20
1 6 61
1 6 54
1 6 95
1 6 28
1 6 29
1 6 90
1 6 17
1 6 50
1 6 57
1 6 63
1 6 87
1 6 89
2 7 89
2 7 74
2 7 86
2 7 34
2 7 97
2 7 3
2 7 14
2 7 72
2 7 50
2 7 55
2 7 54
2 7 59
2 7 76
2 7 48
2 7 93
2 7 50
2 7 21
2 7 44
2 7 63
2 7 7
2 7 31
2 7 87
2 7 91
2 7 64
2 7 86
2 7 50
2 7 14
2 7 38
2 7 68
2 7 28
2 7 41
2 7 16
2 7 43
2 7 82
2 7 16
2 7 11
2 7 70
2 7 2
2 7 46
2 7 42
2 7 79
2 7 18
2 7 86
2 7 65
3 8 22
3 8 56
3 8 54
3 8 50
3 8 91
3 8 94
3 8 16
3 8 15
3 8 96
3 8 88
3 8 10
3 8 29
3 8 99
3 8 43
3 8 11
3 8 83
3 8 13
3 8 92
3 8 75
3 8 30
3 8 94
3 8 30
3 8 57
3 8 75
3 8 9
3 8 60
3 8 4
3 8 77
3 8 35
3 8 99
3 8 18
3 8 35
3 8 19
3 8 84
3 8 3
3 8 62
3 8 3
3 8 39
3 8 48
3 8 78
3 8 55
3 8 25
3 8 11
3 8 43
3 8 37
3 8 8
3 8 12
3 8 99
3 8 13
3 8 99
3 8 90
4 9 45
4 9 14
4 9 45
4 9 40
4 9 65
4 9 83
4 9 37
4 9 72
4 9 46
4 9 25
4 9 20
4 9 64
4 9 60
4 9 83
4 9 17
4 9 7
4 9 94
4 9 80
4 9 26
4 9 53
4 9 70
4 9 68
4 9 72
4 9 44
4 9 2
4 9 97
4 9 52
4 9 48
4 9 10
4 9 18
4 9 89
4 9 97
4 9 83
4 9 24
4 9 52
4 9 93
4 9 25
4 9 32
4 9 8
4 9 76
4 9 7
4 9 11
4 9 45
4 9 15
4 9 45
4 9 89
4 9 95
5 10 7
5 10 58
5 10 39
5 10 80
5 10 11
5 10 100
5 10 83
5 10 66
5 10 6
5 10 72
5 10 21
5 10 71
5 10 57
5 10 32
5 10 43
5 10 48
5 10 78
5 10 54
5 10 52
5 10 42
5 10 90
5 10 48
5 10 44
5 10 53
5 10 19
5 10 93
5 10 11
5 10 73
5 10 3
5 10 47
5 10 11
5 10 5
5 10 77
5 10 78
5 10 3
5 10 70
5 10 44
5 10 8
5 10 30
5 10 31
5 10 29
5 10 92
5 10 26
5 10 71
5 10 95
6 11 98
6 11 20
6 11 89
6 11 37
6 11 72
6 11 51
6 11 82
6 11 83
6 11 13
6 11 65
6 11 94
6 11 15
6 11 90
6 11 19
6 11 21
6 11 27
6 11 10
6 11 5
6 11 22
6 11 73
6 11 98
6 11 68
6 11 60
6 11 3
6 11 56
6 11 60
6 11 66
6 11 6
6 11 80
6 11 17
6 11 65
6 11 67
6 11 31
6 11 92
6 11 72
6 11 36
6 11 34
6 11 22
6 11 79
6 11 71
6 11 31
6 11 97
6 11 48
6 11 34
6 11 81
6 11 16
6 11 81
6 11 81
6 11 8
6 11 75
6 11 39
6 11 32
7 12 52
7 12 80
7 12 10
7 12 69
7 12 84
7 12 36
7 12 96
7 12 13
7 12 4
7 12 7
7 12 18
7 12 20
7 12 91
7 12 21
7 12 48
7 12 47
7 12 97
7 12 17
7 12 97
7 12 65
7 12 95
7 12 32
7 12 1
7 12 36
7 12 81
7 12 9
7 12 73
7 12 48
7 12 50
7 12 51
7 12 48
7 12 37
7 12 64
7 12 6
7 12 75
7 12 18
7 12 90
7 12 43
7 12 46
7 12 47
7 12 5
7 12 13
7 12 54
7 12 75
7 12 78
8 13 57
8 13 12
8 13 13
8 13 67
8 13 6
8 13 48
8 13 82
8 13 57
8 13 100
8 13 2
8 13 75
8 13 97
8 13 46
8 13 9
8 13 96
8 13 36
8 13 81
8 13 3
8 13 56
8 13 19
8 13 70
8 13 56
8 13 54
8 13 46
8 13 49
8 13 30
8 13 25
8 13 75
8 13 40
8 13 66
8 13 6
8 13 15
8 13 41
8 13 81
8 13 24
8 13 71
8 13 59
8 13 89
8 13 42
8 13 60
8 13 53
8 13 72
8 13 59
8 13 45
8 13 3
8 13 20
8 13 63
8 13 56
9 14 62
9 14 21
9 14 11
9 14 97
9 14 28
9 14 36
9 14 78
9 14 60
9 14 82
9 14 57
9 14 85
9 14 37
9 14 57
9 14 40
9 14 78
9 14 34
9 14 67
9 14 38
9 14 86
9 14 50
9 14 63
9 14 9
9 14 23
9 14 28
9 14 93
9 14 58
9 14 71
9 14 2
9 14 24
9 14 100
9 14 2
9 14 14
9 14 26
9 14 75
9 14 82
9 14 91
9 14 23
9 14 24
9 14 87
9 14 14
9 14 5
9 14 69
9 14 54
9 14 54
9 14 48
9 14 57
9 14 8
9 14 65
9 14 37
9 14 63
9 14 79
9 14 2
9 14 53
9 14 89
9 14 92
10 15 47
10 15 89
10 15 62
10 15 72
10 15 57
10 15 88
10 15 57
10 15 38
10 15 49
10 15 75
10 15 69
10 15 9
10 15 23
10 15 52
10 15 11
10 15 4
10 15 90
10 15 35
10 15 13
10 15 86
10 15 32
10 15 83
10 15 98
10 15 73
10 15 73
10 15 16
10 15 16
10 15 82
10 15 34
10 15 98
10 15 81
10 15 42
10 15 40
10 15 78
10 15 32
10 15 42
10 15 73
10 15 48
10 15 42
10 15 52
10 15 54
11 16 73
11 16 34
11 16 96
11 16 49
11 16 92
11 16 40
11 16 91
11 16 77
11 16 88
11 16 49
11 16 75
11 16 59
11 16 74
11 16 14
11 16 8
11 16 28
11 16 15
11 16 61
11 16 27
11 16 67
11 16 11
11 16 75
11 16 13
11 16 74
11 16 58
11 16 94
11 16 34
11 16 40
11 16 35
11 16 22
11 16 36
11 16 19
11 16 51
11 16 34
11 16 72
11 16 20
11 16 85
11 16 43
11 16 67
11 16 17
11 16 52
11 16 29
11 16 34
11 16 32
11 16 92
11 16 58
11 16 69
11 16 94
11 16 54
11 16 67
11 16 100
11 16 6
11 16 66
11 16 83
11 16 91
11 16 72
11 16 49
11 16 19
12 17 59
12 17 80
12 17 23
12 17 17
12 17 62
12 17 87
12 17 19
12 17 95
12 17 95
12 17 28
12 17 30
12 17 74
12 17 54
12 17 100
12 17 47
12 17 62
12 17 48
12 17 98
12 17 52
12 17 14
12 17 19
12 17 29
12 17 34
12 17 3
12 17 65
12 17 23
12 17 13
12 17 75
12 17 70
12 17 18
12 17 73
12 17 56
12 17 97
12 17 57
12 17 68
12 17 45
12 17 64
12 17 98
12 17 85
12 17 68
12 17 90
12 17 59
12 17 91
12 17 54
13 18 42
13 18 42
13 18 8
13 18 89
13 18 39
13 18 79
13 18 42
13 18 9
13 18 67
13 18 96
13 18 82
13 18 95
13 18 97
13 18 10
13 18 1
13 18 60
13 18 45
13 18 33
13 18 72
13 18 96
13 18 76
13 18 27
13 18 13
13 18 77
13 18 54
13 18 55
13 18 98
13 18 66
13 18 68
13 18 9
13 18 32
13 18 73
13 18 16
13 18 82
13 18 11
13 18 58
13 18 63
13 18 11
13 18 84
13 18 55
13 18 53
13 18 82
13 18 83
13 18 26
13 18 98
13 18 59
13 18 17
13 18 7
13 18 17
13 18 97
13 18 68
13 18 39
13 18 23
13 18 75
13 18 15
13 18 89
13 18 27
13 18 42
13 18 60
13 18 23
13 18 30
13 18 97
13 18 65
14 19 69
14 19 65
14 19 25
14 19 22
14 19 19
14 19 98
14 19 51
14 19 68
14 19 25
14 19 82
14 19 71
14 19 53
14 19 30
14 19 55
14 19 72
14 19 89
14 19 38
14 19 34
14 19 22
14 19 22
14 19 92
14 19 88
14 19 27
14 19 56
14 19 46
14 19 74
14 19 10
14 19 4
14 19 84
14 19 23
14 19 43
14 19 2
14 19 69
14 19 39
14 19 51
14 19 87
14 19 100
14 19 45
14 19 6
14 19 89
14 19 25
14 19 94
14 19 70
14 19 70
14 19 62
14 19 53
14 19 34
14 19 3
14 19 93
14 19 68
14 19 87
14 19 69
14 19 57
15 20 17
15 20 21
15 20 9
15 20 19
15 20 81
15 20 71
15 20 25
15 20 50
15 20 53
15 20 90
15 20 16
15 20 84
15 20 10
15 20 19
15 20 32
15 20 27
15 20 93
15 20 69
15 20 8
15 20 52
15 20 30
15 20 69
15 20 54
15 20 30
15 20 38
15 20 95
15 20 14
15 20 12
15 20 33
15 20 90
15 20 93
15 20 13
16 21 52
16 21 4
16 21 48
16 21 95
16 21 7
16 21 65
16 21 85
16 21 2
16 21 70
16 21 96
16 21 62
16 21 64
16 21 84
16 21 2
16 21 52
16 21 22
16 21 66
16 21 47
16 21 43
16 21 45
16 21 63
16 21 17
16 21 27
16 21 55
16 21 86
16 21 73
16 21 71
16 21 90
16 21 20
16 21 99
16 21 28
16 21 6
16 21 74
16 21 98
16 21 52
16 21 47
16 21 43
16 21 5
16 21 22
16 21 31
16 21 12
16 21 57
16 21 12
16 21 97
16 21 49
16 21 28
16 21 92
16 21 58
16 21 54
16 21 64
16 21 8
16 21 51
16 21 68
16 21 82
16 21 81
16 21 91
16 21 42
16 21 100
17 22 91
17 22 50
17 22 74
17 22 15
17 22 34
17 22 70
17 22 10
17 22 87
17 22 47
17 22 42
17 22 45
17 22 6
17 22 24
17 22 25
17 22 69
17 22 67
17 22 15
17 22 52
17 22 24
17 22 97
17 22 6
17 22 99
17 22 1
17 22 72
17 22 71
17 22 1
17 22 64
17 22 59
17 22 50
17 22 58
17 22 2
17 22 42
17 22 36
17 22 66
17 22 79
17 22 73
17 22 15
17 22 51
17 22 14
17 22 30
17 22 26
17 22 21
17 22 94
17 22 33
17 22 86
18 23 32
18 23 44
18 23 70
18 23 22
18 23 33
18 23 10
18 23 85
18 23 90
18 23 33
18 23 23
18 23 24
18 23 12
18 23 97
18 23 50
18 23 88
18 23 50
18 23 94
18 23 90
18 23 38
18 23 2
18 23 9
18 23 39
18 23 28
18 23 43
18 23 100
18 23 74
18 23 10
18 23 54
18 23 63
18 23 77
18 23 91
18 23 5
18 23 19
18 23 76
18 23 10
18 23 22
18 23 98
18 23 10
18 23 82
18 23 92
18 23 21
18 23 19
18 23 58
18 23 3
18 23 98
18 23 70
18 23 82
18 23 55
18 23 53
19 24 56
19 24 81
19 24 83
19 24 38
19 24 82
19 24 51
19 24 57
19 24 15
19 24 53
19 24 8
19 24 5
19 24 2
19 24 8
19 24 62
19 24 87
19 24 20
19 24 49
19 24 86
19 24 74
19 24 96
19 24 92
19 24 78
19 24 98
19 24 10
19 24 36
19 24 72
19 24 89
19 24 21
19 24 78
19 24 23
19 24 17
19 24 9
19 24 28
19 24 51
19 24 83
19 24 63
19 24 74
19 24 4
19 24 87
19 24 57
19 24 90
19 24 84
19 24 52
19 24 39
19 24 14
19 24 22
19 24 84
19 24 93
19 24 48
19 24 4
19 24 9
19 24 70
19 24 52
20 25 31
20 25 70
20 25 35
20 25 77
20 25 59
20 25 51
20 25 1
20 25 13
20 25 32
20 25 3
20 25 71
20 25 70
20 25 96
20 25 1
20 25 80
20 25 27
20 25 100
20 25 32
20 25 92
20 25 23
20 25 100
20 25 57
20 25 98
20 25 25
20 25 58
20 25 36
20 25 14
20 25 79
20 25 52
20 25 22
20 25 83
20 25 36
20 25 65
20 25 56
20 25 54
20 25 10
20 25 84
20 25 16
20 25 53
20 25 3
20 25 76
20 25 97
20 25 18
20 25 57
20 25 61
20 25 46
20 25 10
20 25 24
20 25 89
20 25 15
20 25 28
21 26 57
21 26 73
21 26 14
21 26 40
21 26 97
21 26 28
21 26 69
21 26 54
21 26 29
21 26 74
21 26 92
21 26 15
21 26 71
21 26 62
21 26 8
21 26 4
21 26 1
21 26 89
21 26 34
21 26 98
21 26 71
21 26 44
21 26 67
21 26 3
21 26 49
21 26 10
21 26 48
21 26 100
21 26 96
21 26 30
21 26 65
21 26 39
21 26 96
21 26 32
21 26 100
21 26 2
21 26 37
21 26 12
21 26 17
21 26 61
21 26 92
21 26 94
21 26 50
21 26 66
21 26 64
21 26 49
22 27 72
22 27 63
22 27 45
22 27 42
22 27 23
22 27 34
22 27 17
22 27 41
22 27 86
22 27 7
22 27 68
22 27 21
22 27 99
22 27 76
22 27 100
22 27 13
22 27 29
22 27 9
22 27 7
22 27 64
22 27 87
22 27 54
22 27 93
22 27 4
22 27 7
22 27 54
22 27 25
22 27 43
22 27 31
22 27 35
22 27 78
22 27 15
22 27 68
22 27 80
22 27 51
22 27 64
22 27 85
22 27 32
22 27 38
23 28 29
23 28 49
23 28 3
23 28 36
23 28 62
23 28 13
23 28 9
23 28 98
23 28 83
23 28 63
23 28 32
23 28 47
23 28 80
23 28 7
23 28 60
23 28 88
23 28 65
23 28 51
23 28 46
23 28 66
23 28 42
23 28 69
23 28 34
23 28 29
23 28 83
23 28 32
23 28 66
23 28 48
23 28 42
23 28 74
23 28 11
23 28 55
23 28 20
23 28 78
23 28 77
23 28 89
23 28 19
23 28 75
23 28 74
23 28 44
24 29 37
24 29 94
24 29 69
24 29 72
24 29 32
24 29 5
24 29 39
24 29 41
24 29 66
24 29 60
24 29 71
24 29 90
24 29 48
24 29 5
24 29 98
24 29 6
24 29 56
24 29 36
24 29 32
24 29 85
24 29 31
24 29 34
24 29 53
24 29 69
24 29 83
24 29 27
24 29 53
24 29 59
24 29 42
24 29 4
24 29 30
24 29 99
24 29 29
24 29 95
24 29 91
24 29 75
24 29 44
24 29 30
24 29 9
24 29 18
24 29 29
24 29 62
24 29 14
24 29 72
24 29 94
24 29 79
24 29 2
24 29 65
24 29 54
24 29 89
24 29 15
24 29 4
24 29 100
24 29 94
24 29 53
24 29 53
25 30 1
25 30 94
25 30 24
25 30 40
25 30 77
25 30 88
25 30 7
25 30 18
25 30 18
25 30 17
25 30 79
25 30 76
25 30 46
25 30 29
25 30 76
25 30 72
25 30 39
25 30 59
25 30 41
25 30 22
25 30 85
25 30 56
25 30 68
25 30 28
25 30 62
25 30 18
25 30 51
25 30 21
25 30 91
25 30 81
25 30 34
25 30 35
25 30 94
25 30 34
25 30 78
25 30 48
25 30 72
25 30 8
25 30 11
25 30 93
25 30 71
25 30 11
25 30 69
25 30 11
25 30 35
25 30 41
25 30 23
25 30 4
26 31 24
26 31 21
26 31 50
26 31 96
26 31 95
26 31 64
26 31 38
26 31 30
26 31 11
26 31 82
26 31 21
26 31 77
26 31 11
26 31 71
26 31 50
26 31 88
26 31 49
26 31 50
26 31 8
26 31 77
26 31 45
26 31 49
26 31 11
26 31 47
26 31 20
26 31 2
26 31 25
26 31 8
26 31 74
26 31 28
26 31 76
26 31 49
26 31 73
26 31 93
26 31 66
26 31 10
26 31 6
26 31 40
26 31 61
26 31 30
26 31 72
26 31 34
26 31 19
26 31 92
26 31 21
26 31 96
27 32 17
27 32 64
27 32 65
27 32 77
27 32 83
27 32 71
27 32 11
27 32 55
27 32 34
27 32 96
27 32 78
27 32 69
27 32 60
27 32 99
27 32 14
27 32 91
27 32 86
27 32 83
27 32 34
27 32 46
27 32 16
27 32 61
27 32 36
27 32 70
27 32 34
27 32 84
27 32 68
27 32 61
27 32 1
27 32 24
27 32 36
27 32 44
27 32 28
27 32 37
27 32 22
27 32 41
27 32 95
27 32 19
27 32 1
27 32 67
27 32 21
27 32 6
27 32 81
27 32 65
27 32 3
27 32 32
27 32 68
27 32 98
27 32 93
27 32 47
27 32 97
27 32 8
28 33 51
28 33 81
28 33 43
28 33 70
28 33 24
28 33 73
28 33 45
28 33 54
28 33 33
28 33 72
28 33 46
28 33 17
28 33 5
28 33 74
28 33 65
28 33 93
28 33 95
28 33 55
28 33 6
28 33 28
28 33 68
28 33 5
28 33 50
28 33 49
28 33 17
28 33 26
28 33 1
28 33 36
28 33 20
28 33 31
28 33 26
28 33 91
28 33 100
28 33 62
28 33 69
28 33 21
28 33 87
28 33 95
28 33 91
28 33 25
28 33 40
28 33 91
28 33 57
28 33 20
28 33 28
28 33 23
28 33 12
28 33 17
28 33 20
28 33 36
28 33 98
28 33 25
28 33 56
28 33 53
29 34 47
29 34 65
29 34 44
29 34 93
29 34 82
29 34 22
29 34 75
29 34 93
29 34 42
29 34 53
29 34 94
29 34 47
29 34 51
29 34 43
29 34 74
29 34 99
29 34 17
29 34 10
29 34 48
29 34 33
29 34 30
29 34 6
29 34 56
29 34 62
29 34 38
29 34 72
29 34 14
29 34 36
29 34 69
29 34 48
29 34 65
29 34 7
29 34 68
29 34 57
29 34 1
29 34 62
29 34 69
29 34 20
29 34 85
29 34 29
29 34 89
29 34 45
29 34 62
29 34 98
29 34 1
29 34 87
29 34 14
29 34 74
29 34 38
29 34 74
29 34 46
30 35 83
30 35 1
30 35 5
30 35 71
30 35 75
30 35 31
30 35 87
30 35 41
30 35 14
30 35 72
30 35 39
30 35 97
30 35 38
30 35 84
30 35 24
30 35 83
30 35 35
30 35 89
30 35 28
30 35 36
30 35 3
30 35 91
30 35 66
30 35 94
30 35 51
30 35 18
30 35 15
30 35 2
30 35 36
30 35 80
30 35 22
30 35 18
30 35 67
30 35 62
30 35 63
30 35 23
30 35 12
30 35 51
30 35 19
30 35 2
30 35 4
30 35 27
30 35 72
30 35 21
30 35 74
30 35 49
30 35 85
30 35 6
30 35 91
31 36 82
31 36 52
31 36 64
31 36 80
31 36 42
31 36 89
31 36 64
31 36 64
31 36 34
31 36 8
31 36 35
31 36 43
31 36 14
31 36 99
31 36 80
31 36 72
31 36 64
31 36 68
31 36 86
31 36 22
31 36 29
31 36 33
31 36 72
31 36 40
31 36 92
31 36 27
31 36 77
31 36 54
31 36 10
31 36 51
31 36 92
31 36 80
31 36 90
31 36 60
31 36 71
31 36 5
31 36 40
31 36 10
31 36 76
31 36 69
31 36 62
31 36 43
31 36 56
31 36 46
31 36 42
31 36 39
31 36 89
31 36 19
31 36 15
31 36 14
31 36 51
31 36 25
31 36 69
32 37 40
32 37 27
32 37 20
32 37 80
32 37 66
32 37 51
32 37 5
32 37 94
32 37 22
32 37 94
32 37 84
32 37 71
32 37 47
32 37 74
32 37 93
32 37 60
32 37 72
32 37 5
32 37 18
32 37 76
32 37 81
32 37 64
32 37 95
32 37 13
32 37 13
32 37 53
32 37 78
32 37 19
32 37 23
32 37 45
32 37 30
32 37 12
32 37 100
32 37 56
32 37 93
32 37 77
32 37 65
32 37 23
32 37 20
32 37 13
32 37 61
32 37 45
32 37 38
32 37 59
32 37 39
32 37 58
32 37 1
32 37 7
32 37 10
33 38 4
33 38 84
33 38 27
33 38 83
33 38 90
33 38 43
33 38 50
33 38 98
33 38 22
33 38 42
33 38 91
33 38 56
33 38 42
33 38 29
33 38 89
33 38 95
33 38 76
33 38 22
33 38 86
33 38 65
33 38 62
33 38 74
33 38 23
33 38 46
33 38 8
33 38 30
33 38 15
33 38 21
33 38 4
33 38 87
33 38 93
33 38 8
33 38 84
33 38 29
33 38 81
33 38 4
33 38 7
33 38 13
33 38 34
33 38 97
33 38 94
33 38 100
33 38 5
33 38 76
33 38 6
33 38 99
33 38 47
33 38 34
33 38 96
33 38 41
33 38 14
33 38 57
33 38 15
33 38 45
33 38 63
33 38 77
33 38 100
33 38 23
33 38 76
34 39 75
34 39 83
34 39 43
34 39 74
34 39 86
34 39 7
34 39 24
34 39 49
34 39 76
34 39 81
34 39 41
34 39 8
34 39 24
34 39 6
34 39 33
34 39 8
34 39 100
34 39 15
34 39 66
34 39 13
34 39 93
34 39 40
34 39 99
34 39 30
34 39 55
34 39 12
34 39 96
34 39 86
34 39 63
34 39 97
34 39 88
34 39 84
34 39 86
34 39 80
34 39 89
34 39 79
34 39 23
34 39 93
34 39 80
34 39 56
34 39 91
35 40 29
35 40 91
35 40 12
35 40 1
35 40 53
35 40 41
35 40 53
35 40 72
35 40 28
35 40 69
35 40 79
35 40 24
35 40 93
35 40 60
35 40 81
35 40 100
35 40 41
35 40 53
35 40 51
35 40 51
35 40 25
35 40 6
35 40 18
35 40 55
35 40 78
35 40 64
35 40 44
35 40 28
35 40 53
35 40 33
35 40 28
35 40 70
35 40 81
35 40 49
35 40 4
35 40 84
35 40 6
35 40 15
35 40 77
35 40 17
35 40 68
35 40 5
35 40 19
35 40 45
35 40 25
35 40 96
35 40 4
35 40 7
35 40 32
35 40 91
35 40 62
35 40 12
35 40 12
35 40 53
35 40 73
35 40 43
35 40 60
36 41 35
36 41 62
36 41 40
36 41 72
36 41 62
36 41 69
36 41 12
36 41 9
36 41 14
36 41 73
36 41 20
36 41 69
36 41 96
36 41 83
36 41 18
36 41 63
36 41 73
36 41 23
36 41 98
36 41 19
36 41 50
36 41 48
36 41 9
36 41 69
36 41 83
36 41 89
36 41 88
36 41 24
36 41 52
36 41 75
36 41 9
36 41 82
36 41 90
36 41 49
36 41 52
36 41 47
36 41 99
36 41 24
36 41 68
36 41 64
36 41 39
36 41 10
36 41 70
36 41 100
36 41 66
36 41 70
36 41 64
36 41 46
36 41 27
36 41 28
36 41 8
37 42 18
37 42 69
37 42 97
37 42 12
37 42 48
37 42 64
37 42 4
37 42 80
37 42 41
37 42 11
37 42 67
37 42 9
37 42 45
37 42 12
37 42 29
37 42 80
37 42 11
37 42 62
37 42 80
37 42 73
37 42 70
37 42 11
37 42 41
37 42 72
37 42 95
37 42 27
37 42 53
37 42 92
37 42 60
37 42 63
37 42 94
37 42 47
37 42 38
37 42 19
37 42 5
37 42 28
37 42 14
37 42 47
37 42 5
37 42 25
37 42 29
37 42 76
37 42 55
37 42 4
37 42 58
37 42 48
37 42 89
37 42 64
37 42 1
37 42 55
37 42 23
37 42 21
37 42 34
37 42 67
37 42 61
37 42 49
37 42 1
37 42 34
37 42 86
38 43 89
38 43 34
38 43 61
38 43 43
38 43 49
38 43 42
38 43 96
38 43 98
38 43 56
38 43 55
38 43 19
38 43 3
38 43 82
38 43 55
38 43 61
38 43 71
38 43 97
38 43 2
38 43 84
38 43 24
38 43 3
38 43 5
38 43 3
38 43 48
38 43 62
38 43 32
38 43 88
38 43 38
38 43 34
38 43 51
38 43 35
38 43 73
38 43 90
38 43 6
38 43 20
38 43 43
38 43 93
38 43 1
38 43 41
38 43 46
38 43 46
38 43 100
38 43 23
38 43 27
38 43 94
38 43 33
38 43 43
38 43 17
38 43 48
38 43 96
38 43 82
38 43 23
38 43 50
38 43 26
38 43 67
38 43 18
38 43 62
38 43 90
38 43 37
38 43 42
38 43 72
38 43 72
38 43 38
39 44 33
39 44 80
39 44 44
39 44 73
39 44 33
39 44 88
39 44 36
39 44 23
39 44 26
39 44 9
39 44 83
39 44 99
39 44 15
39 44 59
39 44 23
39 44 53
39 44 59
39 44 7
39 44 69
39 44 89
39 44 29
39 44 72
39 44 42
39 44 82
39 44 74
39 44 75
39 44 79
39 44 14
39 44 81
39 44 77
39 44 29
39 44 29
39 44 51
39 44 48
39 44 100
39 44 78
39 44 86
39 44 54
39 44 31
39 44 47
39 44 79
39 44 6
39 44 46
39 44 33
39 44 51
39 44 51
40 45 3
40 45 29
40 45 54
40 45 13
40 45 87
40 45 12
40 45 82
40 45 23
40 45 72
40 45 64
40 45 3
40 45 55
40 45 86
40 45 44
40 45 23
40 45 21
40 45 22
40 45 27
40 45 33
40 45 28
40 45 52
40 45 65
40 45 48
40 45 24
40 45 65
40 45 48
40 45 46
40 45 15
40 45 77
40 45 75
40 45 53
40 45 55
40 45 62
40 45 93
40 45 57
40 45 69
40 45 83
40 45 81
40 45 61
40 45 35
40 45 29
40 45 6
40 45 16
40 45 42
40 45 3
40 45 40
41 46 74
41 46 11
41 46 90
41 46 54
41 46 10
41 46 53
41 46 6
41 46 19
41 46 17
41 46 63
41 46 82
41 46 38
41 46 14
41 46 85
41 46 47
41 46 81
41 46 24
41 46 70
41 46 8
41 46 10
41 46 24
41 46 19
41 46 12
41 46 79
41 46 48
41 46 69
41 46 1
41 46 96
41 46 89
41 46 76
41 46 52
41 46 45
41 46 4
41 46 29
41 46 72
41 46 72
41 46 36
41 46 55
41 46 79
41 46 86
41 46 26
41 46 9
42 47 55
42 47 22
42 47 25
42 47 63
42 47 25
42 47 23
42 47 53
42 47 18
42 47 72
42 47 48
42 47 53
42 47 72
42 47 43
42 47 55
42 47 27
42 47 81
42 47 35
42 47 7
42 47 68
42 47 25
42 47 24
42 47 94
42 47 95
42 47 3
42 47 3
42 47 66
42 47 60
42 47 74
42 47 72
42 47 46
42 47 13
42 47 38
42 47 55
42 47 23
42 47 92
42 47 95
42 47 54
42 47 10
42 47 11
42 47 80
42 47 21
42 47 60
42 47 57
42 47 67
42 47 27
42 47 13
42 47 83
42 47 16
42 47 80
42 47 13
42 47 98
42 47 9
42 47 83
42 47 71
43 48 21
43 48 63
43 48 2
43 48 47
43 48 51
43 48 15
43 48 1
43 48 13
43 48 64
43 48 76
43 48 80
43 48 50
43 48 37
43 48 96
43 48 75
43 48 48
43 48 98
43 48 79
43 48 20
43 48 89
43 48 39
43 48 5
43 48 5
43 48 15
43 48 9
43 48 76
43 48 89
43 48 98
43 48 1
43 48 31
43 48 66
43 48 44
43 48 15
43 48 75
43 48 94
43 48 15
43 48 15
43 48 64
43 48 50
43 48 51
43 48 2
43 48 86
43 48 47
43 48 41
43 48 1
43 48 93
43 48 93
43 48 30
43 48 8
43 48 60
43 48 20
43 48 54
43 48 98
43 48 97
43 48 71
43 48 56
44 49 29
44 49 41
44 49 11
44 49 46
44 49 83
44 49 51
44 49 58
44 49 79
44 49 30
44 49 10
44 49 51
44 49 25
44 49 58
44 49 60
44 49 7
44 49 12
44 49 18
44 49 43
44 49 46
44 49 25
44 49 2
44 49 2
44 49 16
44 49 83
44 49 43
44 49 61
44 49 11
44 49 67
44 49 15
44 49 27
44 49 50
44 49 33
44 49 90
44 49 62
44 49 87
44 49 39
44 49 8
44 49 83
44 49 83
44 49 83
44 49 39
44 49 90
44 49 11
44 49 70
44 49 11
44 49 79
44 49 13
44 49 81
44 49 74
44 49 53
44 49 89
44 49 24
44 49 2
44 49 65
44 49 73
45 50 16
45 50 91
45 50 22
45 50 59
45 50 43
45 50 37
45 50 80
45 50 88
45 50 5
45 50 47
45 50 90
45 50 11
45 50 24
45 50 25
45 50 67
45 50 52
45 50 33
45 50 36
45 50 30
45 50 7
45 50 23
45 50 98
45 50 22
45 50 66
45 50 66
45 50 96
45 50 74
45 50 39
45 50 49
45 50 4
45 50 79
45 50 10
45 50 76
45 50 86
45 50 90
45 50 29
45 50 52
45 50 56
45 50 23
45 50 94
45 50 36
45 50 74
45 50 9
45 50 60
45 50 6
45 50 5
45 50 18
45 50 74
46 51 54
46 51 67
46 51 4
46 51 46
46 51 75
46 51 63
46 51 12
46 51 10
46 51 16
46 51 49
46 51 48
46 51 41
46 51 79
46 51 58
46 51 8
46 51 15
46 51 44
46 51 16
46 51 78
46 51 74
46 51 96
46 51 62
46 51 63
46 51 20
46 51 85
46 51 85
46 51 24
46 51 67
46 51 73
46 51 36
46 51 48
46 51 38
46 51 23
46 51 15
46 51 93
46 51 99
46 51 30
46 51 38
46 51 84
46 51 79
46 51 39
46 51 16
46 51 6
46 51 26
46 51 78
46 51 66
46 51 30
47 52 87
47 52 88
47 52 69
47 52 30
47 52 4
47 52 62
47 52 57
47 52 86
47 52 89
47 52 50
47 52 57
47 52 47
47 52 74
47 52 55
47 52 43
47 52 9
47 52 82
47 52 49
47 52 80
47 52 22
47 52 37
47 52 16
47 52 39
47 52 98
47 52 18
47 52 32
47 52 7
47 52 1
47 52 96
47 52 97
47 52 96
47 52 70
47 52 35
47 52 37
48 53 68
48 53 40
48 53 83
48 53 63
48 53 96
48 53 18
48 53 19
48 53 8
48 53 84
48 53 44
48 53 53
48 53 42
48 53 75
48 53 40
48 53 94
48 53 62
48 53 21
48 53 43
48 53 57
48 53 84
48 53 59
48 53 85
48 53 83
48 53 2
48 53 40
48 53 19
48 53 40
48 53 58
48 53 25
48 53 51
48 53 82
48 53 11
48 53 26
48 53 30
48 53 50
48 53 76
48 53 64
48 53 56
48 53 83
48 53 21
48 53 3
48 53 21
48 53 9
48 53 80
48 53 16
48 53 25
48 53 83
48 53 84
48 53 13
48 53 81
48 53 72
48 53 52
48 53 34
48 53 84
48 53 10
48 53 1
48 53 5
48 53 73
48 53 72
48 53 14
48 53 85
48 53 64
48 53 49
48 53 14
49 54 31
49 54 16
49 54 56
49 54 20
49 54 74
49 54 1
49 54 40
49 54 61
49 54 44
49 54 72
49 54 84
49 54 35
49 54 69
49 54 79
49 54 63
49 54 39
49 54 86
49 54 7
49 54 11
49 54 82
49 54 45
49 54 49
49 54 51
49 54 79
49 54 36
49 54 57
49 54 77
49 54 40
49 54 32
49 54 18
49 54 81
49 54 79
49 54 89
49 54 30
49 54 98
49 54 14
49 54 65
49 54 46
49 54 88
49 54 67
49 54 16
49 54 54
49 54 24
49 54 39
49 54 85
49 54 82
49 54 46
49 54 1
49 54 28
49 54 32
49 54 98
49 54 76
49 54 17
49 54 46
50 55 34
50 55 64
50 55 81
50 55 57
50 55 81
50 55 100
50 55 50
50 55 64
50 55 39
50 55 5
50 55 88
50 55 65
50 55 27
50 55 71
50 55 77
50 55 59
50 55 70
50 55 80
50 55 68
50 55 15
50 55 81
50 55 76
50 55 29
50 55 85
50 55 11
50 55 84
50 55 46
50 55 77
50 55 69
50 55 76
50 55 42
50 55 70
50 55 79
50 55 63
50 55 71
50 55 78
50 55 70
51 56 11
51 56 85
51 56 93
51 56 30
51 56 18
51 56 33
51 56 54
51 56 63
51 56 8
51 56 3
51 56 72
51 56 33
51 56 40
51 56 25
51 56 10
51 56 61
51 56 99
51 56 6
51 56 24
51 56 7
51 56 18
51 56 56
51 56 28
51 56 46
51 56 74
51 56 44
51 56 90
51 56 86
51 56 100
51 56 92
51 56 95
51 56 30
51 56 81
51 56 22
51 56 67
51 56 74
51 56 64
51 56 69
51 56 28
51 56 26
52 57 26
52 57 92
52 57 6
52 57 62
52 57 97
52 57 42
52 57 4
52 57 85
52 57 27
52 57 9
52 57 48
52 57 1
52 57 6
52 57 95
52 57 11
52 57 20
52 57 47
52 57 36
52 57 11
52 57 1
52 57 41
52 57 15
52 57 35
52 57 30
52 57 39
52 57 97
52 57 73
52 57 42
52 57 16
52 57 48
52 57 1
52 57 35
52 57 24
52 57 44
52 57 5
52 57 9
52 57 49
52 57 10
52 57 75
52 57 17
52 57 40
52 57 31
52 57 12
52 57 5
52 57 85
52 57 57
52 57 40
52 57 26
52 57 70
52 57 79
53 58 89
53 58 25
53 58 10
53 58 27
53 58 38
53 58 64
53 58 60
53 58 69
53 58 93
53 58 81
53 58 85
53 58 24
53 58 11
53 58 51
53 58 97
53 58 61
53 58 99
53 58 91
53 58 33
53 58 69
53 58 5
53 58 92
53 58 46
53 58 28
53 58 8
53 58 66
53 58 94
53 58 50
53 58 26
53 58 36
53 58 25
53 58 8
53 58 58
53 58 14
53 58 89
53 58 95
53 58 61
53 58 93
53 58 33
53 58 21
53 58 77
53 58 92
53 58 15
53 58 94
53 58 62
53 58 69
53 58 61
53 58 82
53 58 45
53 58 22
53 58 15
53 58 67
53 58 22
53 58 54
53 58 20
53 58 70
54 59 81
54 59 96
54 59 16
54 59 53
54 59 91
54 59 87
54 59 1
54 59 27
54 59 16
54 59 16
54 59 96
54 59 19
54 59 64
54 59 22
54 59 94
54 59 45
54 59 32
54 59 88
54 59 53
54 59 22
54 59 100
54 59 56
54 59 14
54 59 81
54 59 20
54 59 91
54 59 86
54 59 86
54 59 48
54 59 22
54 59 92
54 59 20
54 59 91
54 59 64
54 59 22
54 59 57
54 59 2
54 59 1
54 59 53
54 59 85
54 59 4
54 59 67
54 59 83
54 59 22
54 59 39
54 59 88
54 59 74
54 59 95
54 59 63
54 59 27
54 59 46
55 60 94
55 60 98
55 60 68
55 60 21
55 60 78
55 60 20
55 60 50
55 60 83
55 60 90
55 60 2
55 60 51
55 60 69
55 60 25
55 60 26
55 60 68
55 60 96
55 60 93
55 60 15
55 60 20
55 60 96
55 60 16
55 60 16
55 60 14
55 60 88
55 60 72
55 60 39
55 60 74
55 60 26
55 60 9
55 60 10
55 60 17
55 60 18
55 60 55
55 60 53
55 60 45
55 60 71
55 60 50
55 60 17
55 60 33
55 60 17
55 60 24
55 60 65
55 60 57
55 60 87
55 60 47
55 60 15
55 60 39
55 60 88
55 60 56
55 60 91
56 61 74
56 61 53
56 61 45
56 61 46
56 61 61
56 61 51
56 61 54
56 61 70
56 61 21
56 61 28
56 61 51
56 61 19
56 61 2
56 61 10
56 61 54
56 61 4
56 61 75
56 61 56
56 61 12
56 61 39
56 61 42
56 61 48
56 61 58
56 61 42
56 61 80
56 61 99
56 61 54
56 61 87
56 61 79
56 61 9
56 61 77
56 61 74
56 61 34
56 61 12
56 61 23
56 61 97
56 61 38
56 61 6
56 61 12
56 61 78
56 61 95
56 61 9
56 61 44
56 61 97
56 61 44
56 61 25
56 61 5
57 62 45
57 62 76
57 62 31
57 62 20
57 62 67
57 62 36
57 62 82
57 62 32
57 62 23
57 62 72
57 62 39
57 62 65
57 62 29
57 62 52
57 62 34
57 62 31
57 62 65
57 62 62
57 62 18
57 62 62
57 62 36
57 62 27
57 62 91
57 62 62
57 62 49
57 62 41
57 62 50
57 62 16
57 62 78
57 62 94
57 62 11
57 62 78
57 62 9
57 62 38
57 62 12
57 62 56
58 63 11
58 63 90
58 63 59
58 63 16
58 63 12
58 63 16
58 63 20
58 63 10
58 63 36
58 63 6
58 63 88
58 63 51
58 63 55
58 63 37
58 63 74
58 63 30
58 63 16
58 63 3
58 63 38
58 63 10
58 63 94
58 63 61
58 63 74
58 63 60
58 63 24
58 63 53
58 63 64
58 63 45
58 63 6
58 63 74
58 63 62
58 63 50
58 63 32
58 63 28
58 63 45
58 63 35
58 63 37
58 63 1
58 63 71
58 63 81
58 63 30
58 63 51
58 63 18
58 63 55
58 63 82
58 63 43
58 63 97
58 63 60
58 63 3
58 63 29
58 63 4
58 63 94
58 63 16
58 63 11
58 63 48
59 64 58
59 64 8
59 64 67
59 64 6
59 64 32
59 64 84
59 64 58
59 64 82
59 64 17
59 64 100
59 64 37
59 64 39
59 64 45
59 64 4
59 64 27
59 64 42
59 64 28
59 64 97
59 64 23
59 64 66
59 64 84
59 64 100
59 64 66
59 64 68
59 64 10
59 64 69
59 64 20
59 64 13
59 64 47
59 64 3
59 64 90
59 64 81
59 64 68
59 64 77
59 64 46
59 64 93
59 64 100
59 64 9
59 64 68
59 64 76
59 64 9
59 64 30
59 64 81
59 64 43
59 64 3
59 64 55
59 64 80
59 64 33
59 64 10
59 64 20
59 64 54
59 64 83
59 64 72
60 65 64
60 65 9
60 65 81
60 65 28
60 65 33
60 65 1
60 65 50
60 65 17
60 65 34
60 65 24
60 65 72
60 65 42
60 65 12
60 65 83
60 65 44
60 65 20
60 65 19
60 65 15
60 65 40
60 65 95
60 65 10
60 65 99
60 65 42
60 65 73
60 65 93
60 65 75
60 65 3
60 65 19
60 65 82
60 65 100
60 65 7
60 65 23
60 65 23
60 65 50
60 65 74
60 65 37
60 65 78
60 65 96
60 65 52
60 65 11
60 65 96
60 65 78
60 65 85
60 65 65
60 65 58
61 66 70
61 66 40
61 66 41
61 66 19
61 66 39
61 66 69
61 66 17
61 66 13
61 66 3
61 66 20
61 66 70
61 66 92
61 66 22
61 66 3
61 66 73
61 66 81
61 66 5
61 66 36
61 66 7
61 66 49
61 66 13
61 66 30
61 66 78
61 66 11
61 66 99
61 66 34
61 66 40
61 66 29
61 66 17
61 66 30
61 66 64
61 66 46
61 66 17
61 66 75
61 66 3
61 66 48
61 66 16
61 66 87
61 66 23
61 66 17
61 66 42
61 66 30
61 66 48
61 66 91
61 66 81
61 66 85
61 66 9
62 67 87
62 67 100
62 67 9
62 67 77
62 67 51
62 67 76
62 67 99
62 67 15
62 67 68
62 67 61
62 67 77
62 67 43
62 67 58
62 67 76
62 67 73
62 67 64
62 67 42
62 67 49
62 67 96
62 67 81
62 67 24
62 67 19
62 67 100
62 67 36
62 67 15
62 67 74
62 67 37
62 67 13
62 67 60
62 67 76
62 67 5
62 67 9
62 67 61
62 67 93
62 67 90
62 67 60
62 67 7
62 67 54
62 67 12
62 67 54
62 67 51
62 67 87
62 67 39
62 67 61
62 67 6
63 68 46
63 68 73
63 68 79
63 68 80
63 68 51
63 68 23
63 68 13
63 68 24
63 68 72
63 68 82
63 68 100
63 68 20
63 68 55
63 68 19
63 68 54
63 68 15
63 68 1
63 68 43
63 68 53
63 68 7
63 68 97
63 68 74
63 68 38
63 68 19
63 68 97
63 68 79
63 68 67
63 68 90
63 68 67
63 68 61
63 68 87
63 68 90
63 68 25
63 68 83
63 68 77
63 68 24
63 68 36
63 68 26
63 68 14
63 68 33
63 68 53
63 68 22
63 68 11
63 68 56
63 68 100
63 68 27
63 68 13
63 68 98
63 68 46
63 68 31
63 68 53
63 68 36
63 68 55
64 69 93
64 69 91
64 69 60
64 69 46
64 69 90
64 69 17
64 69 72
64 69 10
64 69 21
64 69 96
64 69 3
64 69 69
64 69 38
64 69 97
64 69 56
64 69 78
64 69 100
64 69 89
64 69 64
64 69 17
64 69 93
64 69 95
64 69 40
64 69 88
64 69 81
64 69 40
64 69 95
64 69 86
64 69 98
64 69 4
64 69 47
64 69 15
64 69 90
64 69 77
64 69 18
64 69 24
64 69 83
64 69 2
64 69 55
64 69 37
64 69 92
64 69 77
64 69 23
64 69 32
64 69 11
64 69 37
64 69 49
64 69 52
64 69 59
64 69 68
64 69 77
64 69 75
64 69 13
64 69 72
65 70 11
65 70 68
65 70 88
65 70 81
65 70 88
65 70 98
65 70 92
65 70 21
65 70 76
65 70 81
65 70 83
65 70 19
65 70 22
65 70 91
65 70 41
65 70 100
65 70 14
65 70 62
65 70 29
65 70 50
65 70 46
65 70 9
65 70 90
65 70 41
65 70 82
65 70 14
65 70 71
65 70 48
65 70 72
65 70 83
65 70 57
65 70 68
65 70 41
65 70 4
65 70 25
65 70 89
65 70 20
65 70 48
65 70 98
65 70 38
65 70 100
65 70 38
65 70 54
65 70 21
65 70 23
65 70 42
65 70 67
65 70 43
65 70 50
65 70 1
66 71 31
66 71 87
66 71 70
66 71 81
66 71 39
66 71 16
66 71 19
66 71 23
66 71 85
66 71 17
66 71 22
66 71 29
66 71 70
66 71 11
66 71 94
66 71 23
66 71 8
66 71 94
66 71 93
66 71 78
66 71 7
66 71 94
66 71 100
66 71 17
66 71 33
66 71 95
66 71 96
66 71 63
66 71 100
66 71 84
66 71 41
66 71 50
66 71 29
66 71 92
66 71 68
66 71 51
66 71 43
66 71 27
66 71 38
66 71 55
66 71 80
66 71 81
66 71 90
66 71 10
66 71 54
66 71 35
66 71 77
66 71 11
66 71 67
66 71 63
66 71 35
66 71 62
66 71 35
66 71 27
66 71 93
66 71 24
66 71 39
66 71 52
66 71 25
66 71 28
66 71 46
66 71 26
66 71 44
66 71 39
66 71 24
66 71 96
66 71 85
67 72 41
67 72 81
67 72 88
67 72 1
67 72 12
67 72 72
67 72 40
67 72 79
67 72 94
67 72 98
67 72 82
67 72 66
67 72 33
67 72 95
67 72 38
67 72 24
67 72 50
67 72 72
67 72 31
67 72 89
67 72 25
67 72 80
67 72 32
67 72 51
67 72 92
67 72 73
67 72 63
67 72 16
67 72 53
67 72 61
67 72 89
67 72 70
67 72 71
67 72 90
67 72 43
67 72 81
67 72 32
67 72 48
67 72 39
67 72 24
67 72 96
67 72 70
67 72 40
68 73 36
68 73 15
68 73 81
68 73 88
68 73 9
68 73 83
68 73 33
68 73 92
68 73 91
68 73 83
68 73 71
68 73 46
68 73 47
68 73 14
68 73 44
68 73 30
68 73 45
68 73 30
68 73 75
68 73 22
68 73 76
68 73 93
68 73 17
68 73 78
68 73 99
68 73 37
68 73 9
68 73 87
68 73 38
68 73 72
68 73 86
68 73 50
68 73 21
68 73 72
68 73 88
68 73 38
68 73 95
68 73 56
68 73 13
68 73 1
68 73 72
68 73 29
68 73 5
68 73 13
68 73 91
68 73 79
68 73 13
68 73 85
68 73 98
68 73 91
68 73 32
68 73 87
69 74 59
69 74 84
69 74 89
69 74 57
69 74 100
69 74 26
69 74 72
69 74 82
69 74 82
69 74 34
69 74 39
69 74 11
69 74 97
69 74 59
69 74 82
69 74 63
69 74 100
69 74 79
69 74 52
69 74 6
69 74 88
69 74 35
69 74 24
69 74 39
69 74 59
69 74 2
69 74 4
69 74 13
69 74 48
69 74 73
69 74 53
69 74 35
69 74 72
69 74 3
69 74 98
69 74 52
69 74 25
69 74 3
69 74 62
69 74 12
69 74 6
69 74 20
69 74 73
69 74 37
69 74 73
69 74 45
69 74 70
69 74 82
69 74 84
70 75 97
70 75 27
70 75 1
70 75 73
70 75 47
70 75 72
70 75 99
70 75 65
70 75 90
70 75 91
70 75 84
70 75 16
70 75 13
70 75 42
70 75 93
70 75 83
70 75 44
70 75 52
70 75 71
70 75 57
70 75 44
70 75 72
70 75 11
70 75 69
70 75 7
70 75 84
70 75 35
70 75 86
70 75 53
70 75 16
70 75 81
70 75 70
70 75 23
70 75 9
70 75 4
70 75 40
70 75 92
70 75 80
70 75 98
70 75 74
70 75 50
70 75 63
70 75 83
70 75 56
70 75 92
70 75 69
70 75 17
70 75 21
70 75 4
70 75 75
70 75 6
70 75 40
70 75 43
70 75 42
70 75 80
70 75 37
70 75 74
70 75 38
70 75 56
70 75 70
70 75 4
70 75 75
71 76 60
71 76 89
71 76 99
71 76 10
71 76 4
71 76 47
71 76 13
71 76 57
71 76 89
71 76 63
71 76 5
71 76 60
71 76 88
71 76 95
71 76 80
71 76 97
71 76 72
71 76 69
71 76 53
71 76 41
71 76 2
71 76 84
71 76 25
71 76 59
71 76 25
71 76 98
71 76 95
71 76 71
71 76 34
71 76 98
71 76 70
71 76 66
71 76 78
71 76 38
71 76 30
71 76 89
71 76 25
71 76 74
71 76 55
71 76 92
71 76 53
71 76 55
71 76 22
71 76 91
71 76 48
71 76 67
71 76 39
71 76 30
71 76 22
71 76 60
71 76 100
71 76 5
71 76 26
72 77 53
72 77 25
72 77 91
72 77 69
72 77 22
72 77 91
72 77 3
72 77 5
72 77 53
72 77 30
72 77 99
72 77 20
72 77 80
72 77 70
72 77 28
72 77 15
72 77 5
72 77 7
72 77 75
72 77 75
72 77 23
72 77 45
72 77 62
72 77 63
72 77 58
72 77 73
72 77 100
72 77 1
72 77 97
72 77 32
72 77 71
72 77 57
72 77 57
72 77 100
72 77 1
72 77 25
72 77 25
72 77 29
72 77 35
72 77 16
72 77 2
73 78 58
73 78 85
73 78 10
73 78 45
73 78 97
73 78 54
73 78 27
73 78 93
73 78 42
73 78 86
73 78 51
73 78 21
73 78 82
73 78 73
73 78 4
73 78 20
73 78 59
73 78 15
73 78 10
73 78 67
73 78 20
73 78 63
73 78 53
73 78 56
73 78 2
73 78 64
73 78 98
73 78 42
73 78 57
73 78 64
73 78 49
73 78 19
73 78 46
73 78 24
73 78 76
73 78 22
73 78 28
73 78 63
73 78 51
73 78 75
73 78 27
73 78 45
73 78 22
73 78 88
73 78 31
73 78 69
73 78 92
73 78 4
73 78 58
73 78 5
73 78 29
73 78 82
74 79 22
74 79 100
74 79 32
74 79 45
74 79 25
74 79 86
74 79 40
74 79 86
74 79 14
74 79 94
74 79 100
74 79 23
74 79 55
74 79 41
74 79 6
74 79 68
74 79 53
74 79 33
74 79 42
74 79 47
74 79 1
74 79 36
74 79 22
74 79 100
74 79 50
74 79 62
74 79 62
74 79 62
74 79 89
74 79 1
74 79 47
74 79 62
74 79 60
74 79 58
74 79 58
74 79 72
74 79 3
74 79 19
74 79 87
74 79 69
74 79 85
74 79 4
74 79 31
74 79 72
74 79 60
74 79 99
74 79 98
74 79 35
74 79 58
74 79 17
74 79 2
74 79 53
75 80 99
75 80 59
75 80 63
75 80 61
75 80 42
75 80 29
75 80 7
75 80 90
75 80 90
75 80 69
75 80 32
75 80 29
75 80 34
75 80 16
75 80 43
75 80 11
75 80 15
75 80 88
75 80 69
75 80 21
75 80 76
75 80 45
75 80 100
75 80 40
75 80 14
75 80 69
75 80 80
75 80 95
75 80 89
75 80 66
75 80 24
75 80 55
75 80 36
75 80 57
75 80 95
75 80 30
75 80 30
75 80 88
75 80 32
75 80 42
75 80 82
75 80 77
75 80 5
75 80 92
75 80 66
75 80 77
75 80 86
75 80 6
75 80 33
75 80 91
75 80 38
75 80 22
75 80 3
75 80 66
76 81 39
76 81 56
76 81 38
76 81 98
76 81 14
76 81 54
76 81 59
76 81 39
76 81 56
76 81 29
76 81 96
76 81 43
76 81 46
76 81 20
76 81 19
76 81 9
76 81 6
76 81 15
76 81 77
76 81 55
76 81 96
76 81 35
76 81 86
76 81 99
76 81 84
76 81 19
76 81 42
76 81 99
76 81 87
76 81 74
76 81 40
76 81 89
76 81 83
76 81 95
76 81 32
76 81 79
76 81 42
76 81 15
76 81 41
76 81 93
76 81 57
76 81 79
76 81 36
76 81 7
76 81 80
76 81 2
76 81 72
76 81 97
76 81 22
76 81 12
76 81 89
76 81 20
76 81 58
76 81 64
76 81 1
77 82 31
77 82 29
77 82 64
77 82 83
77 82 19
77 82 18
77 82 50
77 82 25
77 82 94
77 82 38
77 82 43
77 82 53
77 82 55
77 82 17
77 82 54
77 82 38
77 82 97
77 82 34
77 82 58
77 82 34
77 82 98
77 82 17
77 82 17
77 82 12
77 82 93
77 82 38
77 82 16
77 82 5
77 82 56
77 82 74
77 82 43
77 82 74
77 82 100
77 82 17
77 82 18
77 82 54
77 82 66
77 82 62
77 82 19
77 82 65
77 82 23
77 82 96
77 82 59
77 82 59
77 82 60
77 82 61
77 82 92
77 82 85
77 82 92
77 82 17
77 82 56
77 82 51
78 83 19
78 83 2
78 83 38
78 83 96
78 83 12
78 83 87
78 83 74
78 83 74
78 83 7
78 83 84
78 83 68
78 83 84
78 83 7
78 83 58
78 83 72
78 83 100
78 83 40
78 83 59
78 83 19
78 83 94
78 83 27
78 83 60
78 83 2
78 83 33
78 83 12
78 83 97
78 83 87
78 83 68
78 83 96
78 83 20
78 83 58
78 83 95
78 83 31
78 83 93
78 83 45
78 83 69
78 83 66
78 83 39
78 83 7
78 83 15
78 83 5
78 83 58
78 83 80
78 83 83
79 84 71
79 84 65
79 84 43
79 84 2
79 84 88
79 84 55
79 84 14
79 84 88
79 84 38
79 84 26
79 84 22
79 84 36
79 84 38
79 84 44
79 84 85
79 84 5
79 84 71
79 84 67
79 84 57
79 84 88
79 84 62
79 84 98
79 84 9
79 84 19
79 84 92
79 84 66
79 84 78
79 84 9
79 84 4
79 84 53
79 84 20
79 84 5
79 84 98
79 84 34
79 84 24
79 84 26
79 84 32
79 84 25
79 84 40
79 84 27
79 84 30
79 84 92
80 85 14
80 85 39
80 85 42
80 85 47
80 85 53
80 85 59
80 85 74
80 85 62
80 85 49
80 85 29
80 85 69
80 85 68
80 85 32
80 85 31
80 85 78
80 85 99
80 85 44
80 85 88
80 85 24
80 85 83
80 85 48
80 85 42
80 85 88
80 85 28
80 85 41
80 85 44
80 85 28
80 85 3
80 85 57
80 85 96
80 85 81
80 85 56
80 85 50
80 85 62
80 85 26
80 85 35
80 85 23
80 85 30
80 85 54
80 85 66
80 85 15
80 85 12
80 85 60
80 85 13
80 85 53
80 85 66
80 85 27
81 86 94
81 86 78
81 86 75
81 86 84
81 86 82
81 86 56
81 86 63
81 86 56
81 86 5
81 86 83
81 86 57
81 86 38
81 86 95
81 86 20
81 86 85
81 86 87
81 86 25
81 86 11
81 86 92
81 86 69
81 86 54
81 86 47
81 86 76
81 86 22
81 86 99
81 86 41
81 86 38
81 86 50
81 86 41
81 86 35
81 86 18
81 86 96
81 86 49
81 86 11
81 86 42
81 86 44
81 86 80
81 86 62
81 86 36
81 86 56
81 86 29
81 86 13
81 86 30
81 86 97
81 86 45
81 86 1
82 87 87
82 87 88
82 87 96
82 87 39
82 87 36
82 87 60
82 87 50
82 87 14
82 87 54
82 87 45
82 87 19
82 87 44
82 87 24
82 87 15
82 87 65
82 87 71
82 87 36
82 87 74
82 87 5
82 87 61
82 87 52
82 87 86
82 87 29
82 87 27
82 87 52
82 87 89
82 87 1
82 87 69
82 87 8
82 87 86
82 87 93
82 87 75
82 87 21
82 87 36
82 87 63
82 87 82
82 87 95
82 87 34
82 87 61
82 87 35
82 87 47
82 87 29
82 87 92
82 87 51
82 87 75
82 87 1
82 87 99
82 87 19
82 87 27
82 87 52
82 87 99
82 87 68
82 87 63
82 87 67
82 87 26
82 87 11
82 87 96
82 87 37
82 87 7
82 87 8
82 87 85
83 88 74
83 88 35
83 88 25
83 88 73
83 88 81
83 88 75
83 88 16
83 88 34
83 88 33
83 88 27
83 88 51
83 88 16
83 88 37
83 88 55
83 88 8
83 88 71
83 88 35
83 88 40
83 88 70
83 88 85
83 88 84
83 88 70
83 88 27
83 88 5
83 88 33
83 88 50
83 88 27
83 88 16
83 88 42
83 88 67
83 88 74
83 88 28
83 88 40
83 88 16
83 88 41
83 88 89
83 88 51
83 88 13
83 88 90
83 88 53
83 88 17
83 88 14
83 88 65
83 88 89
83 88 68
84 89 16
84 89 97
84 89 68
84 89 95
84 89 33
84 89 87
84 89 96
84 89 44
84 89 79
84 89 14
84 89 14
84 89 48
84 89 38
84 89 73
84 89 30
84 89 40
84 89 28
84 89 78
84 89 63
84 89 11
84 89 43
84 89 75
84 89 10
84 89 89
84 89 7
84 89 94
84 89 80
84 89 49
84 89 92
84 89 18
84 89 97
84 89 92
84 89 10
84 89 33
84 89 25
84 89 61
84 89 85
84 89 66
84 89 71
84 89 28
84 89 24
84 89 28
84 89 14
84 89 42
84 89 28
84 89 5
85 90 5
85 90 32
85 90 62
85 90 59
85 90 46
85 90 12
85 90 82
85 90 28
85 90 8
85 90 95
85 90 33
85 90 73
85 90 82
85 90 75
85 90 83
85 90 62
85 90 89
85 90 10
85 90 73
85 90 4
85 90 20
85 90 43
85 90 13
85 90 73
85 90 31
85 90 57
85 90 63
85 90 94
85 90 78
85 90 52
85 90 44
85 90 17
85 90 60
85 90 64
85 90 64
85 90 64
85 90 28
85 90 100
85 90 99
85 90 28
85 90 87
85 90 32
85 90 51
85 90 47
85 90 94
85 90 67
85 90 26
85 90 90
85 90 32
85 90 56
85 90 65
85 90 51
85 90 99
85 90 77
85 90 25
85 90 39
85 90 64
85 90 61
85 90 26
85 90 33
85 90 77
86 91 15
86 91 36
86 91 3
86 91 3
86 91 97
86 91 65
86 91 68
86 91 94
86 91 17
86 91 1
86 91 76
86 91 65
86 91 45
86 91 65
86 91 80
86 91 43
86 91 2
86 91 49
86 91 75
86 91 35
86 91 44
86 91 43
86 91 5
86 91 56
86 91 23
86 91 98
86 91 80
86 91 42
86 91 58
86 91 23
86 91 91
86 91 48
86 91 33
86 91 15
86 91 70
86 91 58
86 91 19
86 91 44
86 91 72
86 91 55
86 91 50
86 91 63
86 91 82
86 91 29
86 91 4
86 91 64
86 91 60
86 91 77
87 92 30
87 92 93
87 92 63
87 92 18
87 92 54
87 92 51
87 92 3
87 92 62
87 92 40
87 92 16
87 92 14
87 92 45
87 92 77
87 92 27
87 92 56
87 92 87
87 92 53
87 92 77
87 92 72
87 92 69
87 92 87
87 92 7
87 92 24
87 92 96
87 92 16
87 92 34
87 92 69
87 92 55
87 92 78
87 92 12
87 92 9
87 92 44
87 92 93
87 92 73
87 92 11
87 92 53
87 92 85
87 92 62
87 92 70
87 92 44
87 92 1
87 92 86
87 92 41
87 92 70
87 92 53
87 92 52
87 92 30
88 93 27
88 93 84
88 93 80
88 93 70
88 93 68
88 93 11
88 93 71
88 93 83
88 93 82
88 93 58
88 93 20
88 93 56
88 93 21
88 93 16
88 93 1
88 93 80
88 93 64
88 93 85
88 93 41
88 93 91
88 93 2
88 93 69
88 93 50
88 93 94
88 93 84
88 93 68
88 93 71
88 93 68
88 93 91
88 93 30
88 93 98
88 93 79
88 93 68
88 93 17
88 93 61
88 93 99
88 93 60
88 93 62
88 93 4
88 93 4
88 93 1
88 93 31
88 93 57
88 93 53
88 93 79
88 93 75
88 93 24
88 93 68
88 93 56
88 93 63
88 93 44
88 93 68
88 93 41
89 94 68
89 94 96
89 94 2
89 94 24
89 94 54
89 94 6
89 94 2
89 94 84
89 94 36
89 94 31
89 94 83
89 94 2
89 94 6
89 94 22
89 94 15
89 94 17
89 94 98
89 94 59
89 94 11
89 94 91
89 94 63
89 94 23
89 94 20
89 94 47
89 94 74
89 94 21
89 94 86
89 94 13
89 94 48
89 94 42
89 94 48
89 94 17
89 94 29
89 94 90
89 94 1
89 94 43
89 94 27
89 94 69
89 94 45
89 94 41
89 94 26
89 94 75
89 94 37
89 94 4
90 95 62
90 95 10
90 95 25
90 95 25
90 95 70
90 95 53
90 95 85
90 95 73
90 95 71
90 95 76
90 95 33
90 95 88
90 95 38
90 95 12
90 95 47
90 95 49
90 95 41
90 95 49
90 95 37
90 95 90
90 95 86
90 95 27
90 95 82
90 95 29
90 95 82
90 95 82
90 95 43
90 95 41
90 95 69
90 95 7
90 95 68
90 95 81
90 95 25
90 95 21
90 95 21
90 95 10
90 95 18
90 95 11
90 95 48
90 95 97
90 95 65
90 95 78
90 95 49
90 95 97
90 95 75
90 95 13
90 95 16
90 95 34
90 95 64
90 95 36
90 95 80
90 95 76
90 95 57
90 95 45
91 96 72
91 96 68
91 96 28
91 96 58
91 96 91
91 96 20
91 96 85
91 96 75
91 96 93
91 96 81
91 96 31
91 96 29
91 96 97
91 96 3
91 96 26
91 96 26
91 96 12
91 96 43
91 96 85
91 96 60
91 96 47
91 96 89
91 96 92
91 96 26
91 96 7
91 96 85
91 96 18
91 96 26
91 96 14
91 96 13
91 96 93
91 96 69
91 96 40
91 96 51
91 96 62
91 96 15
91 96 100
91 96 7
91 96 31
91 96 9
91 96 49
91 96 93
91 96 90
91 96 36
91 96 26
91 96 94
91 96 88
91 96 22
91 96 91
91 96 18
91 96 55
92 97 65
92 97 54
92 97 63
92 97 91
92 97 13
92 97 72
92 97 100
92 97 85
92 97 80
92 97 86
92 97 74
92 97 61
92 97 71
92 97 19
92 97 48
92 97 54
92 97 87
92 97 8
92 97 87
92 97 2
92 97 15
92 97 38
92 97 50
92 97 69
92 97 54
92 97 38
92 97 87
92 97 76
92 97 40
92 97 6
92 97 47
92 97 65
92 97 5
92 97 77
92 97 44
92 97 94
92 97 90
92 97 63
92 97 2
92 97 25
92 97 38
92 97 20
92 97 21
92 97 34
92 97 77
92 97 41
92 97 59
92 97 41
92 97 6
92 97 57
92 97 9
92 97 14
92 97 69
92 97 8
93 98 37
93 98 59
93 98 59
93 98 80
93 98 77
93 98 30
93 98 51
93 98 21
93 98 42
93 98 1
93 98 27
93 98 99
93 98 73
93 98 28
93 98 62
93 98 94
93 98 5
93 98 33
93 98 74
93 98 91
93 98 85
93 98 6
93 98 54
93 98 17
93 98 1
93 98 46
93 98 63
93 98 64
93 98 15
93 98 34
93 98 46
93 98 86
93 98 98
93 98 87
93 98 36
93 98 33
93 98 60
93 98 77
93 98 49
93 98 61
93 98 61
93 98 82
93 98 37
93 98 41
93 98 59
93 98 66
93 98 85
93 98 89
93 98 37
93 98 5
93 98 84
93 98 2
93 98 92
93 98 27
94 99 78
94 99 37
94 99 40
94 99 11
94 99 6
94 99 71
94 99 68
94 99 90
94 99 28
94 99 50
94 99 43
94 99 75
94 99 3
94 99 45
94 99 68
94 99 88
94 99 86
94 99 43
94 99 68
94 99 56
94 99 74
94 99 57
94 99 10
94 99 96
94 99 92
94 99 37
94 99 36
94 99 10
94 99 97
94 99 55
94 99 63
94 99 83
94 99 74
94 99 55
94 99 98
94 99 89
94 99 43
94 99 66
94 99 58
94 99 14
94 99 71
94 99 44
94 99 39
94 99 67
94 99 31
94 99 59
94 99 73
94 99 65
94 99 25
94 99 77
94 99 12
94 99 43
94 99 64
94 99 34
94 99 96
94 99 82
94 99 35
94 99 61
94 99 96
94 99 67
95 100 26
95 100 68
95 100 6
95 100 32
95 100 7
95 100 59
95 100 76
95 100 88
95 100 56
95 100 49
95 100 66
95 100 50
95 100 21
95 100 7
95 100 98
95 100 81
95 100 77
95 100 33
95 100 12
95 100 51
95 100 74
95 100 41
95 100 92
95 100 30
95 100 82
95 100 42
95 100 47
95 100 39
95 100 92
95 100 31
95 100 46
95 100 23
95 100 4
95 100 76
95 100 91
95 100 69
95 100 30
95 100 65
95 100 83
95 100 43
95 100 34
95 100 90
95 100 59
95 100 97
95 100 5
95 100 67
95 100 41
95 100 40
95 100 38
95 100 30
95 100 32
95 100 21
95 100 17
95 100 21
96 101 17
96 101 35
96 101 61
96 101 93
96 101 77
96 101 6
96 101 75
96 101 91
96 101 45
96 101 15
96 101 91
96 101 8
96 101 11
96 101 79
96 101 68
96 101 44
96 101 41
96 101 80
96 101 85
96 101 60
96 101 30
96 101 55
96 101 66
96 101 70
96 101 43
96 101 88
96 101 18
96 101 67
96 101 60
96 101 59
96 101 31
96 101 18
96 101 39
96 101 79
96 101 38
96 101 17
96 101 3
96 101 80
96 101 40
96 101 4
96 101 12
96 101 87
96 101 37
96 101 78
96 101 88
96 101 39
96 101 67
96 101 61
96 101 37
96 101 3
96 101 4
96 101 51
96 101 93
97 102 19
97 102 23
97 102 47
97 102 20
97 102 87
97 102 38
97 102 31
97 102 3
97 102 70
97 102 34
97 102 17
97 102 14
97 102 70
97 102 88
97 102 30
97 102 60
97 102 18
97 102 18
97 102 55
97 102 93
97 102 70
97 102 29
97 102 35
97 102 73
97 102 94
97 102 76
97 102 49
97 102 27
97 102 36
97 102 81
97 102 68
97 102 69
97 102 72
97 102 39
97 102 40
97 102 8
97 102 13
97 102 22
97 102 83
97 102 83
98 103 59
98 103 93
98 103 9
98 103 78
98 103 97
98 103 81
98 103 48
98 103 54
98 103 44
98 103 27
98 103 33
98 103 14
98 103 21
98 103 33
98 103 18
98 103 16
98 103 3
98 103 66
98 103 82
98 103 61
98 103 30
98 103 36
98 103 60
98 103 47
98 103 63
98 103 96
98 103 98
98 103 13
98 103 59
98 103 14
98 103 20
98 103 53
98 103 66
98 103 90
98 103 76
98 103 87
98 103 36
98 103 51
98 103 78
98 103 40
98 103 10
98 103 14
98 103 15
98 103 92
98 103 94
98 103 95
98 103 35
98 103 3
98 103 91
98 103 25
98 103 99
98 103 30
98 103 92
98 103 37
98 103 50
98 103 59
98 103 39
98 103 67
99 104 69
99 104 76
99 104 36
99 104 65
99 104 61
99 104 92
99 104 69
99 104 81
99 104 11
99 104 42
99 104 30
99 104 12
99 104 15
99 104 61
99 104 68
99 104 66
99 104 80
99 104 73
99 104 47
99 104 66
99 104 50
99 104 100
99 104 78
99 104 1
99 104 86
99 104 8
99 104 72
99 104 36
99 104 94
99 104 91
99 104 41
99 104 94
99 104 79
99 104 95
99 104 98
99 104 77
99 104 9
99 104 33
99 104 26
99 104 75
99 104 84
99 104 15
99 104 46
99 104 69
99 104 60
99 104 33
100 105 81
100 105 56
100 105 56
100 105 5
100 105 49
100 105 99
100 105 83
100 105 62
100 105 41
100 105 21
100 105 69
100 105 36
100 105 66
100 105 50
100 105 90
100 105 73
100 105 78
100 105 12
100 105 4
100 105 57
100 105 82
100 105 61
100 105 87
100 105 64
100 105 43
100 105 29
100 105 97
100 105 79
100 105 39
100 105 65
100 105 76
100 105 73
100 105 47
100 105 78
100 105 77
100 105 68
100 105 79
100 105 95
100 105 25
100 105 28
100 105 83
100 105 66
100 105 75
100 105 73
100 105 73
100 105 91
