5000 127655
1 6 79
1 6 26
1 6 75
1 6 71
1 6 50
1 6 6
1 6 6
1 6 5
1 6 81
1 6 25
1 6 49
1 6 70
1 6 95
1 6 38
1 6 91
1 6 4
1 6 43
1 6 84
1 6 22
1 6 100
1 6 74
1 6 81
1 6 5
1 6 9
1 6 81
1 6 91
1 6 86
1 6 42
1 6 61
1 6 87
1 6 37
1 6 6
1 6 3
1 6 74
1 6 42
1 6 55
1 6 13
1 6 84
1 6 74
1 6 83
1 6 51
1 6 19
1 6 60
1 6 52
1 6 90
2 7 57
2 7 26
2 7 32
2 7 68
2 7 98
2 7 22
2 7 96
2 7 81
2 7 38
2 7 60
2 7 42
2 7 35
2 7 14
2 7 40
2 7 83
2 7 52
2 7 18
2 7 76
2 7 65
2 7 39
2 7 38
2 7 61
2 7 6
2 7 81
2 7 6
2 7 32
2 7 64
2 7 1
2 7 8
2 7 18
2 7 88
2 7 21
2 7 65
2 7 43
2 7 46
2 7 76
2 7 85
2 7 94
2 7 71
2 7 37
2 7 26
2 7 84
2 7 87
3 8 98
3 8 44
3 8 5
3 8 91
3 8 61
3 8 69
3 8 18
3 8 88
3 8 48
3 8 26
3 8 21
3 8 36
3 8 78
3 8 37
3 8 35
3 8 84
3 8 84
3 8 35
3 8 96
3 8 89
3 8 56
3 8 80
3 8 45
3 8 63
3 8 86
3 8 89
3 8 37
3 8 70
3 8 39
3 8 90
3 8 84
3 8 57
3 8 90
3 8 86
3 8 72
3 8 83
3 8 28
3 8 89
3 8 63
3 8 82
3 8 25
3 8 66
3 8 65
3 8 79
3 8 100
3 8 92
3 8 44
3 8 14
3 8 17
3 8 78
3 8 67
3 8 97
3 8 65
3 8 89
3 8 27
3 8 50
3 8 55
3 8 77
3 8 86
3 8 24
3 8 97
3 8 72
3 8 47
4 9 78
4 9 47
4 9 87
4 9 11
4 9 12
4 9 67
4 9 85
4 9 3
4 9 25
4 9 60
4 9 6
4 9 57
4 9 75
4 9 7
4 9 61
4 9 28
4 9 2
4 9 96
4 9 89
4 9 61
4 9 15
4 9 22
4 9 32
4 9 7
4 9 88
4 9 28
4 9 15
4 9 90
4 9 86
4 9 51
4 9 14
4 9 3
4 9 3
4 9 27
4 9 94
4 9 97
4 9 36
4 9 72
4 9 94
4 9 48
4 9 18
4 9 87
4 9 32
4 9 36
5 10 100
5 10 3
5 10 76
5 10 34
5 10 6
5 10 82
5 10 50
5 10 7
5 10 6
5 10 81
5 10 6
5 10 23
5 10 30
5 10 42
5 10 68
5 10 76
5 10 74
5 10 18
5 10 60
5 10 29
5 10 64
5 10 72
5 10 99
5 10 9
5 10 30
5 10 68
5 10 48
5 10 1
5 10 39
5 10 47
5 10 17
5 10 93
5 10 29
5 10 86
5 10 50
5 10 29
5 10 71
5 10 60
5 10 49
5 10 2
5 10 63
5 10 78
5 10 48
5 10 50
5 10 59
5 10 90
5 10 33
5 10 53
5 10 11
5 10 6
5 10 90
5 10 14
5 10 85
6 11 37
6 11 28
6 11 53
6 11 23
6 11 65
6 11 72
6 11 12
6 11 56
6 11 36
6 11 91
6 11 28
6 11 35
6 11 33
6 11 40
6 11 45
6 11 95
6 11 17
6 11 97
6 11 75
6 11 27
6 11 31
6 11 69
6 11 48
6 11 98
6 11 63
6 11 32
6 11 7
6 11 36
6 11 19
6 11 9
6 11 75
6 11 38
6 11 95
6 11 52
6 11 4
6 11 97
6 11 90
6 11 66
6 11 60
6 11 79
6 11 56
6 11 68
6 11 65
6 11 69
6 11 2
6 11 44
7 12 64
7 12 9
7 12 47
7 12 42
7 12 64
7 12 26
7 12 51
7 12 58
7 12 12
7 12 48
7 12 2
7 12 63
7 12 47
7 12 72
7 12 91
7 12 49
7 12 20
7 12 6
7 12 14
7 12 29
7 12 27
7 12 1
7 12 17
7 12 74
7 12 89
7 12 62
7 12 7
7 12 28
7 12 60
7 12 73
7 12 57
7 12 34
7 12 5
7 12 22
7 12 89
7 12 51
7 12 19
7 12 87
7 12 50
7 12 100
7 12 32
7 12 98
7 12 21
7 12 69
7 12 33
7 12 87
7 12 30
7 12 77
7 12 49
7 12 14
8 13 95
8 13 17
8 13 78
8 13 58
8 13 91
8 13 69
8 13 69
8 13 28
8 13 22
8 13 26
8 13 31
8 13 13
8 13 36
8 13 51
8 13 35
8 13 83
8 13 68
8 13 8
8 13 10
8 13 20
8 13 94
8 13 12
8 13 18
8 13 18
8 13 71
8 13 84
8 13 37
8 13 100
8 13 89
8 13 74
8 13 10
8 13 32
8 13 17
8 13 11
8 13 51
8 13 47
8 13 66
8 13 62
8 13 88
8 13 2
8 13 83
8 13 98
8 13 79
8 13 24
8 13 59
8 13 16
8 13 34
8 13 1
9 14 38
9 14 9
9 14 73
9 14 10
9 14 91
9 14 27
9 14 49
9 14 69
9 14 69
9 14 30
9 14 30
9 14 43
9 14 75
9 14 37
9 14 60
9 14 98
9 14 80
9 14 62
9 14 9
9 14 24
9 14 95
9 14 10
9 14 60
9 14 98
9 14 2
9 14 80
9 14 7
9 14 72
9 14 56
9 14 77
9 14 11
9 14 48
9 14 85
9 14 37
9 14 20
9 14 36
9 14 26
9 14 8
9 14 36
9 14 45
9 14 70
10 15 67
10 15 16
10 15 96
10 15 38
10 15 66
10 15 72
10 15 33
10 15 33
10 15 6
10 15 39
10 15 56
10 15 3
10 15 47
10 15 51
10 15 56
10 15 70
10 15 40
10 15 91
10 15 67
10 15 12
10 15 93
10 15 45
10 15 85
10 15 15
10 15 47
10 15 29
10 15 25
10 15 23
10 15 13
10 15 36
10 15 61
10 15 45
10 15 46
10 15 72
10 15 37
10 15 82
10 15 60
10 15 65
10 15 29
10 15 7
11 16 21
11 16 54
11 16 88
11 16 90
11 16 14
11 16 59
11 16 56
11 16 5
11 16 79
11 16 9
11 16 67
11 16 66
11 16 97
11 16 96
11 16 55
11 16 69
11 16 20
11 16 5
11 16 48
11 16 47
11 16 38
11 16 46
11 16 27
11 16 51
11 16 70
11 16 67
11 16 80
11 16 44
11 16 27
11 16 31
11 16 2
11 16 83
11 16 60
11 16 10
11 16 100
11 16 14
11 16 64
11 16 80
11 16 71
11 16 41
11 16 98
11 16 94
11 16 74
11 16 2
11 16 30
11 16 81
11 16 89
11 16 13
11 16 53
11 16 15
11 16 28
11 16 49
11 16 2
11 16 39
11 16 19
11 16 14
11 16 59
11 16 30
11 16 87
12 17 88
12 17 81
12 17 70
12 17 40
12 17 73
12 17 36
12 17 91
12 17 75
12 17 96
12 17 85
12 17 73
12 17 92
12 17 84
12 17 85
12 17 73
12 17 82
12 17 89
12 17 13
12 17 2
12 17 7
12 17 6
12 17 63
12 17 96
12 17 86
12 17 92
12 17 9
12 17 38
12 17 18
12 17 8
12 17 23
12 17 50
12 17 100
12 17 51
12 17 1
12 17 21
12 17 79
12 17 23
12 17 5
12 17 95
12 17 57
12 17 99
12 17 81
12 17 14
12 17 69
12 17 35
13 18 65
13 18 62
13 18 5
13 18 8
13 18 19
13 18 24
13 18 15
13 18 74
13 18 2
13 18 24
13 18 80
13 18 1
13 18 68
13 18 91
13 18 84
13 18 9
13 18 11
13 18 37
13 18 86
13 18 72
13 18 11
13 18 32
13 18 4
13 18 92
13 18 49
13 18 39
13 18 72
13 18 62
13 18 82
13 18 73
13 18 98
13 18 58
13 18 21
13 18 94
13 18 2
13 18 47
13 18 10
13 18 26
13 18 10
13 18 84
13 18 51
14 19 15
14 19 84
14 19 89
14 19 68
14 19 33
14 19 40
14 19 46
14 19 98
14 19 22
14 19 88
14 19 6
14 19 46
14 19 8
14 19 98
14 19 51
14 19 50
14 19 13
14 19 84
14 19 17
14 19 57
14 19 97
14 19 11
14 19 64
14 19 42
14 19 67
14 19 16
14 19 47
14 19 72
14 19 80
14 19 63
14 19 69
14 19 1
14 19 5
14 19 63
14 19 1
14 19 31
14 19 27
14 19 37
14 19 48
14 19 9
14 19 34
14 19 94
14 19 20
14 19 38
14 19 5
14 19 98
14 19 83
14 19 32
14 19 93
14 19 50
14 19 82
15 20 75
15 20 45
15 20 43
15 20 99
15 20 15
15 20 30
15 20 41
15 20 64
15 20 45
15 20 63
15 20 38
15 20 90
15 20 53
15 20 74
15 20 63
15 20 18
15 20 19
15 20 4
15 20 67
15 20 14
15 20 24
15 20 2
15 20 71
15 20 59
15 20 2
15 20 47
15 20 78
15 20 77
15 20 45
15 20 28
15 20 18
15 20 45
15 20 37
15 20 23
15 20 73
15 20 87
15 20 19
15 20 56
15 20 78
15 20 8
15 20 31
15 20 32
15 20 92
15 20 42
15 20 78
15 20 53
15 20 93
15 20 76
15 20 60
15 20 46
15 20 22
15 20 59
15 20 77
15 20 74
16 21 7
16 21 49
16 21 17
16 21 95
16 21 20
16 21 91
16 21 51
16 21 51
16 21 99
16 21 30
16 21 2
16 21 18
16 21 9
16 21 70
16 21 25
16 21 16
16 21 99
16 21 16
16 21 12
16 21 43
16 21 90
16 21 46
16 21 41
16 21 43
16 21 41
16 21 87
16 21 98
16 21 44
16 21 77
16 21 10
16 21 96
16 21 20
16 21 74
16 21 24
16 21 65
16 21 57
16 21 67
16 21 36
16 21 34
16 21 91
16 21 60
16 21 72
16 21 66
16 21 89
16 21 40
16 21 15
16 21 82
16 21 48
16 21 52
16 21 100
16 21 18
16 21 48
16 21 30
17 22 89
17 22 41
17 22 26
17 22 41
17 22 100
17 22 1
17 22 37
17 22 25
17 22 59
17 22 50
17 22 84
17 22 71
17 22 27
17 22 100
17 22 47
17 22 52
17 22 9
17 22 39
17 22 73
17 22 53
17 22 12
17 22 60
17 22 9
17 22 1
17 22 60
17 22 7
17 22 63
17 22 46
17 22 3
17 22 63
17 22 10
17 22 71
17 22 17
17 22 80
17 22 48
17 22 9
17 22 50
17 22 56
17 22 64
17 22 53
17 22 28
17 22 64
17 22 32
17 22 100
17 22 93
17 22 4
17 22 51
17 22 20
18 23 21
18 23 21
18 23 91
18 23 40
18 23 66
18 23 62
18 23 59
18 23 62
18 23 31
18 23 35
18 23 31
18 23 87
18 23 96
18 23 10
18 23 75
18 23 66
18 23 90
18 23 40
18 23 35
18 23 59
18 23 69
18 23 18
18 23 77
18 23 70
18 23 20
18 23 8
18 23 69
18 23 100
18 23 78
18 23 44
18 23 30
18 23 39
18 23 62
18 23 74
18 23 79
18 23 40
18 23 86
18 23 61
18 23 43
18 23 71
18 23 39
18 23 78
18 23 99
18 23 51
18 23 71
18 23 3
18 23 1
18 23 78
18 23 16
18 23 86
19 24 37
19 24 14
19 24 62
19 24 29
19 24 90
19 24 82
19 24 58
19 24 40
19 24 99
19 24 20
19 24 8
19 24 78
19 24 46
19 24 66
19 24 12
19 24 65
19 24 56
19 24 100
19 24 61
19 24 4
19 24 76
19 24 93
19 24 81
19 24 49
19 24 64
19 24 68
19 24 100
19 24 52
19 24 15
19 24 21
19 24 62
19 24 79
19 24 55
19 24 89
19 24 18
19 24 71
19 24 65
19 24 35
19 24 45
19 24 16
19 24 57
19 24 81
19 24 43
19 24 69
19 24 12
19 24 29
19 24 4
19 24 83
19 24 94
19 24 67
19 24 31
20 25 74
20 25 51
20 25 10
20 25 70
20 25 76
20 25 13
20 25 93
20 25 73
20 25 92
20 25 75
20 25 90
20 25 51
20 25 28
20 25 42
20 25 61
20 25 33
20 25 49
20 25 1
20 25 64
20 25 70
20 25 67
20 25 58
20 25 72
20 25 44
20 25 81
20 25 66
20 25 79
20 25 96
20 25 63
20 25 60
20 25 80
20 25 18
20 25 19
20 25 9
20 25 37
20 25 2
20 25 35
20 25 17
20 25 71
20 25 68
20 25 73
20 25 82
20 25 15
20 25 41
20 25 95
20 25 72
20 25 44
20 25 82
20 25 1
20 25 92
20 25 40
20 25 47
20 25 41
20 25 27
20 25 8
20 25 92
20 25 98
20 25 36
20 25 23
20 25 77
21 26 43
21 26 36
21 26 14
21 26 76
21 26 74
21 26 96
21 26 96
21 26 93
21 26 48
21 26 5
21 26 8
21 26 56
21 26 76
21 26 33
21 26 8
21 26 81
21 26 32
21 26 27
21 26 55
21 26 41
21 26 27
21 26 90
21 26 47
21 26 1
21 26 89
21 26 29
21 26 6
21 26 21
21 26 49
21 26 85
21 26 87
21 26 47
21 26 73
21 26 76
21 26 82
21 26 63
21 26 7
21 26 41
21 26 47
21 26 38
21 26 27
21 26 100
22 27 29
22 27 37
22 27 55
22 27 87
22 27 92
22 27 18
22 27 27
22 27 59
22 27 71
22 27 32
22 27 93
22 27 4
22 27 44
22 27 4
22 27 83
22 27 80
22 27 23
22 27 14
22 27 1
22 27 21
22 27 36
22 27 60
22 27 80
22 27 12
22 27 41
22 27 14
22 27 93
22 27 10
22 27 45
22 27 19
22 27 67
22 27 29
22 27 66
22 27 85
22 27 86
22 27 92
23 28 73
23 28 64
23 28 45
23 28 18
23 28 24
23 28 32
23 28 84
23 28 14
23 28 14
23 28 92
23 28 82
23 28 56
23 28 64
23 28 98
23 28 72
23 28 54
23 28 28
23 28 73
23 28 25
23 28 35
23 28 32
23 28 23
23 28 50
23 28 22
23 28 39
23 28 46
23 28 97
23 28 61
23 28 65
23 28 39
23 28 25
23 28 10
23 28 100
23 28 6
23 28 13
23 28 40
23 28 11
23 28 46
23 28 81
23 28 50
23 28 34
23 28 7
23 28 98
23 28 49
23 28 96
23 28 87
23 28 15
23 28 77
23 28 67
23 28 32
23 28 15
23 28 53
23 28 28
23 28 55
23 28 2
23 28 78
23 28 99
23 28 32
24 29 13
24 29 45
24 29 5
24 29 70
24 29 92
24 29 10
24 29 45
24 29 43
24 29 99
24 29 79
24 29 24
24 29 63
24 29 19
24 29 74
24 29 84
24 29 88
24 29 6
24 29 19
24 29 38
24 29 53
24 29 13
24 29 33
24 29 49
24 29 78
24 29 74
24 29 79
24 29 3
24 29 93
24 29 28
24 29 48
24 29 25
24 29 2
24 29 51
24 29 78
24 29 25
24 29 88
24 29 40
24 29 15
24 29 61
24 29 57
24 29 56
24 29 19
24 29 58
24 29 68
24 29 98
24 29 81
24 29 78
24 29 19
24 29 44
24 29 37
24 29 80
25 30 52
25 30 64
25 30 1
25 30 52
25 30 96
25 30 37
25 30 75
25 30 96
25 30 98
25 30 10
25 30 12
25 30 14
25 30 8
25 30 79
25 30 11
25 30 63
25 30 72
25 30 19
25 30 41
25 30 68
25 30 59
25 30 100
25 30 36
25 30 30
25 30 88
25 30 36
25 30 47
25 30 87
25 30 1
25 30 89
25 30 79
25 30 69
25 30 80
25 30 39
25 30 11
25 30 14
25 30 1
25 30 59
25 30 86
25 30 57
25 30 78
25 30 28
25 30 89
25 30 8
25 30 4
25 30 11
25 30 33
25 30 83
25 30 87
25 30 100
25 30 52
25 30 76
25 30 44
25 30 18
26 31 9
26 31 73
26 31 75
26 31 5
26 31 26
26 31 18
26 31 9
26 31 92
26 31 61
26 31 73
26 31 67
26 31 84
26 31 2
26 31 51
26 31 27
26 31 20
26 31 89
26 31 83
26 31 16
26 31 95
26 31 69
26 31 64
26 31 34
26 31 82
26 31 72
26 31 34
26 31 67
26 31 79
26 31 63
26 31 40
26 31 13
26 31 68
26 31 47
26 31 92
26 31 87
26 31 41
26 31 3
26 31 97
26 31 18
26 31 95
26 31 14
27 32 80
27 32 80
27 32 8
27 32 58
27 32 16
27 32 42
27 32 80
27 32 66
27 32 49
27 32 4
27 32 12
27 32 96
27 32 88
27 32 51
27 32 31
27 32 54
27 32 23
27 32 75
27 32 14
27 32 10
27 32 23
27 32 38
27 32 54
27 32 15
27 32 41
27 32 97
27 32 6
27 32 46
27 32 88
27 32 23
27 32 2
27 32 90
27 32 32
27 32 69
27 32 73
27 32 59
27 32 15
27 32 10
27 32 75
27 32 50
28 33 38
28 33 19
28 33 51
28 33 74
28 33 28
28 33 98
28 33 36
28 33 99
28 33 98
28 33 32
28 33 90
28 33 1
28 33 99
28 33 46
28 33 75
28 33 85
28 33 88
28 33 32
28 33 35
28 33 39
28 33 8
28 33 23
28 33 59
28 33 22
28 33 77
28 33 82
28 33 17
28 33 21
28 33 15
28 33 13
28 33 57
28 33 93
28 33 46
29 34 34
29 34 2
29 34 19
29 34 21
29 34 75
29 34 37
29 34 99
29 34 58
29 34 96
29 34 98
29 34 77
29 34 11
29 34 95
29 34 31
29 34 32
29 34 36
29 34 74
29 34 2
29 34 94
29 34 56
29 34 79
29 34 80
29 34 44
29 34 4
29 34 17
29 34 78
29 34 58
29 34 94
29 34 90
29 34 67
29 34 70
29 34 48
29 34 8
29 34 37
29 34 25
29 34 36
29 34 40
29 34 66
29 34 71
29 34 62
29 34 1
29 34 87
29 34 82
29 34 72
29 34 75
29 34 73
29 34 46
29 34 82
29 34 26
29 34 71
29 34 35
29 34 83
29 34 9
30 35 68
30 35 91
30 35 68
30 35 11
30 35 35
30 35 98
30 35 13
30 35 57
30 35 94
30 35 20
30 35 61
30 35 26
30 35 47
30 35 67
30 35 73
30 35 71
30 35 90
30 35 11
30 35 45
30 35 87
30 35 63
30 35 95
30 35 83
30 35 11
30 35 32
30 35 78
30 35 48
30 35 2
30 35 50
30 35 41
30 35 49
30 35 14
30 35 57
30 35 23
30 35 82
30 35 39
30 35 93
30 35 95
30 35 45
30 35 40
30 35 92
30 35 74
30 35 99
30 35 95
30 35 73
30 35 36
30 35 49
30 35 64
30 35 90
30 35 28
30 35 37
30 35 32
30 35 10
30 35 25
30 35 15
30 35 54
30 35 28
30 35 46
30 35 13
31 36 38
31 36 72
31 36 94
31 36 75
31 36 66
31 36 25
31 36 68
31 36 55
31 36 57
31 36 68
31 36 12
31 36 66
31 36 95
31 36 27
31 36 66
31 36 92
31 36 91
31 36 81
31 36 98
31 36 78
31 36 5
31 36 45
31 36 4
31 36 32
31 36 73
31 36 94
31 36 33
31 36 6
31 36 20
31 36 33
31 36 55
31 36 72
31 36 44
31 36 28
31 36 13
31 36 57
31 36 1
31 36 92
31 36 36
31 36 7
31 36 95
31 36 19
31 36 43
31 36 27
31 36 89
31 36 54
31 36 51
31 36 65
31 36 66
31 36 29
31 36 71
31 36 38
31 36 70
31 36 20
31 36 10
31 36 57
31 36 80
31 36 38
31 36 91
32 37 22
32 37 40
32 37 86
32 37 39
32 37 51
32 37 96
32 37 89
32 37 46
32 37 36
32 37 26
32 37 58
32 37 14
32 37 50
32 37 16
32 37 99
32 37 7
32 37 47
32 37 84
32 37 94
32 37 78
32 37 67
32 37 83
32 37 61
32 37 52
32 37 17
32 37 42
32 37 30
32 37 90
32 37 50
32 37 45
32 37 49
32 37 62
32 37 4
32 37 13
32 37 97
32 37 36
32 37 77
32 37 2
32 37 73
32 37 24
32 37 94
32 37 36
32 37 31
32 37 3
32 37 43
32 37 69
32 37 82
32 37 39
32 37 5
32 37 86
32 37 96
32 37 33
32 37 38
32 37 88
33 38 2
33 38 78
33 38 96
33 38 15
33 38 41
33 38 92
33 38 73
33 38 60
33 38 52
33 38 90
33 38 84
33 38 77
33 38 78
33 38 42
33 38 6
33 38 93
33 38 17
33 38 42
33 38 95
33 38 68
33 38 20
33 38 71
33 38 68
33 38 77
33 38 72
33 38 34
33 38 33
33 38 20
33 38 18
33 38 1
33 38 34
33 38 84
33 38 98
33 38 54
33 38 6
33 38 95
33 38 16
33 38 76
33 38 35
33 38 80
33 38 75
33 38 59
33 38 85
34 39 18
34 39 80
34 39 34
34 39 72
34 39 10
34 39 41
34 39 11
34 39 21
34 39 5
34 39 78
34 39 62
34 39 99
34 39 38
34 39 34
34 39 73
34 39 22
34 39 22
34 39 36
34 39 25
34 39 93
34 39 1
34 39 76
34 39 51
34 39 46
34 39 29
34 39 14
34 39 4
34 39 1
34 39 80
34 39 54
34 39 29
34 39 7
34 39 31
34 39 12
34 39 68
34 39 91
34 39 89
34 39 3
34 39 12
34 39 19
34 39 36
34 39 77
34 39 56
34 39 15
34 39 35
34 39 25
34 39 38
34 39 98
34 39 1
35 40 30
35 40 73
35 40 48
35 40 7
35 40 93
35 40 15
35 40 51
35 40 61
35 40 21
35 40 45
35 40 34
35 40 47
35 40 88
35 40 87
35 40 92
35 40 70
35 40 87
35 40 61
35 40 54
35 40 93
35 40 47
35 40 97
35 40 97
35 40 86
35 40 32
35 40 84
35 40 16
35 40 64
35 40 4
35 40 48
35 40 28
35 40 17
35 40 81
35 40 40
35 40 47
35 40 10
35 40 62
35 40 85
35 40 54
35 40 87
35 40 49
35 40 98
35 40 60
35 40 60
35 40 66
35 40 9
35 40 49
35 40 34
35 40 86
35 40 23
35 40 29
36 41 53
36 41 63
36 41 43
36 41 25
36 41 54
36 41 43
36 41 37
36 41 26
36 41 79
36 41 81
36 41 42
36 41 87
36 41 91
36 41 51
36 41 81
36 41 15
36 41 38
36 41 61
36 41 23
36 41 75
36 41 23
36 41 17
36 41 68
36 41 40
36 41 53
36 41 52
36 41 9
36 41 2
36 41 78
36 41 23
36 41 2
36 41 4
36 41 70
36 41 36
36 41 89
36 41 97
36 41 11
36 41 64
36 41 70
36 41 90
36 41 42
36 41 72
36 41 52
36 41 97
36 41 6
36 41 62
36 41 23
36 41 64
36 41 16
36 41 62
36 41 49
36 41 26
36 41 70
36 41 98
36 41 91
36 41 58
37 42 29
37 42 13
37 42 29
37 42 45
37 42 99
37 42 28
37 42 19
37 42 92
37 42 83
37 42 93
37 42 55
37 42 33
37 42 57
37 42 38
37 42 35
37 42 48
37 42 100
37 42 22
37 42 2
37 42 43
37 42 35
37 42 30
37 42 23
37 42 38
37 42 46
37 42 58
37 42 92
37 42 79
37 42 72
37 42 25
37 42 11
37 42 43
37 42 79
37 42 81
37 42 80
37 42 31
37 42 11
37 42 38
37 42 31
37 42 38
37 42 89
37 42 38
37 42 32
37 42 87
37 42 29
37 42 70
37 42 40
37 42 35
37 42 36
37 42 23
37 42 39
37 42 87
37 42 87
37 42 57
37 42 16
38 43 30
38 43 95
38 43 61
38 43 57
38 43 39
38 43 8
38 43 60
38 43 39
38 43 57
38 43 84
38 43 45
38 43 2
38 43 74
38 43 44
38 43 4
38 43 67
38 43 96
38 43 38
38 43 64
38 43 4
38 43 5
38 43 63
38 43 8
38 43 7
38 43 34
38 43 76
38 43 48
38 43 7
38 43 72
38 43 23
38 43 36
38 43 10
38 43 24
38 43 51
38 43 94
38 43 15
38 43 30
38 43 25
38 43 70
38 43 82
38 43 35
38 43 83
38 43 92
38 43 19
38 43 82
38 43 64
38 43 29
38 43 94
38 43 64
38 43 42
38 43 1
38 43 20
39 44 92
39 44 8
39 44 45
39 44 65
39 44 11
39 44 75
39 44 77
39 44 73
39 44 9
39 44 93
39 44 59
39 44 26
39 44 32
39 44 29
39 44 68
39 44 21
39 44 59
39 44 70
39 44 31
39 44 89
39 44 35
39 44 11
39 44 22
39 44 96
39 44 37
39 44 87
39 44 6
39 44 59
39 44 43
39 44 36
39 44 48
39 44 12
39 44 46
39 44 6
39 44 11
39 44 10
39 44 53
39 44 28
39 44 54
39 44 99
39 44 83
39 44 12
39 44 21
39 44 40
39 44 32
39 44 92
40 45 27
40 45 81
40 45 8
40 45 9
40 45 98
40 45 50
40 45 19
40 45 84
40 45 94
40 45 26
40 45 57
40 45 60
40 45 14
40 45 60
40 45 55
40 45 62
40 45 13
40 45 34
40 45 35
40 45 11
40 45 95
40 45 90
40 45 13
40 45 91
40 45 83
40 45 59
40 45 32
40 45 66
40 45 35
40 45 37
40 45 94
40 45 4
40 45 86
40 45 35
40 45 64
40 45 17
40 45 80
40 45 16
40 45 61
40 45 83
40 45 23
40 45 67
40 45 53
40 45 94
40 45 65
40 45 4
40 45 88
40 45 5
40 45 24
40 45 76
40 45 41
40 45 43
41 46 14
41 46 87
41 46 24
41 46 51
41 46 91
41 46 74
41 46 63
41 46 38
41 46 22
41 46 41
41 46 37
41 46 90
41 46 88
41 46 93
41 46 87
41 46 10
41 46 94
41 46 73
41 46 36
41 46 65
41 46 42
41 46 87
41 46 55
41 46 1
41 46 68
41 46 25
41 46 45
41 46 5
41 46 52
41 46 56
41 46 91
41 46 84
41 46 24
41 46 65
41 46 70
41 46 67
41 46 90
41 46 71
41 46 24
41 46 23
41 46 46
41 46 22
42 47 40
42 47 53
42 47 55
42 47 70
42 47 4
42 47 40
42 47 15
42 47 99
42 47 60
42 47 57
42 47 79
42 47 31
42 47 43
42 47 54
42 47 49
42 47 56
42 47 24
42 47 42
42 47 85
42 47 39
42 47 83
42 47 62
42 47 52
42 47 78
42 47 11
42 47 51
42 47 31
42 47 44
42 47 98
42 47 7
42 47 33
42 47 47
42 47 87
42 47 50
42 47 82
42 47 53
42 47 19
42 47 83
42 47 97
42 47 3
42 47 12
42 47 50
42 47 61
42 47 23
42 47 45
42 47 82
42 47 20
42 47 56
42 47 46
43 48 92
43 48 84
43 48 62
43 48 100
43 48 37
43 48 26
43 48 24
43 48 85
43 48 49
43 48 5
43 48 76
43 48 53
43 48 11
43 48 4
43 48 67
43 48 10
43 48 69
43 48 57
43 48 10
43 48 58
43 48 94
43 48 10
43 48 83
43 48 56
43 48 91
43 48 79
43 48 17
43 48 30
43 48 39
43 48 13
43 48 19
43 48 72
43 48 54
43 48 50
43 48 19
43 48 42
43 48 85
43 48 57
43 48 19
43 48 62
43 48 52
43 48 11
43 48 72
43 48 75
43 48 26
43 48 12
43 48 67
43 48 79
43 48 53
43 48 72
43 48 24
43 48 49
43 48 97
43 48 69
43 48 55
43 48 41
43 48 24
43 48 54
43 48 63
43 48 64
43 48 30
43 48 76
43 48 14
43 48 51
43 48 19
43 48 97
43 48 16
44 49 61
44 49 23
44 49 24
44 49 97
44 49 53
44 49 30
44 49 9
44 49 86
44 49 100
44 49 39
44 49 53
44 49 84
44 49 65
44 49 9
44 49 38
44 49 2
44 49 65
44 49 17
44 49 92
44 49 51
44 49 24
44 49 35
44 49 26
44 49 85
44 49 7
44 49 68
44 49 42
44 49 98
44 49 58
44 49 40
44 49 36
44 49 33
44 49 84
44 49 30
44 49 28
44 49 43
44 49 42
44 49 79
44 49 65
44 49 37
44 49 80
44 49 28
44 49 21
44 49 23
44 49 51
44 49 15
44 49 20
44 49 76
44 49 3
44 49 14
44 49 85
44 49 50
44 49 65
44 49 37
44 49 25
45 50 90
45 50 89
45 50 19
45 50 70
45 50 49
45 50 77
45 50 47
45 50 46
45 50 47
45 50 85
45 50 86
45 50 55
45 50 58
45 50 43
45 50 92
45 50 28
45 50 19
45 50 45
45 50 60
45 50 59
45 50 49
45 50 77
45 50 29
45 50 91
45 50 10
45 50 98
45 50 79
45 50 65
45 50 32
45 50 48
45 50 51
45 50 18
45 50 50
45 50 56
45 50 15
45 50 44
45 50 38
45 50 60
45 50 43
45 50 29
45 50 93
45 50 95
45 50 54
45 50 15
45 50 90
45 50 96
45 50 16
45 50 88
45 50 66
45 50 25
45 50 99
45 50 15
45 50 71
45 50 60
45 50 1
46 51 57
46 51 58
46 51 9
46 51 57
46 51 67
46 51 42
46 51 28
46 51 98
46 51 96
46 51 11
46 51 42
46 51 34
46 51 89
46 51 16
46 51 82
46 51 6
46 51 27
46 51 18
46 51 60
46 51 9
46 51 73
46 51 84
46 51 70
46 51 90
46 51 11
46 51 26
46 51 78
46 51 13
46 51 55
46 51 67
46 51 12
46 51 16
46 51 51
46 51 67
46 51 34
46 51 76
46 51 32
46 51 80
46 51 67
46 51 76
47 52 46
47 52 3
47 52 4
47 52 69
47 52 8
47 52 69
47 52 25
47 52 30
47 52 13
47 52 1
47 52 44
47 52 66
47 52 38
47 52 81
47 52 63
47 52 66
47 52 2
47 52 82
47 52 64
47 52 98
47 52 52
47 52 96
47 52 90
47 52 26
47 52 34
47 52 70
47 52 45
47 52 28
47 52 79
47 52 76
47 52 77
47 52 8
47 52 22
47 52 69
47 52 40
47 52 68
47 52 98
47 52 23
47 52 100
47 52 94
47 52 39
47 52 82
47 52 58
47 52 54
47 52 19
47 52 17
47 52 98
47 52 75
47 52 83
47 52 78
47 52 56
47 52 25
47 52 20
47 52 13
47 52 13
47 52 43
47 52 84
48 53 34
48 53 82
48 53 5
48 53 19
48 53 38
48 53 75
48 53 47
48 53 60
48 53 19
48 53 20
48 53 84
48 53 46
48 53 64
48 53 87
48 53 68
48 53 78
48 53 90
48 53 83
48 53 88
48 53 89
48 53 44
48 53 65
48 53 50
48 53 13
48 53 93
48 53 23
48 53 35
48 53 8
48 53 25
48 53 31
48 53 13
48 53 71
48 53 14
48 53 60
48 53 14
48 53 9
48 53 10
48 53 60
48 53 56
48 53 21
48 53 14
48 53 92
48 53 44
48 53 86
48 53 89
48 53 10
48 53 40
48 53 75
48 53 28
49 54 52
49 54 74
49 54 27
49 54 43
49 54 98
49 54 31
49 54 87
49 54 98
49 54 62
49 54 6
49 54 40
49 54 12
49 54 64
49 54 63
49 54 70
49 54 63
49 54 81
49 54 92
49 54 50
49 54 19
49 54 91
49 54 75
49 54 90
49 54 28
49 54 62
49 54 25
49 54 13
49 54 21
49 54 40
49 54 95
49 54 36
49 54 72
49 54 37
49 54 79
49 54 71
49 54 42
49 54 51
49 54 70
49 54 39
49 54 98
49 54 84
49 54 35
49 54 43
49 54 14
49 54 15
49 54 33
49 54 82
49 54 51
49 54 27
49 54 10
49 54 2
49 54 38
49 54 70
49 54 40
49 54 100
49 54 6
49 54 52
50 55 49
50 55 55
50 55 51
50 55 29
50 55 46
50 55 70
50 55 1
50 55 21
50 55 7
50 55 52
50 55 86
50 55 5
50 55 92
50 55 53
50 55 14
50 55 92
50 55 33
50 55 24
50 55 39
50 55 70
50 55 66
50 55 33
50 55 49
50 55 87
50 55 11
50 55 45
50 55 98
50 55 97
50 55 13
50 55 50
50 55 56
50 55 67
50 55 81
50 55 13
50 55 96
50 55 76
50 55 50
50 55 66
50 55 66
50 55 4
50 55 87
50 55 19
50 55 10
50 55 21
50 55 74
50 55 78
50 55 76
50 55 18
50 55 76
51 56 47
51 56 74
51 56 11
51 56 13
51 56 19
51 56 26
51 56 68
51 56 100
51 56 52
51 56 21
51 56 36
51 56 17
51 56 68
51 56 14
51 56 87
51 56 14
51 56 38
51 56 86
51 56 19
51 56 25
51 56 30
51 56 90
51 56 91
51 56 18
51 56 62
51 56 71
51 56 94
51 56 32
51 56 1
51 56 77
51 56 63
51 56 54
51 56 28
51 56 4
51 56 80
51 56 50
51 56 66
51 56 18
51 56 74
51 56 14
51 56 33
51 56 6
51 56 48
51 56 1
51 56 38
52 57 62
52 57 98
52 57 56
52 57 71
52 57 69
52 57 25
52 57 96
52 57 71
52 57 63
52 57 71
52 57 51
52 57 93
52 57 2
52 57 61
52 57 47
52 57 20
52 57 12
52 57 4
52 57 84
52 57 19
52 57 21
52 57 100
52 57 95
52 57 94
52 57 44
52 57 40
52 57 47
52 57 44
52 57 56
52 57 52
52 57 10
52 57 89
52 57 98
52 57 66
52 57 61
52 57 76
52 57 33
52 57 63
52 57 72
52 57 76
52 57 84
52 57 14
52 57 57
52 57 78
52 57 49
52 57 59
52 57 49
52 57 73
52 57 37
52 57 17
52 57 82
52 57 36
52 57 21
52 57 95
52 57 32
52 57 32
52 57 75
52 57 7
52 57 33
52 57 85
52 57 1
53 58 11
53 58 30
53 58 58
53 58 62
53 58 61
53 58 96
53 58 40
53 58 77
53 58 76
53 58 75
53 58 65
53 58 19
53 58 92
53 58 45
53 58 27
53 58 92
53 58 25
53 58 32
53 58 37
53 58 86
53 58 1
53 58 89
53 58 49
53 58 30
53 58 49
53 58 74
53 58 91
53 58 89
53 58 97
53 58 9
53 58 18
53 58 27
53 58 13
53 58 3
53 58 49
53 58 97
53 58 5
53 58 51
53 58 13
53 58 73
53 58 60
53 58 48
53 58 46
53 58 91
53 58 41
53 58 82
53 58 24
53 58 11
54 59 34
54 59 25
54 59 88
54 59 44
54 59 13
54 59 22
54 59 26
54 59 7
54 59 33
54 59 56
54 59 99
54 59 7
54 59 47
54 59 87
54 59 33
54 59 47
54 59 80
54 59 28
54 59 42
54 59 62
54 59 63
54 59 67
54 59 38
54 59 28
54 59 45
54 59 34
54 59 36
54 59 54
54 59 31
54 59 47
54 59 7
54 59 19
54 59 8
54 59 95
54 59 35
54 59 85
54 59 93
54 59 88
54 59 21
54 59 39
54 59 4
54 59 29
54 59 97
54 59 68
54 59 47
54 59 36
54 59 49
54 59 51
54 59 6
54 59 76
54 59 30
54 59 1
54 59 62
54 59 25
54 59 42
55 60 46
55 60 84
55 60 65
55 60 74
55 60 66
55 60 50
55 60 44
55 60 12
55 60 45
55 60 89
55 60 46
55 60 31
55 60 41
55 60 56
55 60 25
55 60 46
55 60 26
55 60 37
55 60 39
55 60 84
55 60 58
55 60 24
55 60 78
55 60 45
55 60 96
55 60 67
55 60 7
55 60 53
55 60 25
55 60 26
55 60 26
55 60 55
55 60 63
55 60 56
55 60 90
55 60 74
55 60 80
55 60 73
55 60 54
55 60 43
55 60 56
55 60 75
55 60 42
56 61 43
56 61 2
56 61 98
56 61 63
56 61 62
56 61 100
56 61 3
56 61 1
56 61 51
56 61 3
56 61 13
56 61 38
56 61 46
56 61 35
56 61 50
56 61 81
56 61 84
56 61 50
56 61 54
56 61 71
56 61 24
56 61 62
56 61 30
56 61 34
56 61 73
56 61 41
56 61 46
56 61 51
56 61 18
56 61 58
56 61 46
56 61 92
56 61 42
56 61 72
56 61 100
56 61 47
56 61 92
56 61 35
56 61 49
56 61 86
56 61 92
56 61 43
56 61 85
56 61 29
56 61 25
56 61 99
56 61 57
56 61 7
56 61 75
56 61 74
56 61 39
56 61 57
56 61 16
56 61 56
56 61 8
56 61 22
56 61 71
56 61 68
56 61 32
57 62 11
57 62 53
57 62 71
57 62 41
57 62 96
57 62 10
57 62 61
57 62 18
57 62 84
57 62 20
57 62 75
57 62 31
57 62 86
57 62 30
57 62 1
57 62 92
57 62 84
57 62 59
57 62 3
57 62 57
57 62 70
57 62 33
57 62 76
57 62 29
57 62 59
57 62 81
57 62 46
57 62 81
57 62 23
57 62 4
57 62 56
57 62 13
57 62 99
57 62 94
57 62 39
57 62 20
57 62 67
57 62 73
57 62 51
57 62 28
57 62 95
57 62 95
57 62 61
57 62 38
57 62 30
57 62 89
57 62 20
57 62 32
57 62 25
57 62 99
57 62 6
57 62 44
57 62 41
58 63 5
58 63 56
58 63 96
58 63 45
58 63 94
58 63 71
58 63 19
58 63 97
58 63 29
58 63 60
58 63 59
58 63 52
58 63 55
58 63 37
58 63 79
58 63 100
58 63 99
58 63 26
58 63 28
58 63 52
58 63 67
58 63 5
58 63 65
58 63 40
58 63 34
58 63 89
58 63 84
58 63 96
58 63 70
58 63 36
58 63 24
58 63 4
58 63 64
58 63 66
58 63 61
58 63 17
58 63 32
58 63 54
58 63 13
58 63 34
58 63 54
58 63 100
58 63 60
58 63 8
58 63 50
58 63 78
58 63 62
58 63 50
58 63 49
58 63 79
58 63 58
58 63 56
58 63 94
58 63 35
58 63 46
58 63 86
58 63 89
58 63 91
58 63 27
58 63 88
58 63 29
59 64 79
59 64 65
59 64 47
59 64 17
59 64 91
59 64 61
59 64 16
59 64 96
59 64 48
59 64 70
59 64 34
59 64 50
59 64 89
59 64 32
59 64 97
59 64 92
59 64 35
59 64 46
59 64 27
59 64 90
59 64 46
59 64 70
59 64 26
59 64 77
59 64 29
59 64 29
59 64 84
59 64 53
59 64 82
59 64 98
59 64 41
59 64 43
59 64 1
59 64 92
59 64 44
59 64 60
59 64 23
59 64 62
59 64 92
59 64 39
59 64 40
59 64 91
59 64 25
59 64 87
59 64 93
59 64 21
59 64 17
60 65 79
60 65 78
60 65 39
60 65 50
60 65 53
60 65 19
60 65 29
60 65 57
60 65 53
60 65 84
60 65 11
60 65 33
60 65 24
60 65 77
60 65 28
60 65 9
60 65 74
60 65 98
60 65 46
60 65 8
60 65 57
60 65 87
60 65 6
60 65 88
60 65 97
60 65 74
60 65 29
60 65 55
60 65 54
60 65 10
60 65 74
60 65 72
60 65 55
60 65 91
60 65 46
60 65 2
60 65 100
60 65 98
60 65 4
60 65 14
61 66 58
61 66 10
61 66 71
61 66 52
61 66 23
61 66 32
61 66 36
61 66 61
61 66 94
61 66 30
61 66 74
61 66 11
61 66 95
61 66 7
61 66 60
61 66 94
61 66 10
61 66 45
61 66 75
61 66 49
61 66 13
61 66 100
61 66 46
61 66 77
61 66 60
61 66 75
61 66 48
61 66 95
61 66 62
61 66 17
61 66 67
61 66 42
61 66 29
61 66 100
61 66 47
61 66 44
61 66 61
61 66 81
61 66 56
61 66 17
61 66 27
61 66 9
61 66 99
61 66 18
61 66 57
61 66 81
61 66 38
61 66 80
62 67 15
62 67 38
62 67 34
62 67 93
62 67 32
62 67 94
62 67 68
62 67 86
62 67 41
62 67 59
62 67 38
62 67 31
62 67 35
62 67 19
62 67 60
62 67 32
62 67 71
62 67 42
62 67 60
62 67 6
62 67 42
62 67 28
62 67 48
62 67 4
62 67 81
62 67 63
62 67 98
62 67 49
62 67 9
62 67 4
62 67 99
62 67 96
62 67 44
62 67 31
62 67 42
62 67 67
62 67 91
62 67 8
62 67 44
62 67 66
62 67 94
62 67 33
63 68 63
63 68 50
63 68 82
63 68 89
63 68 48
63 68 95
63 68 95
63 68 62
63 68 75
63 68 89
63 68 97
63 68 48
63 68 77
63 68 49
63 68 61
63 68 71
63 68 99
63 68 80
63 68 81
63 68 74
63 68 75
63 68 76
63 68 90
63 68 12
63 68 59
63 68 59
63 68 98
63 68 98
63 68 77
63 68 30
63 68 73
63 68 66
63 68 21
63 68 91
63 68 87
63 68 11
63 68 19
63 68 8
63 68 62
63 68 26
63 68 79
63 68 8
63 68 79
63 68 72
63 68 26
63 68 53
63 68 48
63 68 60
64 69 45
64 69 56
64 69 18
64 69 86
64 69 26
64 69 56
64 69 84
64 69 35
64 69 65
64 69 79
64 69 67
64 69 34
64 69 90
64 69 85
64 69 88
64 69 67
64 69 58
64 69 58
64 69 39
64 69 36
64 69 24
64 69 30
64 69 71
64 69 95
64 69 10
64 69 12
64 69 62
64 69 82
64 69 2
64 69 55
64 69 51
64 69 3
64 69 33
64 69 35
64 69 49
64 69 61
64 69 52
64 69 4
64 69 50
64 69 94
64 69 71
64 69 10
64 69 28
64 69 7
64 69 57
64 69 9
64 69 13
64 69 97
64 69 59
64 69 21
64 69 55
64 69 37
64 69 81
65 70 53
65 70 20
65 70 10
65 70 79
65 70 63
65 70 47
65 70 42
65 70 15
65 70 76
65 70 81
65 70 25
65 70 68
65 70 77
65 70 88
65 70 46
65 70 79
65 70 27
65 70 19
65 70 78
65 70 39
65 70 52
65 70 32
65 70 57
65 70 28
65 70 10
65 70 12
65 70 73
65 70 22
65 70 76
65 70 15
65 70 68
65 70 77
65 70 84
65 70 57
65 70 96
65 70 11
65 70 56
65 70 52
65 70 56
65 70 85
66 71 3
66 71 54
66 71 84
66 71 75
66 71 88
66 71 36
66 71 33
66 71 79
66 71 47
66 71 88
66 71 88
66 71 22
66 71 59
66 71 74
66 71 78
66 71 35
66 71 95
66 71 70
66 71 55
66 71 53
66 71 19
66 71 1
66 71 66
66 71 6
66 71 17
66 71 99
66 71 98
66 71 68
66 71 78
66 71 36
66 71 98
66 71 10
66 71 21
66 71 80
66 71 99
66 71 38
66 71 25
66 71 60
66 71 56
66 71 28
66 71 54
66 71 93
66 71 1
66 71 69
66 71 68
66 71 45
66 71 98
66 71 50
67 72 47
67 72 87
67 72 65
67 72 76
67 72 73
67 72 24
67 72 81
67 72 83
67 72 11
67 72 5
67 72 91
67 72 79
67 72 82
67 72 44
67 72 93
67 72 79
67 72 72
67 72 83
67 72 24
67 72 53
67 72 74
67 72 93
67 72 83
67 72 1
67 72 16
67 72 88
67 72 47
67 72 89
67 72 2
67 72 88
67 72 14
67 72 10
67 72 3
67 72 76
67 72 66
67 72 49
67 72 21
67 72 33
67 72 66
67 72 93
67 72 79
67 72 42
67 72 34
67 72 40
67 72 76
67 72 40
67 72 45
67 72 11
67 72 8
68 73 61
68 73 16
68 73 51
68 73 64
68 73 8
68 73 84
68 73 93
68 73 48
68 73 72
68 73 40
68 73 69
68 73 54
68 73 53
68 73 77
68 73 57
68 73 62
68 73 20
68 73 80
68 73 97
68 73 40
68 73 48
68 73 65
68 73 35
68 73 49
68 73 12
68 73 87
68 73 21
68 73 65
68 73 89
68 73 77
68 73 87
68 73 74
68 73 84
68 73 15
68 73 36
68 73 71
68 73 33
68 73 86
68 73 80
68 73 16
68 73 20
68 73 58
68 73 35
68 73 4
68 73 13
68 73 23
68 73 63
68 73 99
68 73 30
69 74 58
69 74 30
69 74 14
69 74 22
69 74 44
69 74 48
69 74 8
69 74 53
69 74 7
69 74 43
69 74 80
69 74 41
69 74 20
69 74 71
69 74 42
69 74 54
69 74 42
69 74 10
69 74 81
69 74 97
69 74 97
69 74 81
69 74 72
69 74 67
69 74 59
69 74 5
69 74 23
69 74 7
69 74 11
69 74 94
69 74 16
69 74 68
69 74 63
69 74 91
69 74 5
69 74 10
69 74 38
69 74 35
69 74 55
69 74 9
70 75 52
70 75 80
70 75 10
70 75 62
70 75 100
70 75 45
70 75 38
70 75 84
70 75 98
70 75 37
70 75 49
70 75 86
70 75 56
70 75 72
70 75 100
70 75 70
70 75 97
70 75 11
70 75 35
70 75 4
70 75 8
70 75 30
70 75 66
70 75 44
70 75 16
70 75 45
70 75 94
70 75 17
70 75 47
70 75 64
70 75 43
70 75 10
70 75 6
70 75 24
70 75 2
70 75 13
70 75 90
70 75 85
70 75 74
70 75 8
70 75 81
70 75 69
70 75 92
70 75 48
70 75 20
70 75 16
70 75 96
71 76 15
71 76 37
71 76 2
71 76 52
71 76 68
71 76 11
71 76 98
71 76 47
71 76 22
71 76 74
71 76 38
71 76 53
71 76 74
71 76 100
71 76 42
71 76 63
71 76 38
71 76 49
71 76 64
71 76 21
71 76 52
71 76 51
71 76 2
71 76 98
71 76 13
71 76 40
71 76 23
71 76 19
71 76 14
71 76 4
71 76 30
71 76 79
71 76 1
71 76 96
71 76 31
71 76 39
71 76 21
71 76 73
71 76 75
71 76 91
71 76 49
71 76 2
71 76 93
71 76 29
71 76 30
71 76 70
71 76 82
71 76 81
71 76 94
71 76 70
71 76 16
71 76 97
71 76 100
72 77 80
72 77 2
72 77 90
72 77 52
72 77 15
72 77 10
72 77 53
72 77 45
72 77 67
72 77 34
72 77 87
72 77 49
72 77 84
72 77 50
72 77 18
72 77 53
72 77 74
72 77 100
72 77 90
72 77 10
72 77 32
72 77 61
72 77 71
72 77 11
72 77 18
72 77 31
72 77 84
72 77 1
72 77 37
72 77 55
72 77 89
72 77 93
72 77 11
72 77 92
72 77 57
72 77 3
72 77 73
72 77 36
72 77 92
72 77 68
72 77 64
72 77 60
72 77 36
72 77 46
72 77 94
72 77 14
72 77 29
73 78 84
73 78 42
73 78 44
73 78 55
73 78 97
73 78 59
73 78 12
73 78 81
73 78 58
73 78 25
73 78 1
73 78 32
73 78 38
73 78 20
73 78 41
73 78 1
73 78 73
73 78 12
73 78 37
73 78 74
73 78 77
73 78 100
73 78 56
73 78 43
73 78 20
73 78 76
73 78 60
73 78 90
73 78 85
73 78 85
73 78 61
73 78 53
73 78 52
73 78 11
73 78 90
73 78 86
73 78 32
73 78 33
73 78 36
73 78 32
73 78 87
73 78 19
73 78 65
73 78 74
73 78 77
74 79 33
74 79 14
74 79 3
74 79 17
74 79 21
74 79 88
74 79 39
74 79 57
74 79 48
74 79 52
74 79 51
74 79 84
74 79 15
74 79 43
74 79 16
74 79 14
74 79 27
74 79 15
74 79 50
74 79 77
74 79 19
74 79 29
74 79 11
74 79 63
74 79 95
74 79 25
74 79 20
74 79 29
74 79 44
74 79 86
74 79 54
74 79 45
74 79 71
74 79 22
74 79 62
74 79 15
74 79 6
74 79 31
74 79 39
74 79 43
74 79 68
74 79 52
74 79 97
74 79 24
74 79 2
74 79 6
74 79 99
74 79 28
74 79 71
75 80 53
75 80 23
75 80 40
75 80 75
75 80 50
75 80 21
75 80 87
75 80 3
75 80 22
75 80 44
75 80 3
75 80 40
75 80 73
75 80 57
75 80 27
75 80 9
75 80 66
75 80 27
75 80 90
75 80 34
75 80 39
75 80 63
75 80 11
75 80 23
75 80 79
75 80 35
75 80 78
75 80 50
75 80 41
75 80 95
75 80 3
75 80 17
75 80 93
75 80 50
75 80 41
75 80 88
75 80 11
75 80 54
75 80 67
75 80 77
75 80 60
76 81 28
76 81 35
76 81 71
76 81 52
76 81 72
76 81 83
76 81 79
76 81 86
76 81 88
76 81 78
76 81 100
76 81 53
76 81 11
76 81 2
76 81 91
76 81 18
76 81 28
76 81 12
76 81 2
76 81 87
76 81 97
76 81 12
76 81 40
76 81 28
76 81 100
76 81 37
76 81 61
76 81 95
76 81 29
76 81 61
76 81 45
76 81 62
76 81 61
76 81 85
76 81 43
76 81 19
76 81 100
76 81 58
76 81 14
76 81 88
76 81 28
76 81 9
76 81 40
76 81 19
76 81 63
77 82 20
77 82 60
77 82 69
77 82 77
77 82 59
77 82 43
77 82 15
77 82 100
77 82 66
77 82 11
77 82 48
77 82 73
77 82 32
77 82 3
77 82 73
77 82 39
77 82 37
77 82 82
77 82 93
77 82 3
77 82 27
77 82 2
77 82 68
77 82 19
77 82 33
77 82 51
77 82 63
77 82 4
77 82 95
77 82 87
77 82 31
77 82 94
77 82 77
77 82 25
77 82 63
77 82 86
77 82 40
77 82 21
77 82 62
77 82 75
78 83 91
78 83 7
78 83 50
78 83 38
78 83 78
78 83 11
78 83 50
78 83 64
78 83 83
78 83 15
78 83 76
78 83 99
78 83 81
78 83 83
78 83 79
78 83 63
78 83 62
78 83 62
78 83 36
78 83 38
78 83 91
78 83 95
78 83 76
78 83 10
78 83 20
78 83 11
78 83 87
78 83 84
78 83 2
78 83 29
78 83 42
78 83 49
78 83 53
78 83 10
78 83 27
78 83 39
78 83 58
78 83 61
78 83 90
78 83 23
78 83 87
78 83 34
78 83 38
78 83 26
78 83 25
78 83 20
78 83 3
78 83 15
78 83 11
78 83 94
78 83 21
78 83 36
79 84 35
79 84 83
79 84 51
79 84 94
79 84 60
79 84 21
79 84 53
79 84 12
79 84 69
79 84 43
79 84 46
79 84 26
79 84 24
79 84 4
79 84 57
79 84 67
79 84 30
79 84 13
79 84 29
79 84 63
79 84 70
79 84 49
79 84 82
79 84 92
79 84 95
79 84 31
79 84 40
79 84 18
79 84 4
79 84 8
79 84 53
79 84 39
79 84 12
79 84 60
79 84 63
79 84 42
79 84 100
79 84 18
79 84 64
79 84 48
79 84 67
79 84 28
79 84 37
79 84 63
79 84 6
79 84 87
79 84 5
79 84 66
79 84 82
79 84 95
79 84 47
79 84 25
79 84 72
79 84 89
79 84 35
79 84 93
80 85 17
80 85 25
80 85 97
80 85 81
80 85 59
80 85 73
80 85 61
80 85 67
80 85 4
80 85 28
80 85 25
80 85 19
80 85 48
80 85 63
80 85 34
80 85 20
80 85 39
80 85 76
80 85 49
80 85 42
80 85 69
80 85 66
80 85 27
80 85 24
80 85 55
80 85 86
80 85 25
80 85 76
80 85 25
80 85 59
80 85 56
80 85 78
80 85 28
80 85 22
80 85 12
80 85 2
80 85 73
80 85 49
80 85 86
80 85 79
80 85 18
80 85 14
80 85 17
80 85 87
81 86 23
81 86 86
81 86 99
81 86 9
81 86 7
81 86 55
81 86 52
81 86 76
81 86 97
81 86 40
81 86 24
81 86 42
81 86 77
81 86 27
81 86 84
81 86 14
81 86 85
81 86 69
81 86 3
81 86 24
81 86 29
81 86 61
81 86 22
81 86 27
81 86 34
81 86 51
81 86 17
81 86 1
81 86 1
81 86 64
81 86 10
81 86 33
81 86 28
81 86 16
81 86 100
81 86 95
81 86 65
81 86 24
81 86 26
81 86 50
81 86 71
82 87 87
82 87 1
82 87 29
82 87 100
82 87 3
82 87 30
82 87 99
82 87 16
82 87 29
82 87 77
82 87 99
82 87 75
82 87 4
82 87 51
82 87 66
82 87 53
82 87 92
82 87 56
82 87 29
82 87 86
82 87 71
82 87 13
82 87 4
82 87 24
82 87 91
82 87 68
82 87 34
82 87 61
82 87 40
82 87 81
82 87 41
82 87 32
82 87 26
82 87 42
82 87 80
82 87 54
82 87 28
82 87 12
82 87 17
82 87 49
82 87 71
82 87 1
82 87 15
82 87 68
82 87 82
82 87 95
82 87 58
82 87 54
82 87 62
82 87 36
82 87 95
82 87 49
82 87 33
82 87 43
82 87 2
82 87 88
82 87 58
82 87 93
82 87 8
82 87 18
82 87 73
82 87 18
82 87 23
82 87 19
83 88 86
83 88 84
83 88 34
83 88 73
83 88 11
83 88 61
83 88 12
83 88 52
83 88 98
83 88 46
83 88 11
83 88 72
83 88 99
83 88 46
83 88 29
83 88 77
83 88 87
83 88 96
83 88 18
83 88 47
83 88 70
83 88 96
83 88 80
83 88 59
83 88 71
83 88 55
83 88 87
83 88 75
83 88 55
83 88 3
83 88 72
83 88 41
83 88 89
83 88 80
83 88 43
83 88 79
83 88 93
83 88 29
83 88 66
83 88 41
83 88 24
83 88 95
83 88 77
83 88 20
83 88 22
83 88 17
83 88 64
84 89 94
84 89 2
84 89 81
84 89 24
84 89 81
84 89 88
84 89 52
84 89 57
84 89 76
84 89 98
84 89 15
84 89 89
84 89 6
84 89 42
84 89 88
84 89 97
84 89 44
84 89 27
84 89 99
84 89 29
84 89 38
84 89 43
84 89 78
84 89 4
84 89 49
84 89 93
84 89 55
84 89 44
84 89 84
84 89 9
84 89 1
84 89 87
84 89 16
84 89 54
84 89 10
84 89 51
85 90 90
85 90 90
85 90 91
85 90 35
85 90 64
85 90 56
85 90 38
85 90 80
85 90 73
85 90 50
85 90 72
85 90 94
85 90 69
85 90 29
85 90 79
85 90 11
85 90 18
85 90 57
85 90 57
85 90 100
85 90 39
85 90 33
85 90 96
85 90 53
85 90 57
85 90 83
85 90 52
85 90 80
85 90 95
85 90 66
85 90 8
85 90 96
85 90 37
85 90 68
85 90 41
85 90 95
85 90 73
85 90 90
85 90 51
85 90 3
85 90 47
85 90 19
85 90 26
85 90 44
85 90 55
85 90 57
85 90 50
85 90 85
85 90 76
85 90 95
85 90 5
86 91 11
86 91 24
86 91 97
86 91 71
86 91 44
86 91 64
86 91 44
86 91 57
86 91 9
86 91 33
86 91 32
86 91 21
86 91 84
86 91 46
86 91 93
86 91 45
86 91 89
86 91 19
86 91 63
86 91 82
86 91 4
86 91 38
86 91 44
86 91 7
86 91 29
86 91 47
86 91 36
86 91 44
86 91 71
86 91 86
86 91 37
86 91 27
86 91 29
86 91 10
86 91 2
86 91 87
86 91 71
86 91 62
86 91 11
86 91 56
86 91 74
86 91 90
86 91 15
86 91 93
86 91 88
86 91 75
86 91 59
86 91 17
86 91 72
87 92 27
87 92 79
87 92 79
87 92 68
87 92 69
87 92 74
87 92 65
87 92 19
87 92 46
87 92 78
87 92 70
87 92 55
87 92 2
87 92 16
87 92 21
87 92 73
87 92 21
87 92 13
87 92 10
87 92 45
87 92 2
87 92 41
87 92 47
87 92 5
87 92 82
87 92 14
87 92 66
87 92 96
87 92 66
87 92 48
87 92 98
87 92 28
87 92 31
87 92 100
87 92 27
87 92 87
87 92 3
87 92 85
87 92 31
87 92 69
87 92 69
87 92 54
87 92 82
87 92 72
87 92 18
88 93 23
88 93 6
88 93 92
88 93 49
88 93 61
88 93 64
88 93 27
88 93 32
88 93 32
88 93 11
88 93 13
88 93 65
88 93 7
88 93 90
88 93 22
88 93 58
88 93 77
88 93 30
88 93 58
88 93 98
88 93 73
88 93 40
88 93 22
88 93 73
88 93 99
88 93 52
88 93 93
88 93 27
88 93 33
88 93 73
88 93 14
88 93 73
88 93 63
88 93 34
88 93 96
88 93 78
88 93 61
88 93 37
88 93 60
88 93 29
88 93 30
88 93 9
88 93 67
88 93 72
88 93 23
88 93 33
88 93 92
88 93 1
88 93 73
88 93 14
88 93 35
88 93 46
88 93 16
88 93 48
88 93 9
88 93 43
88 93 1
88 93 87
88 93 62
88 93 67
88 93 94
88 93 32
88 93 49
88 93 18
88 93 5
88 93 39
88 93 88
88 93 19
89 94 5
89 94 86
89 94 4
89 94 14
89 94 2
89 94 49
89 94 29
89 94 9
89 94 84
89 94 55
89 94 46
89 94 18
89 94 69
89 94 97
89 94 58
89 94 88
89 94 17
89 94 30
89 94 40
89 94 43
89 94 59
89 94 10
89 94 7
89 94 27
89 94 39
89 94 48
89 94 4
89 94 70
89 94 25
89 94 49
89 94 100
89 94 89
89 94 49
89 94 10
89 94 19
89 94 44
89 94 98
89 94 23
89 94 26
89 94 62
89 94 9
89 94 87
89 94 16
89 94 75
89 94 71
89 94 29
89 94 63
89 94 50
89 94 39
89 94 4
89 94 5
89 94 11
89 94 37
89 94 71
89 94 97
89 94 88
89 94 95
89 94 22
90 95 100
90 95 1
90 95 56
90 95 21
90 95 29
90 95 51
90 95 44
90 95 77
90 95 15
90 95 84
90 95 79
90 95 93
90 95 18
90 95 55
90 95 19
90 95 4
90 95 43
90 95 20
90 95 71
90 95 1
90 95 71
90 95 48
90 95 20
90 95 18
90 95 58
90 95 82
90 95 48
90 95 9
90 95 62
90 95 85
90 95 72
90 95 95
90 95 5
90 95 28
90 95 98
90 95 72
90 95 14
90 95 20
90 95 40
90 95 66
90 95 31
90 95 87
90 95 91
90 95 60
90 95 100
90 95 63
90 95 99
90 95 1
90 95 73
90 95 70
90 95 86
90 95 58
90 95 77
90 95 49
90 95 48
91 96 93
91 96 36
91 96 65
91 96 97
91 96 12
91 96 31
91 96 33
91 96 36
91 96 96
91 96 40
91 96 67
91 96 56
91 96 72
91 96 4
91 96 75
91 96 10
91 96 25
91 96 33
91 96 32
91 96 73
91 96 59
91 96 1
91 96 16
91 96 46
91 96 43
91 96 64
91 96 26
91 96 96
91 96 57
91 96 87
91 96 23
91 96 55
91 96 68
91 96 64
91 96 78
91 96 36
91 96 76
91 96 9
91 96 48
91 96 85
91 96 17
91 96 12
91 96 87
91 96 55
91 96 72
91 96 23
91 96 43
91 96 21
91 96 87
91 96 49
92 97 96
92 97 9
92 97 33
92 97 82
92 97 3
92 97 88
92 97 5
92 97 61
92 97 43
92 97 75
92 97 17
92 97 10
92 97 22
92 97 55
92 97 74
92 97 47
92 97 18
92 97 88
92 97 25
92 97 97
92 97 23
92 97 5
92 97 24
92 97 46
92 97 7
92 97 15
92 97 80
92 97 25
92 97 27
92 97 93
92 97 97
92 97 88
92 97 30
92 97 5
92 97 85
92 97 5
92 97 46
92 97 34
92 97 33
92 97 71
92 97 25
92 97 80
92 97 2
92 97 1
92 97 50
92 97 56
92 97 94
92 97 50
92 97 51
92 97 49
93 98 46
93 98 27
93 98 24
93 98 36
93 98 54
93 98 48
93 98 44
93 98 38
93 98 92
93 98 34
93 98 13
93 98 46
93 98 34
93 98 64
93 98 14
93 98 88
93 98 69
93 98 20
93 98 80
93 98 24
93 98 5
93 98 22
93 98 4
93 98 81
93 98 30
93 98 85
93 98 11
93 98 15
93 98 19
93 98 84
93 98 16
93 98 54
93 98 56
93 98 15
93 98 28
93 98 60
93 98 99
93 98 61
93 98 25
93 98 61
93 98 23
93 98 17
93 98 87
93 98 65
93 98 37
93 98 53
93 98 33
93 98 62
93 98 3
93 98 38
93 98 75
93 98 26
93 98 69
93 98 28
93 98 58
93 98 24
93 98 33
93 98 86
93 98 7
93 98 94
93 98 1
93 98 29
93 98 76
93 98 32
93 98 99
93 98 22
93 98 82
93 98 40
93 98 3
93 98 74
93 98 27
93 98 20
93 98 59
94 99 18
94 99 1
94 99 40
94 99 7
94 99 52
94 99 41
94 99 62
94 99 99
94 99 100
94 99 75
94 99 23
94 99 18
94 99 62
94 99 38
94 99 2
94 99 69
94 99 76
94 99 83
94 99 18
94 99 30
94 99 64
94 99 86
94 99 91
94 99 15
94 99 61
94 99 21
94 99 90
94 99 22
94 99 23
94 99 12
94 99 5
94 99 70
94 99 45
94 99 2
94 99 95
94 99 13
94 99 27
94 99 22
94 99 30
94 99 77
94 99 96
94 99 91
94 99 30
94 99 57
94 99 43
94 99 90
94 99 2
94 99 97
94 99 56
94 99 95
94 99 79
94 99 81
94 99 26
94 99 83
94 99 14
94 99 7
94 99 89
94 99 4
95 100 12
95 100 67
95 100 92
95 100 15
95 100 8
95 100 27
95 100 58
95 100 1
95 100 75
95 100 76
95 100 72
95 100 95
95 100 100
95 100 100
95 100 26
95 100 46
95 100 50
95 100 41
95 100 81
95 100 63
95 100 85
95 100 41
95 100 47
95 100 29
95 100 86
95 100 38
95 100 37
95 100 60
95 100 67
95 100 5
95 100 43
95 100 93
95 100 88
95 100 72
95 100 33
95 100 64
95 100 91
95 100 85
95 100 81
95 100 97
95 100 99
95 100 19
95 100 7
95 100 57
95 100 69
95 100 85
95 100 62
95 100 85
95 100 81
95 100 62
95 100 48
95 100 32
96 101 41
96 101 40
96 101 59
96 101 20
96 101 56
96 101 74
96 101 86
96 101 81
96 101 26
96 101 90
96 101 83
96 101 35
96 101 34
96 101 54
96 101 50
96 101 12
96 101 5
96 101 41
96 101 18
96 101 19
96 101 25
96 101 88
96 101 26
96 101 72
96 101 95
96 101 22
96 101 28
96 101 35
96 101 83
96 101 88
96 101 8
96 101 35
96 101 44
96 101 14
96 101 19
96 101 32
96 101 55
96 101 15
96 101 85
96 101 3
96 101 38
96 101 36
96 101 65
96 101 15
96 101 23
96 101 31
96 101 30
96 101 83
96 101 37
96 101 3
96 101 17
96 101 31
96 101 2
96 101 28
97 102 3
97 102 36
97 102 13
97 102 7
97 102 87
97 102 40
97 102 50
97 102 9
97 102 65
97 102 49
97 102 66
97 102 37
97 102 70
97 102 14
97 102 20
97 102 8
97 102 39
97 102 100
97 102 96
97 102 64
97 102 40
97 102 71
97 102 19
97 102 92
97 102 65
97 102 9
97 102 4
97 102 75
97 102 95
97 102 80
97 102 78
97 102 95
97 102 85
97 102 87
97 102 26
97 102 31
97 102 37
97 102 5
97 102 69
97 102 14
97 102 84
97 102 14
97 102 9
97 102 21
97 102 96
97 102 74
97 102 82
97 102 1
97 102 73
97 102 71
97 102 49
97 102 38
97 102 21
97 102 16
97 102 48
97 102 96
97 102 12
98 103 83
98 103 75
98 103 74
98 103 85
98 103 88
98 103 4
98 103 62
98 103 73
98 103 70
98 103 66
98 103 33
98 103 16
98 103 82
98 103 12
98 103 16
98 103 71
98 103 45
98 103 26
98 103 59
98 103 73
98 103 62
98 103 21
98 103 79
98 103 18
98 103 65
98 103 94
98 103 19
98 103 32
98 103 38
98 103 92
98 103 8
98 103 68
98 103 76
98 103 55
98 103 29
98 103 74
98 103 7
98 103 97
98 103 37
98 103 53
98 103 27
98 103 15
98 103 98
98 103 59
98 103 87
98 103 31
98 103 29
98 103 41
98 103 26
98 103 33
98 103 32
98 103 31
98 103 51
98 103 9
98 103 59
99 104 82
99 104 94
99 104 59
99 104 10
99 104 25
99 104 16
99 104 49
99 104 43
99 104 45
99 104 52
99 104 1
99 104 30
99 104 95
99 104 65
99 104 63
99 104 45
99 104 50
99 104 23
99 104 41
99 104 3
99 104 70
99 104 46
99 104 66
99 104 6
99 104 76
99 104 26
99 104 43
99 104 15
99 104 54
99 104 15
99 104 29
99 104 92
99 104 43
99 104 83
99 104 72
99 104 71
99 104 71
99 104 46
99 104 12
99 104 23
99 104 8
99 104 98
99 104 16
99 104 2
99 104 100
99 104 45
99 104 80
99 104 38
99 104 59
99 104 45
100 105 27
100 105 53
100 105 100
100 105 89
100 105 66
100 105 53
100 105 43
100 105 92
100 105 70
100 105 98
100 105 47
100 105 80
100 105 62
100 105 91
100 105 19
100 105 94
100 105 83
100 105 49
100 105 79
100 105 53
100 105 99
100 105 30
100 105 59
100 105 47
100 105 74
100 105 45
100 105 2
100 105 76
100 105 53
100 105 23
100 105 69
100 105 28
100 105 57
100 105 54
100 105 65
100 105 97
100 105 76
100 105 33
100 105 82
100 105 38
100 105 41
100 105 29
100 105 43
100 105 84
100 105 95
100 105 49
100 105 57
100 105 69
100 105 39
100 105 27
